0 0 2
0.0612245 0 2.40004
0.122449 0 2.71028
0.183673 0 2.56568
0.244898 0 2.38967
0.306122 0 2.13979
0.367347 0 1.84439
0.428571 0 1.57596
0.489796 0 1.37331
0.55102 0 1.23485
0.612245 0 1.14467
0.673469 0 1.08753
0.734694 0 1.05213
0.795918 0 1.03066
0.857143 0 1.01783
0.918367 0 1.00957
0.979592 0 1
1.04082 0 0
1.10204 0 0
1.16327 0 0
1.22449 0 0
1.28571 0 0
1.34694 0 0
1.40816 0 0
1.46939 0 0
1.53061 0 0
1.59184 0 0
1.65306 0 0
1.71429 0 0
1.77551 0 0
1.83673 0 0
1.89796 0 0
1.95918 0 0
2.02041 0 1
2.08163 0 1
2.14286 0 1
2.20408 0 1
2.26531 0 1
2.32653 0 1
2.38776 0 1
2.44898 0 1
2.5102 0 1
2.57143 0 1
2.63265 0 1
2.69388 0 1
2.7551 0 1
2.81633 0 1
2.87755 0 1
2.93878 0 1
3 0 1

0 0.0612245 2
0.0612245 0.0612245 3.24882
0.122449 0.0612245 3.29391
0.183673 0.0612245 2.99038
0.244898 0.0612245 2.73782
0.306122 0.0612245 2.47568
0.367347 0.0612245 2.17534
0.428571 0.0612245 1.86113
0.489796 0.0612245 1.58486
0.55102 0.0612245 1.37683
0.612245 0.0612245 1.23522
0.673469 0.0612245 1.14401
0.734694 0.0612245 1.08704
0.795918 0.0612245 1.05232
0.857143 0.0612245 1.03185
0.918367 0.0612245 1.02051
0.979592 0.0612245 1.01497
1.04082 0.0612245 0
1.10204 0.0612245 0
1.16327 0.0612245 0
1.22449 0.0612245 0
1.28571 0.0612245 0
1.34694 0.0612245 0
1.40816 0.0612245 0
1.46939 0.0612245 0
1.53061 0.0612245 0
1.59184 0.0612245 0
1.65306 0.0612245 0
1.71429 0.0612245 0
1.77551 0.0612245 0
1.83673 0.0612245 0
1.89796 0.0612245 0
1.95918 0.0612245 0
2.02041 0.0612245 1
2.08163 0.0612245 1
2.14286 0.0612245 1
2.20408 0.0612245 1
2.26531 0.0612245 1
2.32653 0.0612245 1
2.38776 0.0612245 1
2.44898 0.0612245 1
2.5102 0.0612245 1
2.57143 0.0612245 1
2.63265 0.0612245 1
2.69388 0.0612245 1
2.7551 0.0612245 1
2.81633 0.0612245 1
2.87755 0.0612245 1
2.93878 0.0612245 1
3 0.0612245 1

0 0.122449 2
0.0612245 0.122449 2.47958
0.122449 0.122449 2.60421
0.183673 0.122449 2.50095
0.244898 0.122449 2.40665
0.306122 0.122449 2.34291
0.367347 0.122449 2.23684
0.428571 0.122449 2.0312
0.489796 0.122449 1.76178
0.55102 0.122449 1.51066
0.612245 0.122449 1.32278
0.673469 0.122449 1.198
0.734694 0.122449 1.11977
0.795918 0.122449 1.07234
0.857143 0.122449 1.04476
0.918367 0.122449 1.03018
0.979592 0.122449 1.02585
1.04082 0.122449 0
1.10204 0.122449 0
1.16327 0.122449 0
1.22449 0.122449 0
1.28571 0.122449 0
1.34694 0.122449 0
1.40816 0.122449 0
1.46939 0.122449 0
1.53061 0.122449 0
1.59184 0.122449 0
1.65306 0.122449 0
1.71429 0.122449 0
1.77551 0.122449 0
1.83673 0.122449 0
1.89796 0.122449 0
1.95918 0.122449 0
2.02041 0.122449 1
2.08163 0.122449 1
2.14286 0.122449 1
2.20408 0.122449 1
2.26531 0.122449 1
2.32653 0.122449 1
2.38776 0.122449 1
2.44898 0.122449 1
2.5102 0.122449 1
2.57143 0.122449 1
2.63265 0.122449 1
2.69388 0.122449 1
2.7551 0.122449 1
2.81633 0.122449 1
2.87755 0.122449 1
2.93878 0.122449 1
3 0.122449 1

0 0.183673 2
0.0612245 0.183673 2.33324
0.122449 0.183673 2.54564
0.183673 0.183673 2.5573
0.244898 0.183673 2.49332
0.306122 0.183673 2.42448
0.367347 0.183673 2.33266
0.428571 0.183673 2.15895
0.489796 0.183673 1.89846
0.55102 0.183673 1.62301
0.612245 0.183673 1.40004
0.673469 0.183673 1.24652
0.734694 0.183673 1.14926
0.795918 0.183673 1.09033
0.857143 0.183673 1.05632
0.918367 0.183673 1.03873
0.979592 0.183673 1.03448
1.04082 0.183673 0
1.10204 0.183673 0
1.16327 0.183673 0
1.22449 0.183673 0
1.28571 0.183673 0
1.34694 0.183673 0
1.40816 0.183673 0
1.46939 0.183673 0
1.53061 0.183673 0
1.59184 0.183673 0
1.65306 0.183673 0
1.71429 0.183673 0
1.77551 0.183673 0
1.83673 0.183673 0
1.89796 0.183673 0
1.95918 0.183673 0
2.02041 0.183673 1
2.08163 0.183673 1
2.14286 0.183673 1
2.20408 0.183673 1
2.26531 0.183673 1
2.32653 0.183673 1
2.38776 0.183673 1
2.44898 0.183673 1
2.5102 0.183673 1
2.57143 0.183673 1
2.63265 0.183673 1
2.69388 0.183673 1
2.7551 0.183673 1
2.81633 0.183673 1
2.87755 0.183673 1
2.93878 0.183673 1
3 0.183673 1

0 0.244898 2
0.0612245 0.244898 2.2068
0.122449 0.244898 2.36548
0.183673 0.244898 2.40588
0.244898 0.244898 2.39055
0.306122 0.244898 2.37459
0.367347 0.244898 2.33986
0.428571 0.244898 2.21933
0.489796 0.244898 1.98684
0.55102 0.244898 1.70635
0.612245 0.244898 1.46154
0.673469 0.244898 1.28645
0.734694 0.244898 1.17385
0.795918 0.244898 1.10541
0.857143 0.244898 1.06598
0.918367 0.244898 1.04577
0.979592 0.244898 1.04122
1.04082 0.244898 0
1.10204 0.244898 0
1.16327 0.244898 0
1.22449 0.244898 0
1.28571 0.244898 0
1.34694 0.244898 0
1.40816 0.244898 0
1.46939 0.244898 0
1.53061 0.244898 0
1.59184 0.244898 0
1.65306 0.244898 0
1.71429 0.244898 0
1.77551 0.244898 0
1.83673 0.244898 0
1.89796 0.244898 0
1.95918 0.244898 0
2.02041 0.244898 1
2.08163 0.244898 1
2.14286 0.244898 1
2.20408 0.244898 1
2.26531 0.244898 1
2.32653 0.244898 1
2.38776 0.244898 1
2.44898 0.244898 1
2.5102 0.244898 1
2.57143 0.244898 1
2.63265 0.244898 1
2.69388 0.244898 1
2.7551 0.244898 1
2.81633 0.244898 1
2.87755 0.244898 1
2.93878 0.244898 1
3 0.244898 1

0 0.306122 2
0.0612245 0.306122 2.1521
0.122449 0.306122 2.28797
0.183673 0.306122 2.3497
0.244898 0.306122 2.36463
0.306122 0.306122 2.3738
0.367347 0.306122 2.36328
0.428571 0.306122 2.26786
0.489796 0.306122 2.05081
0.55102 0.306122 1.7674
0.612245 0.306122 1.50787
0.673469 0.306122 1.31716
0.734694 0.306122 1.19301
0.795918 0.306122 1.11724
0.857143 0.306122 1.07357
0.918367 0.306122 1.05124
0.979592 0.306122 1.04626
1.04082 0.306122 0
1.10204 0.306122 0
1.16327 0.306122 0
1.22449 0.306122 0
1.28571 0.306122 0
1.34694 0.306122 0
1.40816 0.306122 0
1.46939 0.306122 0
1.53061 0.306122 0
1.59184 0.306122 0
1.65306 0.306122 0
1.71429 0.306122 0
1.77551 0.306122 0
1.83673 0.306122 0
1.89796 0.306122 0
1.95918 0.306122 0
2.02041 0.306122 1
2.08163 0.306122 1
2.14286 0.306122 1
2.20408 0.306122 1
2.26531 0.306122 1
2.32653 0.306122 1
2.38776 0.306122 1
2.44898 0.306122 1
2.5102 0.306122 1
2.57143 0.306122 1
2.63265 0.306122 1
2.69388 0.306122 1
2.7551 0.306122 1
2.81633 0.306122 1
2.87755 0.306122 1
2.93878 0.306122 1
3 0.306122 1

0 0.367347 2
0.0612245 0.367347 2.12516
0.122449 0.367347 2.24058
0.183673 0.367347 2.30397
0.244898 0.367347 2.33319
0.306122 0.367347 2.36012
0.367347 0.367347 2.36929
0.428571 0.367347 2.29423
0.489796 0.367347 2.0908
0.55102 0.367347 1.80803
0.612245 0.367347 1.53989
0.673469 0.367347 1.33892
0.734694 0.367347 1.20679
0.795918 0.367347 1.12583
0.857143 0.367347 1.07911
0.918367 0.367347 1.0552
0.979592 0.367347 1.04979
1.04082 0.367347 0
1.10204 0.367347 0
1.16327 0.367347 0
1.22449 0.367347 0
1.28571 0.367347 0
1.34694 0.367347 0
1.40816 0.367347 0
1.46939 0.367347 0
1.53061 0.367347 0
1.59184 0.367347 0
1.65306 0.367347 0
1.71429 0.367347 0
1.77551 0.367347 0
1.83673 0.367347 0
1.89796 0.367347 0
1.95918 0.367347 0
2.02041 0.367347 1
2.08163 0.367347 1
2.14286 0.367347 1
2.20408 0.367347 1
2.26531 0.367347 1
2.32653 0.367347 1
2.38776 0.367347 1
2.44898 0.367347 1
2.5102 0.367347 1
2.57143 0.367347 1
2.63265 0.367347 1
2.69388 0.367347 1
2.7551 0.367347 1
2.81633 0.367347 1
2.87755 0.367347 1
2.93878 0.367347 1
3 0.367347 1

0 0.428571 2
0.0612245 0.428571 2.11223
0.122449 0.428571 2.21623
0.183673 0.428571 2.27851
0.244898 0.428571 2.31445
0.306122 0.428571 2.35113
0.367347 0.428571 2.37157
0.428571 0.428571 2.30846
0.489796 0.428571 2.11367
0.55102 0.428571 1.83219
0.612245 0.428571 1.55953
0.673469 0.428571 1.35258
0.734694 0.428571 1.21561
0.795918 0.428571 1.1314
0.857143 0.428571 1.08272
0.918367 0.428571 1.05779
0.979592 0.428571 1.05203
1.04082 0.428571 0
1.10204 0.428571 0
1.16327 0.428571 0
1.22449 0.428571 0
1.28571 0.428571 0
1.34694 0.428571 0
1.40816 0.428571 0
1.46939 0.428571 0
1.53061 0.428571 0
1.59184 0.428571 0
1.65306 0.428571 0
1.71429 0.428571 0
1.77551 0.428571 0
1.83673 0.428571 0
1.89796 0.428571 0
1.95918 0.428571 0
2.02041 0.428571 1
2.08163 0.428571 1
2.14286 0.428571 1
2.20408 0.428571 1
2.26531 0.428571 1
2.32653 0.428571 1
2.38776 0.428571 1
2.44898 0.428571 1
2.5102 0.428571 1
2.57143 0.428571 1
2.63265 0.428571 1
2.69388 0.428571 1
2.7551 0.428571 1
2.81633 0.428571 1
2.87755 0.428571 1
2.93878 0.428571 1
3 0.428571 1

0 0.489796 2
0.0612245 0.489796 2.10566
0.122449 0.489796 2.20274
0.183673 0.489796 2.26225
0.244898 0.489796 2.29985
0.306122 0.489796 2.34083
0.367347 0.489796 2.36715
0.428571 0.489796 2.3108
0.489796 0.489796 2.12155
0.55102 0.489796 1.84212
0.612245 0.489796 1.5683
0.673469 0.489796 1.35902
0.734694 0.489796 1.21992
0.795918 0.489796 1.13421
0.857143 0.489796 1.08459
0.918367 0.489796 1.05914
0.979592 0.489796 1.05317
1.04082 0.489796 0
1.10204 0.489796 0
1.16327 0.489796 0
1.22449 0.489796 0
1.28571 0.489796 0
1.34694 0.489796 0
1.40816 0.489796 0
1.46939 0.489796 0
1.53061 0.489796 0
1.59184 0.489796 0
1.65306 0.489796 0
1.71429 0.489796 0
1.77551 0.489796 0
1.83673 0.489796 0
1.89796 0.489796 0
1.95918 0.489796 0
2.02041 0.489796 1
2.08163 0.489796 1
2.14286 0.489796 1
2.20408 0.489796 1
2.26531 0.489796 1
2.32653 0.489796 1
2.38776 0.489796 1
2.44898 0.489796 1
2.5102 0.489796 1
2.57143 0.489796 1
2.63265 0.489796 1
2.69388 0.489796 1
2.7551 0.489796 1
2.81633 0.489796 1
2.87755 0.489796 1
2.93878 0.489796 1
3 0.489796 1

0 0.55102 2
0.0612245 0.55102 2.10166
0.122449 0.55102 2.19391
0.183673 0.55102 2.24969
0.244898 0.55102 2.28573
0.306122 0.55102 2.32704
0.367347 0.55102 2.35506
0.428571 0.55102 2.30145
0.489796 0.55102 2.1155
0.55102 0.55102 1.83902
0.612245 0.55102 1.56715
0.673469 0.55102 1.35883
0.734694 0.55102 1.2201
0.795918 0.55102 1.13447
0.857143 0.55102 1.08484
0.918367 0.55102 1.05936
0.979592 0.55102 1.05334
1.04082 0.55102 0
1.10204 0.55102 0
1.16327 0.55102 0
1.22449 0.55102 0
1.28571 0.55102 0
1.34694 0.55102 0
1.40816 0.55102 0
1.46939 0.55102 0
1.53061 0.55102 0
1.59184 0.55102 0
1.65306 0.55102 0
1.71429 0.55102 0
1.77551 0.55102 0
1.83673 0.55102 0
1.89796 0.55102 0
1.95918 0.55102 0
2.02041 0.55102 1
2.08163 0.55102 1
2.14286 0.55102 1
2.20408 0.55102 1
2.26531 0.55102 1
2.32653 0.55102 1
2.38776 0.55102 1
2.44898 0.55102 1
2.5102 0.55102 1
2.57143 0.55102 1
2.63265 0.55102 1
2.69388 0.55102 1
2.7551 0.55102 1
2.81633 0.55102 1
2.87755 0.55102 1
2.93878 0.55102 1
3 0.55102 1

0 0.612245 2
0.0612245 0.612245 2.09831
0.122449 0.612245 2.18589
0.183673 0.612245 2.23639
0.244898 0.612245 2.26817
0.306122 0.612245 2.3068
0.367347 0.612245 2.33329
0.428571 0.612245 2.27927
0.489796 0.612245 2.0951
0.55102 0.612245 1.82295
0.612245 0.612245 1.55628
0.673469 0.612245 1.35222
0.734694 0.612245 1.21629
0.795918 0.612245 1.1323
0.857143 0.612245 1.08356
0.918367 0.612245 1.05852
0.979592 0.612245 1.05261
1.04082 0.612245 0
1.10204 0.612245 0
1.16327 0.612245 0
1.22449 0.612245 0
1.28571 0.612245 0
1.34694 0.612245 0
1.40816 0.612245 0
1.46939 0.612245 0
1.53061 0.612245 0
1.59184 0.612245 0
1.65306 0.612245 0
1.71429 0.612245 0
1.77551 0.612245 0
1.83673 0.612245 0
1.89796 0.612245 0
1.95918 0.612245 0
2.02041 0.612245 1
2.08163 0.612245 1
2.14286 0.612245 1
2.20408 0.612245 1
2.26531 0.612245 1
2.32653 0.612245 1
2.38776 0.612245 1
2.44898 0.612245 1
2.5102 0.612245 1
2.57143 0.612245 1
2.63265 0.612245 1
2.69388 0.612245 1
2.7551 0.612245 1
2.81633 0.612245 1
2.87755 0.612245 1
2.93878 0.612245 1
3 0.612245 1

0 0.673469 2
0.0612245 0.673469 2.09484
0.122449 0.673469 2.17577
0.183673 0.673469 2.21716
0.244898 0.673469 2.24114
0.306122 0.673469 2.27473
0.367347 0.673469 2.29781
0.428571 0.673469 2.24155
0.489796 0.673469 2.05869
0.55102 0.673469 1.79303
0.612245 0.673469 1.53533
0.673469 0.673469 1.33908
0.734694 0.673469 1.20848
0.795918 0.673469 1.12771
0.857143 0.673469 1.08078
0.918367 0.673469 1.05664
0.979592 0.673469 1.05097
1.04082 0.673469 0
1.10204 0.673469 0
1.16327 0.673469 0
1.22449 0.673469 0
1.28571 0.673469 0
1.34694 0.673469 0
1.40816 0.673469 0
1.46939 0.673469 0
1.53061 0.673469 0
1.59184 0.673469 0
1.65306 0.673469 0
1.71429 0.673469 0
1.77551 0.673469 0
1.83673 0.673469 0
1.89796 0.673469 0
1.95918 0.673469 0
2.02041 0.673469 1
2.08163 0.673469 1
2.14286 0.673469 1
2.20408 0.673469 1
2.26531 0.673469 1
2.32653 0.673469 1
2.38776 0.673469 1
2.44898 0.673469 1
2.5102 0.673469 1
2.57143 0.673469 1
2.63265 0.673469 1
2.69388 0.673469 1
2.7551 0.673469 1
2.81633 0.673469 1
2.87755 0.673469 1
2.93878 0.673469 1
3 0.673469 1

0 0.734694 2
0.0612245 0.734694 2.0912
0.122449 0.734694 2.16453
0.183673 0.734694 2.19717
0.244898 0.734694 2.21374
0.306122 0.734694 2.24022
0.367347 0.734694 2.25486
0.428571 0.734694 2.19048
0.489796 0.734694 2.00605
0.55102 0.734694 1.74856
0.612245 0.734694 1.50386
0.673469 0.734694 1.31923
0.734694 0.734694 1.19664
0.795918 0.734694 1.12071
0.857143 0.734694 1.0765
0.918367 0.734694 1.05372
0.979592 0.734694 1.04842
1.04082 0.734694 0
1.10204 0.734694 0
1.16327 0.734694 0
1.22449 0.734694 0
1.28571 0.734694 0
1.34694 0.734694 0
1.40816 0.734694 0
1.46939 0.734694 0
1.53061 0.734694 0
1.59184 0.734694 0
1.65306 0.734694 0
1.71429 0.734694 0
1.77551 0.734694 0
1.83673 0.734694 0
1.89796 0.734694 0
1.95918 0.734694 0
2.02041 0.734694 1
2.08163 0.734694 1
2.14286 0.734694 1
2.20408 0.734694 1
2.26531 0.734694 1
2.32653 0.734694 1
2.38776 0.734694 1
2.44898 0.734694 1
2.5102 0.734694 1
2.57143 0.734694 1
2.63265 0.734694 1
2.69388 0.734694 1
2.7551 0.734694 1
2.81633 0.734694 1
2.87755 0.734694 1
2.93878 0.734694 1
3 0.734694 1

0 0.795918 2
0.0612245 0.795918 2.08793
0.122449 0.795918 2.12987
0.183673 0.795918 2.12215
0.244898 0.795918 2.11661
0.306122 0.795918 2.14198
0.367347 0.795918 2.1635
0.428571 0.795918 2.10483
0.489796 0.795918 1.92857
0.55102 0.795918 1.68683
0.612245 0.795918 1.46127
0.673469 0.795918 1.29265
0.734694 0.795918 1.18082
0.795918 0.795918 1.11137
0.857143 0.795918 1.07077
0.918367 0.795918 1.0498
0.979592 0.795918 1.04493
1.04082 0.795918 0
1.10204 0.795918 0
1.16327 0.795918 0
1.22449 0.795918 0
1.28571 0.795918 0
1.34694 0.795918 0
1.40816 0.795918 0
1.46939 0.795918 0
1.53061 0.795918 0
1.59184 0.795918 0
1.65306 0.795918 0
1.71429 0.795918 0
1.77551 0.795918 0
1.83673 0.795918 0
1.89796 0.795918 0
1.95918 0.795918 0
2.02041 0.795918 1
2.08163 0.795918 1
2.14286 0.795918 1
2.20408 0.795918 1
2.26531 0.795918 1
2.32653 0.795918 1
2.38776 0.795918 1
2.44898 0.795918 1
2.5102 0.795918 1
2.57143 0.795918 1
2.63265 0.795918 1
2.69388 0.795918 1
2.7551 0.795918 1
2.81633 0.795918 1
2.87755 0.795918 1
2.93878 0.795918 1
3 0.795918 1

0 0.857143 2
0.0612245 0.857143 2.11109
0.122449 0.857143 2.1882
0.183673 0.857143 2.21539
0.244898 0.857143 2.20981
0.306122 0.857143 2.19518
0.367347 0.857143 2.15742
0.428571 0.857143 2.0468
0.489796 0.857143 1.84815
0.55102 0.857143 1.61443
0.612245 0.857143 1.40973
0.673469 0.857143 1.26026
0.734694 0.857143 1.1615
0.795918 0.857143 1.09992
0.857143 0.857143 1.06372
0.918367 0.857143 1.04495
0.979592 0.857143 1.04063
1.04082 0.857143 0
1.10204 0.857143 0
1.16327 0.857143 0
1.22449 0.857143 0
1.28571 0.857143 0
1.34694 0.857143 0
1.40816 0.857143 0
1.46939 0.857143 0
1.53061 0.857143 0
1.59184 0.857143 0
1.65306 0.857143 0
1.71429 0.857143 0
1.77551 0.857143 0
1.83673 0.857143 0
1.89796 0.857143 0
1.95918 0.857143 0
2.02041 0.857143 1
2.08163 0.857143 1
2.14286 0.857143 1
2.20408 0.857143 1
2.26531 0.857143 1
2.32653 0.857143 1
2.38776 0.857143 1
2.44898 0.857143 1
2.5102 0.857143 1
2.57143 0.857143 1
2.63265 0.857143 1
2.69388 0.857143 1
2.7551 0.857143 1
2.81633 0.857143 1
2.87755 0.857143 1
2.93878 0.857143 1
3 0.857143 1

0 0.918367 2
0.0612245 0.918367 1.95057
0.122449 0.918367 1.75187
0.183673 0.918367 1.64798
0.244898 0.918367 1.68196
0.306122 0.918367 1.79267
0.367347 0.918367 1.87847
0.428571 0.918367 1.85183
0.489796 0.918367 1.70795
0.55102 0.918367 1.51762
0.612245 0.918367 1.34776
0.673469 0.918367 1.22279
0.734694 0.918367 1.13941
0.795918 0.918367 1.08682
0.857143 0.918367 1.05559
0.918367 0.918367 1.03925
0.979592 0.918367 1.03591
1.04082 0.918367 0
1.10204 0.918367 0
1.16327 0.918367 0
1.22449 0.918367 0
1.28571 0.918367 0
1.34694 0.918367 0
1.40816 0.918367 0
1.46939 0.918367 0
1.53061 0.918367 0
1.59184 0.918367 0
1.65306 0.918367 0
1.71429 0.918367 0
1.77551 0.918367 0
1.83673 0.918367 0
1.89796 0.918367 0
1.95918 0.918367 0
2.02041 0.918367 1
2.08163 0.918367 1
2.14286 0.918367 1
2.20408 0.918367 1
2.26531 0.918367 1
2.32653 0.918367 1
2.38776 0.918367 1
2.44898 0.918367 1
2.5102 0.918367 1
2.57143 0.918367 1
2.63265 0.918367 1
2.69388 0.918367 1
2.7551 0.918367 1
2.81633 0.918367 1
2.87755 0.918367 1
2.93878 0.918367 1
3 0.918367 1

0 0.979592 2
0.0612245 0.979592 2.95469
0.122449 0.979592 2.86736
0.183673 0.979592 2.53167
0.244898 0.979592 2.29463
0.306122 0.979592 2.13902
0.367347 0.979592 1.9943
0.428571 0.979592 1.81605
0.489796 0.979592 1.61556
0.55102 0.979592 1.43099
0.612245 0.979592 1.28644
0.673469 0.979592 1.18424
0.734694 0.979592 1.11621
0.795918 0.979592 1.07286
0.857143 0.979592 1.04678
0.918367 0.979592 1.03328
0.979592 0.979592 1.03257
1.04082 0.979592 0
1.10204 0.979592 0
1.16327 0.979592 0
1.22449 0.979592 0
1.28571 0.979592 0
1.34694 0.979592 0
1.40816 0.979592 0
1.46939 0.979592 0
1.53061 0.979592 0
1.59184 0.979592 0
1.65306 0.979592 0
1.71429 0.979592 0
1.77551 0.979592 0
1.83673 0.979592 0
1.89796 0.979592 0
1.95918 0.979592 0
2.02041 0.979592 1
2.08163 0.979592 1
2.14286 0.979592 1
2.20408 0.979592 1
2.26531 0.979592 1
2.32653 0.979592 1
2.38776 0.979592 1
2.44898 0.979592 1
2.5102 0.979592 1
2.57143 0.979592 1
2.63265 0.979592 1
2.69388 0.979592 1
2.7551 0.979592 1
2.81633 0.979592 1
2.87755 0.979592 1
2.93878 0.979592 1
3 0.979592 1

0 1.04082 0.0777185
0.0612245 1.04082 0.493139
0.122449 1.04082 0.960895
0.183673 1.04082 1.28069
0.244898 1.04082 1.48964
0.306122 1.04082 1.61089
0.367347 1.04082 1.63462
0.428571 1.04082 1.56716
0.489796 1.04082 1.44844
0.55102 1.04082 1.3244
0.612245 1.04082 1.22124
0.673469 1.04082 1.14524
0.734694 1.04082 1.09297
0.795918 1.04082 1.0586
0.857143 1.04082 1.03677
0.918367 1.04082 1.02308
0.979592 1.04082 1.01219
1.04082 1.04082 0.99846
1.10204 1.04082 0.999993
1.16327 1.04082 1.00012
1.22449 1.04082 1.00008
1.28571 1.04082 1.00004
1.34694 1.04082 1.00002
1.40816 1.04082 1.00001
1.46939 1.04082 1
1.53061 1.04082 1
1.59184 1.04082 1
1.65306 1.04082 1
1.71429 1.04082 1
1.77551 1.04082 1
1.83673 1.04082 1
1.89796 1.04082 1
1.95918 1.04082 1
2.02041 1.04082 1
2.08163 1.04082 1
2.14286 1.04082 1
2.20408 1.04082 1
2.26531 1.04082 1
2.32653 1.04082 1
2.38776 1.04082 1
2.44898 1.04082 1
2.5102 1.04082 1
2.57143 1.04082 1
2.63265 1.04082 1
2.69388 1.04082 1
2.7551 1.04082 1
2.81633 1.04082 1
2.87755 1.04082 1
2.93878 1.04082 1
3 1.04082 1

0 1.10204 0.722358
0.0612245 1.10204 0.912917
0.122449 1.10204 1.14591
0.183673 1.10204 1.31875
0.244898 1.10204 1.43632
0.306122 1.10204 1.49339
0.367347 1.10204 1.48316
0.428571 1.10204 1.41847
0.489796 1.10204 1.32842
0.55102 1.10204 1.23966
0.612245 1.10204 1.16608
0.673469 1.10204 1.11089
0.734694 1.10204 1.07199
0.795918 1.10204 1.04575
0.857143 1.10204 1.02863
0.918367 1.10204 1.01761
0.979592 1.10204 1.00997
1.04082 1.10204 1.0042
1.10204 1.10204 1.00172
1.16327 1.10204 1.00073
1.22449 1.10204 1.00032
1.28571 1.10204 1.00014
1.34694 1.10204 1.00006
1.40816 1.10204 1.00003
1.46939 1.10204 1.00001
1.53061 1.10204 1.00001
1.59184 1.10204 1
1.65306 1.10204 1
1.71429 1.10204 1
1.77551 1.10204 1
1.83673 1.10204 1
1.89796 1.10204 1
1.95918 1.10204 1
2.02041 1.10204 1
2.08163 1.10204 1
2.14286 1.10204 1
2.20408 1.10204 1
2.26531 1.10204 1
2.32653 1.10204 1
2.38776 1.10204 1
2.44898 1.10204 1
2.5102 1.10204 1
2.57143 1.10204 1
2.63265 1.10204 1
2.69388 1.10204 1
2.7551 1.10204 1
2.81633 1.10204 1
2.87755 1.10204 1
2.93878 1.10204 1
3 1.10204 1

0 1.16327 0.945722
0.0612245 1.16327 1.00497
0.122449 1.16327 1.13701
0.183673 1.16327 1.24528
0.244898 1.16327 1.32021
0.306122 1.16327 1.35181
0.367347 1.16327 1.33845
0.428571 1.16327 1.29197
0.489796 1.16327 1.23108
0.55102 1.16327 1.17131
0.612245 1.16327 1.12089
0.673469 1.16327 1.08211
0.734694 1.16327 1.05407
0.795918 1.16327 1.0347
0.857143 1.16327 1.02177
0.918367 1.16327 1.0133
0.979592 1.16327 1.00765
1.04082 1.16327 1.00375
1.10204 1.16327 1.00182
1.16327 1.16327 1.00086
1.22449 1.16327 1.00041
1.28571 1.16327 1.00019
1.34694 1.16327 1.00009
1.40816 1.16327 1.00004
1.46939 1.16327 1.00002
1.53061 1.16327 1.00001
1.59184 1.16327 1
1.65306 1.16327 1
1.71429 1.16327 1
1.77551 1.16327 1
1.83673 1.16327 1
1.89796 1.16327 1
1.95918 1.16327 1
2.02041 1.16327 1
2.08163 1.16327 1
2.14286 1.16327 1
2.20408 1.16327 1
2.26531 1.16327 1
2.32653 1.16327 1
2.38776 1.16327 1
2.44898 1.16327 1
2.5102 1.16327 1
2.57143 1.16327 1
2.63265 1.16327 1
2.69388 1.16327 1
2.7551 1.16327 1
2.81633 1.16327 1
2.87755 1.16327 1
2.93878 1.16327 1
3 1.16327 1

0 1.22449 0.999428
0.0612245 1.22449 1.03039
0.122449 1.22449 1.10875
0.183673 1.22449 1.17669
0.244898 1.22449 1.22316
0.306122 1.22449 1.24048
0.367347 1.22449 1.22937
0.428571 1.22449 1.19836
0.489796 1.22449 1.15873
0.55102 1.22449 1.11952
0.612245 1.22449 1.08576
0.673469 1.22449 1.05917
0.734694 1.22449 1.03948
0.795918 1.22449 1.0256
0.857143 1.22449 1.01615
0.918367 1.22449 1.0099
0.979592 1.22449 1.0058
1.04082 1.22449 1.00312
1.10204 1.22449 1.00162
1.16327 1.22449 1.00081
1.22449 1.22449 1.0004
1.28571 1.22449 1.00019
1.34694 1.22449 1.00009
1.40816 1.22449 1.00004
1.46939 1.22449 1.00002
1.53061 1.22449 1.00001
1.59184 1.22449 1
1.65306 1.22449 1
1.71429 1.22449 1
1.77551 1.22449 1
1.83673 1.22449 1
1.89796 1.22449 1
1.95918 1.22449 1
2.02041 1.22449 1
2.08163 1.22449 1
2.14286 1.22449 1
2.20408 1.22449 1
2.26531 1.22449 1
2.32653 1.22449 1
2.38776 1.22449 1
2.44898 1.22449 1
2.5102 1.22449 1
2.57143 1.22449 1
2.63265 1.22449 1
2.69388 1.22449 1
2.7551 1.22449 1
2.81633 1.22449 1
2.87755 1.22449 1
2.93878 1.22449 1
3 1.22449 1

0 1.28571 1.01318
0.0612245 1.28571 1.03518
0.122449 1.28571 1.08167
0.183673 1.28571 1.12279
0.244898 1.28571 1.15044
0.306122 1.28571 1.15977
0.367347 1.28571 1.15186
0.428571 1.28571 1.13204
0.489796 1.28571 1.10687
0.55102 1.28571 1.08162
0.612245 1.28571 1.05944
0.673469 1.28571 1.04158
0.734694 1.28571 1.02809
0.795918 1.28571 1.01839
0.857143 1.28571 1.01169
0.918367 1.28571 1.00721
0.979592 1.28571 1.00428
1.04082 1.28571 1.00241
1.10204 1.28571 1.0013
1.16327 1.28571 1.00068
1.22449 1.28571 1.00035
1.28571 1.28571 1.00017
1.34694 1.28571 1.00008
1.40816 1.28571 1.00004
1.46939 1.28571 1.00002
1.53061 1.28571 1.00001
1.59184 1.28571 1
1.65306 1.28571 1
1.71429 1.28571 1
1.77551 1.28571 1
1.83673 1.28571 1
1.89796 1.28571 1
1.95918 1.28571 1
2.02041 1.28571 1
2.08163 1.28571 1
2.14286 1.28571 1
2.20408 1.28571 1
2.26531 1.28571 1
2.32653 1.28571 1
2.38776 1.28571 1
2.44898 1.28571 1
2.5102 1.28571 1
2.57143 1.28571 1
2.63265 1.28571 1
2.69388 1.28571 1
2.7551 1.28571 1
2.81633 1.28571 1
2.87755 1.28571 1
2.93878 1.28571 1
3 1.28571 1

0 1.34694 1.01463
0.0612245 1.34694 1.0309
0.122449 1.34694 1.05855
0.183673 1.34694 1.08295
0.244898 1.34694 1.09902
0.306122 1.34694 1.10402
0.367347 1.34694 1.09878
0.428571 1.34694 1.0864
0.489796 1.34694 1.07066
0.55102 1.34694 1.05464
0.612245 1.34694 1.0403
0.673469 1.34694 1.02853
0.734694 1.34694 1.01948
0.795918 1.34694 1.01287
0.857143 1.34694 1.00825
0.918367 1.34694 1.00512
0.979592 1.34694 1.00307
1.04082 1.34694 1.00177
1.10204 1.34694 1.00098
1.16327 1.34694 1.00053
1.22449 1.34694 1.00028
1.28571 1.34694 1.00014
1.34694 1.34694 1.00007
1.40816 1.34694 1.00003
1.46939 1.34694 1.00002
1.53061 1.34694 1.00001
1.59184 1.34694 1
1.65306 1.34694 1
1.71429 1.34694 1
1.77551 1.34694 1
1.83673 1.34694 1
1.89796 1.34694 1
1.95918 1.34694 1
2.02041 1.34694 1
2.08163 1.34694 1
2.14286 1.34694 1
2.20408 1.34694 1
2.26531 1.34694 1
2.32653 1.34694 1
2.38776 1.34694 1
2.44898 1.34694 1
2.5102 1.34694 1
2.57143 1.34694 1
2.63265 1.34694 1
2.69388 1.34694 1
2.7551 1.34694 1
2.81633 1.34694 1
2.87755 1.34694 1
2.93878 1.34694 1
3 1.34694 1

0 1.40816 1.01212
0.0612245 1.40816 1.02377
0.122449 1.40816 1.04029
0.183673 1.40816 1.05464
0.244898 1.40816 1.0639
0.306122 1.40816 1.0666
0.367347 1.40816 1.06325
0.428571 1.40816 1.05564
0.489796 1.40816 1.04591
0.55102 1.40816 1.03587
0.612245 1.40816 1.02675
0.673469 1.40816 1.01913
0.734694 1.40816 1.01319
0.795918 1.40816 1.00879
0.857143 1.40816 1.00567
0.918367 1.40816 1.00355
0.979592 1.40816 1.00215
1.04082 1.40816 1.00126
1.10204 1.40816 1.00071
1.16327 1.40816 1.00039
1.22449 1.40816 1.00021
1.28571 1.40816 1.00011
1.34694 1.40816 1.00005
1.40816 1.40816 1.00003
1.46939 1.40816 1.00001
1.53061 1.40816 1.00001
1.59184 1.40816 1
1.65306 1.40816 1
1.71429 1.40816 1
1.77551 1.40816 1
1.83673 1.40816 1
1.89796 1.40816 1
1.95918 1.40816 1
2.02041 1.40816 1
2.08163 1.40816 1
2.14286 1.40816 1
2.20408 1.40816 1
2.26531 1.40816 1
2.32653 1.40816 1
2.38776 1.40816 1
2.44898 1.40816 1
2.5102 1.40816 1
2.57143 1.40816 1
2.63265 1.40816 1
2.69388 1.40816 1
2.7551 1.40816 1
2.81633 1.40816 1
2.87755 1.40816 1
2.93878 1.40816 1
3 1.40816 1

0 1.46939 1.00885
0.0612245 1.46939 1.01687
0.122449 1.46939 1.02676
0.183673 1.46939 1.03517
0.244898 1.46939 1.04049
0.306122 1.46939 1.04196
0.367347 1.46939 1.03987
0.428571 1.46939 1.03525
0.489796 1.46939 1.02931
0.55102 1.46939 1.0231
0.612245 1.46939 1.01738
0.673469 1.46939 1.01255
0.734694 1.46939 1.00872
0.795918 1.46939 1.00585
0.857143 1.46939 1.0038
0.918367 1.46939 1.0024
0.979592 1.46939 1.00146
1.04082 1.46939 1.00086
1.10204 1.46939 1.00049
1.16327 1.46939 1.00027
1.22449 1.46939 1.00015
1.28571 1.46939 1.00008
1.34694 1.46939 1.00004
1.40816 1.46939 1.00002
1.46939 1.46939 1.00001
1.53061 1.46939 1
1.59184 1.46939 1
1.65306 1.46939 1
1.71429 1.46939 1
1.77551 1.46939 1
1.83673 1.46939 1
1.89796 1.46939 1
1.95918 1.46939 1
2.02041 1.46939 1
2.08163 1.46939 1
2.14286 1.46939 1
2.20408 1.46939 1
2.26531 1.46939 1
2.32653 1.46939 1
2.38776 1.46939 1
2.44898 1.46939 1
2.5102 1.46939 1
2.57143 1.46939 1
2.63265 1.46939 1
2.69388 1.46939 1
2.7551 1.46939 1
2.81633 1.46939 1
2.87755 1.46939 1
2.93878 1.46939 1
3 1.46939 1

0 1.53061 1.006
0.0612245 1.53061 1.01132
0.122449 1.53061 1.01723
0.183673 1.53061 1.02215
0.244898 1.53061 1.0252
0.306122 1.53061 1.026
0.367347 1.53061 1.02473
0.428571 1.53061 1.02196
0.489796 1.53061 1.01837
0.55102 1.53061 1.01459
0.612245 1.53061 1.01106
0.673469 1.53061 1.00805
0.734694 1.53061 1.00563
0.795918 1.53061 1.00381
0.857143 1.53061 1.00249
0.918367 1.53061 1.00158
0.979592 1.53061 1.00097
1.04082 1.53061 1.00058
1.10204 1.53061 1.00033
1.16327 1.53061 1.00019
1.22449 1.53061 1.0001
1.28571 1.53061 1.00005
1.34694 1.53061 1.00003
1.40816 1.53061 1.00001
1.46939 1.53061 1.00001
1.53061 1.53061 1
1.59184 1.53061 1
1.65306 1.53061 1
1.71429 1.53061 1
1.77551 1.53061 1
1.83673 1.53061 1
1.89796 1.53061 1
1.95918 1.53061 1
2.02041 1.53061 1
2.08163 1.53061 1
2.14286 1.53061 1
2.20408 1.53061 1
2.26531 1.53061 1
2.32653 1.53061 1
2.38776 1.53061 1
2.44898 1.53061 1
2.5102 1.53061 1
2.57143 1.53061 1
2.63265 1.53061 1
2.69388 1.53061 1
2.7551 1.53061 1
2.81633 1.53061 1
2.87755 1.53061 1
2.93878 1.53061 1
3 1.53061 1

0 1.59184 1.00385
0.0612245 1.59184 1.00727
0.122449 1.59184 1.01079
0.183673 1.59184 1.01366
0.244898 1.59184 1.01541
0.306122 1.59184 1.01585
0.367347 1.59184 1.01509
0.428571 1.59184 1.01344
0.489796 1.59184 1.01131
0.55102 1.59184 1.00903
0.612245 1.59184 1.00689
0.673469 1.59184 1.00505
0.734694 1.59184 1.00356
0.795918 1.59184 1.00242
0.857143 1.59184 1.00159
0.918367 1.59184 1.00101
0.979592 1.59184 1.00063
1.04082 1.59184 1.00037
1.10204 1.59184 1.00022
1.16327 1.59184 1.00012
1.22449 1.59184 1.00007
1.28571 1.59184 1.00004
1.34694 1.59184 1.00002
1.40816 1.59184 1.00001
1.46939 1.59184 1
1.53061 1.59184 1
1.59184 1.59184 1
1.65306 1.59184 1
1.71429 1.59184 1
1.77551 1.59184 1
1.83673 1.59184 1
1.89796 1.59184 1
1.95918 1.59184 1
2.02041 1.59184 1
2.08163 1.59184 1
2.14286 1.59184 1
2.20408 1.59184 1
2.26531 1.59184 1
2.32653 1.59184 1
2.38776 1.59184 1
2.44898 1.59184 1
2.5102 1.59184 1
2.57143 1.59184 1
2.63265 1.59184 1
2.69388 1.59184 1
2.7551 1.59184 1
2.81633 1.59184 1
2.87755 1.59184 1
2.93878 1.59184 1
3 1.59184 1

0 1.65306 1.00238
0.0612245 1.65306 1.00451
0.122449 1.65306 1.00659
0.183673 1.65306 1.00825
0.244898 1.65306 1.00925
0.306122 1.65306 1.00949
0.367347 1.65306 1.00905
0.428571 1.65306 1.00809
0.489796 1.65306 1.00683
0.55102 1.65306 1.00549
0.612245 1.65306 1.00421
0.673469 1.65306 1.0031
0.734694 1.65306 1.0022
0.795918 1.65306 1.0015
0.857143 1.65306 1.00099
0.918367 1.65306 1.00064
0.979592 1.65306 1.00039
1.04082 1.65306 1.00024
1.10204 1.65306 1.00014
1.16327 1.65306 1.00008
1.22449 1.65306 1.00004
1.28571 1.65306 1.00002
1.34694 1.65306 1.00001
1.40816 1.65306 1.00001
1.46939 1.65306 1
1.53061 1.65306 1
1.59184 1.65306 1
1.65306 1.65306 1
1.71429 1.65306 1
1.77551 1.65306 1
1.83673 1.65306 1
1.89796 1.65306 1
1.95918 1.65306 1
2.02041 1.65306 1
2.08163 1.65306 1
2.14286 1.65306 1
2.20408 1.65306 1
2.26531 1.65306 1
2.32653 1.65306 1
2.38776 1.65306 1
2.44898 1.65306 1
2.5102 1.65306 1
2.57143 1.65306 1
2.63265 1.65306 1
2.69388 1.65306 1
2.7551 1.65306 1
2.81633 1.65306 1
2.87755 1.65306 1
2.93878 1.65306 1
3 1.65306 1

0 1.71429 1.00142
0.0612245 1.71429 1.00272
0.122449 1.71429 1.00394
0.183673 1.71429 1.0049
0.244898 1.71429 1.00547
0.306122 1.71429 1.00561
0.367347 1.71429 1.00535
0.428571 1.71429 1.00479
0.489796 1.71429 1.00406
0.55102 1.71429 1.00328
0.612245 1.71429 1.00253
0.673469 1.71429 1.00187
0.734694 1.71429 1.00133
0.795918 1.71429 1.00091
0.857143 1.71429 1.00061
0.918367 1.71429 1.00039
0.979592 1.71429 1.00024
1.04082 1.71429 1.00015
1.10204 1.71429 1.00009
1.16327 1.71429 1.00005
1.22449 1.71429 1.00003
1.28571 1.71429 1.00001
1.34694 1.71429 1.00001
1.40816 1.71429 1
1.46939 1.71429 1
1.53061 1.71429 1
1.59184 1.71429 1
1.65306 1.71429 1
1.71429 1.71429 1
1.77551 1.71429 1
1.83673 1.71429 1
1.89796 1.71429 1
1.95918 1.71429 1
2.02041 1.71429 1
2.08163 1.71429 1
2.14286 1.71429 1
2.20408 1.71429 1
2.26531 1.71429 1
2.32653 1.71429 1
2.38776 1.71429 1
2.44898 1.71429 1
2.5102 1.71429 1
2.57143 1.71429 1
2.63265 1.71429 1
2.69388 1.71429 1
2.7551 1.71429 1
2.81633 1.71429 1
2.87755 1.71429 1
2.93878 1.71429 1
3 1.71429 1

0 1.77551 1.00083
0.0612245 1.77551 1.00162
0.122449 1.77551 1.00233
0.183673 1.77551 1.00289
0.244898 1.77551 1.00321
0.306122 1.77551 1.00329
0.367347 1.77551 1.00314
0.428571 1.77551 1.00282
0.489796 1.77551 1.0024
0.55102 1.77551 1.00194
0.612245 1.77551 1.0015
0.673469 1.77551 1.00112
0.734694 1.77551 1.0008
0.795918 1.77551 1.00055
0.857143 1.77551 1.00037
0.918367 1.77551 1.00024
0.979592 1.77551 1.00015
1.04082 1.77551 1.00009
1.10204 1.77551 1.00005
1.16327 1.77551 1.00003
1.22449 1.77551 1.00002
1.28571 1.77551 1.00001
1.34694 1.77551 1
1.40816 1.77551 1
1.46939 1.77551 1
1.53061 1.77551 1
1.59184 1.77551 1
1.65306 1.77551 1
1.71429 1.77551 1
1.77551 1.77551 1
1.83673 1.77551 1
1.89796 1.77551 1
1.95918 1.77551 1
2.02041 1.77551 1
2.08163 1.77551 1
2.14286 1.77551 1
2.20408 1.77551 1
2.26531 1.77551 1
2.32653 1.77551 1
2.38776 1.77551 1
2.44898 1.77551 1
2.5102 1.77551 1
2.57143 1.77551 1
2.63265 1.77551 1
2.69388 1.77551 1
2.7551 1.77551 1
2.81633 1.77551 1
2.87755 1.77551 1
2.93878 1.77551 1
3 1.77551 1

0 1.83673 1.00048
0.0612245 1.83673 1.00097
0.122449 1.83673 1.00141
0.183673 1.83673 1.00174
0.244898 1.83673 1.00194
0.306122 1.83673 1.00198
0.367347 1.83673 1.00189
0.428571 1.83673 1.0017
0.489796 1.83673 1.00144
0.55102 1.83673 1.00117
0.612245 1.83673 1.00091
0.673469 1.83673 1.00067
0.734694 1.83673 1.00048
0.795918 1.83673 1.00033
0.857143 1.83673 1.00022
0.918367 1.83673 1.00014
0.979592 1.83673 1.00009
1.04082 1.83673 1.00005
1.10204 1.83673 1.00003
1.16327 1.83673 1.00002
1.22449 1.83673 1.00001
1.28571 1.83673 1.00001
1.34694 1.83673 1
1.40816 1.83673 1
1.46939 1.83673 1
1.53061 1.83673 1
1.59184 1.83673 1
1.65306 1.83673 1
1.71429 1.83673 1
1.77551 1.83673 1
1.83673 1.83673 1
1.89796 1.83673 1
1.95918 1.83673 1
2.02041 1.83673 1
2.08163 1.83673 1
2.14286 1.83673 1
2.20408 1.83673 1
2.26531 1.83673 1
2.32653 1.83673 1
2.38776 1.83673 1
2.44898 1.83673 1
2.5102 1.83673 1
2.57143 1.83673 1
2.63265 1.83673 1
2.69388 1.83673 1
2.7551 1.83673 1
2.81633 1.83673 1
2.87755 1.83673 1
2.93878 1.83673 1
3 1.83673 1

0 1.89796 1.00026
0.0612245 1.89796 1.00062
0.122449 1.89796 1.00093
0.183673 1.89796 1.00117
0.244898 1.89796 1.0013
0.306122 1.89796 1.00133
0.367347 1.89796 1.00126
0.428571 1.89796 1.00113
0.489796 1.89796 1.00096
0.55102 1.89796 1.00077
0.612245 1.89796 1.00059
0.673469 1.89796 1.00044
0.734694 1.89796 1.00031
0.795918 1.89796 1.00021
0.857143 1.89796 1.00014
0.918367 1.89796 1.00009
0.979592 1.89796 1.00006
1.04082 1.89796 1.00003
1.10204 1.89796 1.00002
1.16327 1.89796 1.00001
1.22449 1.89796 1.00001
1.28571 1.89796 1
1.34694 1.89796 1
1.40816 1.89796 1
1.46939 1.89796 1
1.53061 1.89796 1
1.59184 1.89796 1
1.65306 1.89796 1
1.71429 1.89796 1
1.77551 1.89796 1
1.83673 1.89796 1
1.89796 1.89796 1
1.95918 1.89796 1
2.02041 1.89796 1
2.08163 1.89796 1
2.14286 1.89796 1
2.20408 1.89796 1
2.26531 1.89796 1
2.32653 1.89796 1
2.38776 1.89796 1
2.44898 1.89796 1
2.5102 1.89796 1
2.57143 1.89796 1
2.63265 1.89796 1
2.69388 1.89796 1
2.7551 1.89796 1
2.81633 1.89796 1
2.87755 1.89796 1
2.93878 1.89796 1
3 1.89796 1

0 1.95918 1
0.0612245 1.95918 1.00049
0.122449 1.95918 1.00084
0.183673 1.95918 1.00109
0.244898 1.95918 1.00122
0.306122 1.95918 1.00123
0.367347 1.95918 1.00115
0.428571 1.95918 1.00101
0.489796 1.95918 1.00084
0.55102 1.95918 1.00066
0.612245 1.95918 1.00049
0.673469 1.95918 1.00035
0.734694 1.95918 1.00024
0.795918 1.95918 1.00016
0.857143 1.95918 1.0001
0.918367 1.95918 1.00006
0.979592 1.95918 1.00004
1.04082 1.95918 1.00002
1.10204 1.95918 1.00001
1.16327 1.95918 1.00001
1.22449 1.95918 1
1.28571 1.95918 1
1.34694 1.95918 1
1.40816 1.95918 1
1.46939 1.95918 1
1.53061 1.95918 1
1.59184 1.95918 1
1.65306 1.95918 1
1.71429 1.95918 1
1.77551 1.95918 1
1.83673 1.95918 1
1.89796 1.95918 1
1.95918 1.95918 1
2.02041 1.95918 1
2.08163 1.95918 1
2.14286 1.95918 1
2.20408 1.95918 1
2.26531 1.95918 1
2.32653 1.95918 1
2.38776 1.95918 1
2.44898 1.95918 1
2.5102 1.95918 1
2.57143 1.95918 1
2.63265 1.95918 1
2.69388 1.95918 1
2.7551 1.95918 1
2.81633 1.95918 1
2.87755 1.95918 1
2.93878 1.95918 1
3 1.95918 1

0 2.02041 0
0.0612245 2.02041 0
0.122449 2.02041 0
0.183673 2.02041 0
0.244898 2.02041 0
0.306122 2.02041 0
0.367347 2.02041 0
0.428571 2.02041 0
0.489796 2.02041 0
0.55102 2.02041 0
0.612245 2.02041 0
0.673469 2.02041 0
0.734694 2.02041 0
0.795918 2.02041 0
0.857143 2.02041 0
0.918367 2.02041 0
0.979592 2.02041 0
1.04082 2.02041 0
1.10204 2.02041 0
1.16327 2.02041 0
1.22449 2.02041 0
1.28571 2.02041 0
1.34694 2.02041 0
1.40816 2.02041 0
1.46939 2.02041 0
1.53061 2.02041 0
1.59184 2.02041 0
1.65306 2.02041 0
1.71429 2.02041 0
1.77551 2.02041 0
1.83673 2.02041 0
1.89796 2.02041 0
1.95918 2.02041 0
2.02041 2.02041 0
2.08163 2.02041 0
2.14286 2.02041 0
2.20408 2.02041 0
2.26531 2.02041 0
2.32653 2.02041 0
2.38776 2.02041 0
2.44898 2.02041 0
2.5102 2.02041 0
2.57143 2.02041 0
2.63265 2.02041 0
2.69388 2.02041 0
2.7551 2.02041 0
2.81633 2.02041 0
2.87755 2.02041 0
2.93878 2.02041 0
3 2.02041 0

0 2.08163 0
0.0612245 2.08163 0
0.122449 2.08163 0
0.183673 2.08163 0
0.244898 2.08163 0
0.306122 2.08163 0
0.367347 2.08163 0
0.428571 2.08163 0
0.489796 2.08163 0
0.55102 2.08163 0
0.612245 2.08163 0
0.673469 2.08163 0
0.734694 2.08163 0
0.795918 2.08163 0
0.857143 2.08163 0
0.918367 2.08163 0
0.979592 2.08163 0
1.04082 2.08163 0
1.10204 2.08163 0
1.16327 2.08163 0
1.22449 2.08163 0
1.28571 2.08163 0
1.34694 2.08163 0
1.40816 2.08163 0
1.46939 2.08163 0
1.53061 2.08163 0
1.59184 2.08163 0
1.65306 2.08163 0
1.71429 2.08163 0
1.77551 2.08163 0
1.83673 2.08163 0
1.89796 2.08163 0
1.95918 2.08163 0
2.02041 2.08163 0
2.08163 2.08163 0
2.14286 2.08163 0
2.20408 2.08163 0
2.26531 2.08163 0
2.32653 2.08163 0
2.38776 2.08163 0
2.44898 2.08163 0
2.5102 2.08163 0
2.57143 2.08163 0
2.63265 2.08163 0
2.69388 2.08163 0
2.7551 2.08163 0
2.81633 2.08163 0
2.87755 2.08163 0
2.93878 2.08163 0
3 2.08163 0

0 2.14286 0
0.0612245 2.14286 0
0.122449 2.14286 0
0.183673 2.14286 0
0.244898 2.14286 0
0.306122 2.14286 0
0.367347 2.14286 0
0.428571 2.14286 0
0.489796 2.14286 0
0.55102 2.14286 0
0.612245 2.14286 0
0.673469 2.14286 0
0.734694 2.14286 0
0.795918 2.14286 0
0.857143 2.14286 0
0.918367 2.14286 0
0.979592 2.14286 0
1.04082 2.14286 0
1.10204 2.14286 0
1.16327 2.14286 0
1.22449 2.14286 0
1.28571 2.14286 0
1.34694 2.14286 0
1.40816 2.14286 0
1.46939 2.14286 0
1.53061 2.14286 0
1.59184 2.14286 0
1.65306 2.14286 0
1.71429 2.14286 0
1.77551 2.14286 0
1.83673 2.14286 0
1.89796 2.14286 0
1.95918 2.14286 0
2.02041 2.14286 0
2.08163 2.14286 0
2.14286 2.14286 0
2.20408 2.14286 0
2.26531 2.14286 0
2.32653 2.14286 0
2.38776 2.14286 0
2.44898 2.14286 0
2.5102 2.14286 0
2.57143 2.14286 0
2.63265 2.14286 0
2.69388 2.14286 0
2.7551 2.14286 0
2.81633 2.14286 0
2.87755 2.14286 0
2.93878 2.14286 0
3 2.14286 0

0 2.20408 0
0.0612245 2.20408 0
0.122449 2.20408 0
0.183673 2.20408 0
0.244898 2.20408 0
0.306122 2.20408 0
0.367347 2.20408 0
0.428571 2.20408 0
0.489796 2.20408 0
0.55102 2.20408 0
0.612245 2.20408 0
0.673469 2.20408 0
0.734694 2.20408 0
0.795918 2.20408 0
0.857143 2.20408 0
0.918367 2.20408 0
0.979592 2.20408 0
1.04082 2.20408 0
1.10204 2.20408 0
1.16327 2.20408 0
1.22449 2.20408 0
1.28571 2.20408 0
1.34694 2.20408 0
1.40816 2.20408 0
1.46939 2.20408 0
1.53061 2.20408 0
1.59184 2.20408 0
1.65306 2.20408 0
1.71429 2.20408 0
1.77551 2.20408 0
1.83673 2.20408 0
1.89796 2.20408 0
1.95918 2.20408 0
2.02041 2.20408 0
2.08163 2.20408 0
2.14286 2.20408 0
2.20408 2.20408 0
2.26531 2.20408 0
2.32653 2.20408 0
2.38776 2.20408 0
2.44898 2.20408 0
2.5102 2.20408 0
2.57143 2.20408 0
2.63265 2.20408 0
2.69388 2.20408 0
2.7551 2.20408 0
2.81633 2.20408 0
2.87755 2.20408 0
2.93878 2.20408 0
3 2.20408 0

0 2.26531 0
0.0612245 2.26531 0
0.122449 2.26531 0
0.183673 2.26531 0
0.244898 2.26531 0
0.306122 2.26531 0
0.367347 2.26531 0
0.428571 2.26531 0
0.489796 2.26531 0
0.55102 2.26531 0
0.612245 2.26531 0
0.673469 2.26531 0
0.734694 2.26531 0
0.795918 2.26531 0
0.857143 2.26531 0
0.918367 2.26531 0
0.979592 2.26531 0
1.04082 2.26531 0
1.10204 2.26531 0
1.16327 2.26531 0
1.22449 2.26531 0
1.28571 2.26531 0
1.34694 2.26531 0
1.40816 2.26531 0
1.46939 2.26531 0
1.53061 2.26531 0
1.59184 2.26531 0
1.65306 2.26531 0
1.71429 2.26531 0
1.77551 2.26531 0
1.83673 2.26531 0
1.89796 2.26531 0
1.95918 2.26531 0
2.02041 2.26531 0
2.08163 2.26531 0
2.14286 2.26531 0
2.20408 2.26531 0
2.26531 2.26531 0
2.32653 2.26531 0
2.38776 2.26531 0
2.44898 2.26531 0
2.5102 2.26531 0
2.57143 2.26531 0
2.63265 2.26531 0
2.69388 2.26531 0
2.7551 2.26531 0
2.81633 2.26531 0
2.87755 2.26531 0
2.93878 2.26531 0
3 2.26531 0

0 2.32653 0
0.0612245 2.32653 0
0.122449 2.32653 0
0.183673 2.32653 0
0.244898 2.32653 0
0.306122 2.32653 0
0.367347 2.32653 0
0.428571 2.32653 0
0.489796 2.32653 0
0.55102 2.32653 0
0.612245 2.32653 0
0.673469 2.32653 0
0.734694 2.32653 0
0.795918 2.32653 0
0.857143 2.32653 0
0.918367 2.32653 0
0.979592 2.32653 0
1.04082 2.32653 0
1.10204 2.32653 0
1.16327 2.32653 0
1.22449 2.32653 0
1.28571 2.32653 0
1.34694 2.32653 0
1.40816 2.32653 0
1.46939 2.32653 0
1.53061 2.32653 0
1.59184 2.32653 0
1.65306 2.32653 0
1.71429 2.32653 0
1.77551 2.32653 0
1.83673 2.32653 0
1.89796 2.32653 0
1.95918 2.32653 0
2.02041 2.32653 0
2.08163 2.32653 0
2.14286 2.32653 0
2.20408 2.32653 0
2.26531 2.32653 0
2.32653 2.32653 0
2.38776 2.32653 0
2.44898 2.32653 0
2.5102 2.32653 0
2.57143 2.32653 0
2.63265 2.32653 0
2.69388 2.32653 0
2.7551 2.32653 0
2.81633 2.32653 0
2.87755 2.32653 0
2.93878 2.32653 0
3 2.32653 0

0 2.38776 0
0.0612245 2.38776 0
0.122449 2.38776 0
0.183673 2.38776 0
0.244898 2.38776 0
0.306122 2.38776 0
0.367347 2.38776 0
0.428571 2.38776 0
0.489796 2.38776 0
0.55102 2.38776 0
0.612245 2.38776 0
0.673469 2.38776 0
0.734694 2.38776 0
0.795918 2.38776 0
0.857143 2.38776 0
0.918367 2.38776 0
0.979592 2.38776 0
1.04082 2.38776 0
1.10204 2.38776 0
1.16327 2.38776 0
1.22449 2.38776 0
1.28571 2.38776 0
1.34694 2.38776 0
1.40816 2.38776 0
1.46939 2.38776 0
1.53061 2.38776 0
1.59184 2.38776 0
1.65306 2.38776 0
1.71429 2.38776 0
1.77551 2.38776 0
1.83673 2.38776 0
1.89796 2.38776 0
1.95918 2.38776 0
2.02041 2.38776 0
2.08163 2.38776 0
2.14286 2.38776 0
2.20408 2.38776 0
2.26531 2.38776 0
2.32653 2.38776 0
2.38776 2.38776 0
2.44898 2.38776 0
2.5102 2.38776 0
2.57143 2.38776 0
2.63265 2.38776 0
2.69388 2.38776 0
2.7551 2.38776 0
2.81633 2.38776 0
2.87755 2.38776 0
2.93878 2.38776 0
3 2.38776 0

0 2.44898 0
0.0612245 2.44898 0
0.122449 2.44898 0
0.183673 2.44898 0
0.244898 2.44898 0
0.306122 2.44898 0
0.367347 2.44898 0
0.428571 2.44898 0
0.489796 2.44898 0
0.55102 2.44898 0
0.612245 2.44898 0
0.673469 2.44898 0
0.734694 2.44898 0
0.795918 2.44898 0
0.857143 2.44898 0
0.918367 2.44898 0
0.979592 2.44898 0
1.04082 2.44898 0
1.10204 2.44898 0
1.16327 2.44898 0
1.22449 2.44898 0
1.28571 2.44898 0
1.34694 2.44898 0
1.40816 2.44898 0
1.46939 2.44898 0
1.53061 2.44898 0
1.59184 2.44898 0
1.65306 2.44898 0
1.71429 2.44898 0
1.77551 2.44898 0
1.83673 2.44898 0
1.89796 2.44898 0
1.95918 2.44898 0
2.02041 2.44898 0
2.08163 2.44898 0
2.14286 2.44898 0
2.20408 2.44898 0
2.26531 2.44898 0
2.32653 2.44898 0
2.38776 2.44898 0
2.44898 2.44898 0
2.5102 2.44898 0
2.57143 2.44898 0
2.63265 2.44898 0
2.69388 2.44898 0
2.7551 2.44898 0
2.81633 2.44898 0
2.87755 2.44898 0
2.93878 2.44898 0
3 2.44898 0

0 2.5102 0
0.0612245 2.5102 0
0.122449 2.5102 0
0.183673 2.5102 0
0.244898 2.5102 0
0.306122 2.5102 0
0.367347 2.5102 0
0.428571 2.5102 0
0.489796 2.5102 0
0.55102 2.5102 0
0.612245 2.5102 0
0.673469 2.5102 0
0.734694 2.5102 0
0.795918 2.5102 0
0.857143 2.5102 0
0.918367 2.5102 0
0.979592 2.5102 0
1.04082 2.5102 0
1.10204 2.5102 0
1.16327 2.5102 0
1.22449 2.5102 0
1.28571 2.5102 0
1.34694 2.5102 0
1.40816 2.5102 0
1.46939 2.5102 0
1.53061 2.5102 0
1.59184 2.5102 0
1.65306 2.5102 0
1.71429 2.5102 0
1.77551 2.5102 0
1.83673 2.5102 0
1.89796 2.5102 0
1.95918 2.5102 0
2.02041 2.5102 0
2.08163 2.5102 0
2.14286 2.5102 0
2.20408 2.5102 0
2.26531 2.5102 0
2.32653 2.5102 0
2.38776 2.5102 0
2.44898 2.5102 0
2.5102 2.5102 0
2.57143 2.5102 0
2.63265 2.5102 0
2.69388 2.5102 0
2.7551 2.5102 0
2.81633 2.5102 0
2.87755 2.5102 0
2.93878 2.5102 0
3 2.5102 0

0 2.57143 0
0.0612245 2.57143 0
0.122449 2.57143 0
0.183673 2.57143 0
0.244898 2.57143 0
0.306122 2.57143 0
0.367347 2.57143 0
0.428571 2.57143 0
0.489796 2.57143 0
0.55102 2.57143 0
0.612245 2.57143 0
0.673469 2.57143 0
0.734694 2.57143 0
0.795918 2.57143 0
0.857143 2.57143 0
0.918367 2.57143 0
0.979592 2.57143 0
1.04082 2.57143 0
1.10204 2.57143 0
1.16327 2.57143 0
1.22449 2.57143 0
1.28571 2.57143 0
1.34694 2.57143 0
1.40816 2.57143 0
1.46939 2.57143 0
1.53061 2.57143 0
1.59184 2.57143 0
1.65306 2.57143 0
1.71429 2.57143 0
1.77551 2.57143 0
1.83673 2.57143 0
1.89796 2.57143 0
1.95918 2.57143 0
2.02041 2.57143 0
2.08163 2.57143 0
2.14286 2.57143 0
2.20408 2.57143 0
2.26531 2.57143 0
2.32653 2.57143 0
2.38776 2.57143 0
2.44898 2.57143 0
2.5102 2.57143 0
2.57143 2.57143 0
2.63265 2.57143 0
2.69388 2.57143 0
2.7551 2.57143 0
2.81633 2.57143 0
2.87755 2.57143 0
2.93878 2.57143 0
3 2.57143 0

0 2.63265 0
0.0612245 2.63265 0
0.122449 2.63265 0
0.183673 2.63265 0
0.244898 2.63265 0
0.306122 2.63265 0
0.367347 2.63265 0
0.428571 2.63265 0
0.489796 2.63265 0
0.55102 2.63265 0
0.612245 2.63265 0
0.673469 2.63265 0
0.734694 2.63265 0
0.795918 2.63265 0
0.857143 2.63265 0
0.918367 2.63265 0
0.979592 2.63265 0
1.04082 2.63265 0
1.10204 2.63265 0
1.16327 2.63265 0
1.22449 2.63265 0
1.28571 2.63265 0
1.34694 2.63265 0
1.40816 2.63265 0
1.46939 2.63265 0
1.53061 2.63265 0
1.59184 2.63265 0
1.65306 2.63265 0
1.71429 2.63265 0
1.77551 2.63265 0
1.83673 2.63265 0
1.89796 2.63265 0
1.95918 2.63265 0
2.02041 2.63265 0
2.08163 2.63265 0
2.14286 2.63265 0
2.20408 2.63265 0
2.26531 2.63265 0
2.32653 2.63265 0
2.38776 2.63265 0
2.44898 2.63265 0
2.5102 2.63265 0
2.57143 2.63265 0
2.63265 2.63265 0
2.69388 2.63265 0
2.7551 2.63265 0
2.81633 2.63265 0
2.87755 2.63265 0
2.93878 2.63265 0
3 2.63265 0

0 2.69388 0
0.0612245 2.69388 0
0.122449 2.69388 0
0.183673 2.69388 0
0.244898 2.69388 0
0.306122 2.69388 0
0.367347 2.69388 0
0.428571 2.69388 0
0.489796 2.69388 0
0.55102 2.69388 0
0.612245 2.69388 0
0.673469 2.69388 0
0.734694 2.69388 0
0.795918 2.69388 0
0.857143 2.69388 0
0.918367 2.69388 0
0.979592 2.69388 0
1.04082 2.69388 0
1.10204 2.69388 0
1.16327 2.69388 0
1.22449 2.69388 0
1.28571 2.69388 0
1.34694 2.69388 0
1.40816 2.69388 0
1.46939 2.69388 0
1.53061 2.69388 0
1.59184 2.69388 0
1.65306 2.69388 0
1.71429 2.69388 0
1.77551 2.69388 0
1.83673 2.69388 0
1.89796 2.69388 0
1.95918 2.69388 0
2.02041 2.69388 0
2.08163 2.69388 0
2.14286 2.69388 0
2.20408 2.69388 0
2.26531 2.69388 0
2.32653 2.69388 0
2.38776 2.69388 0
2.44898 2.69388 0
2.5102 2.69388 0
2.57143 2.69388 0
2.63265 2.69388 0
2.69388 2.69388 0
2.7551 2.69388 0
2.81633 2.69388 0
2.87755 2.69388 0
2.93878 2.69388 0
3 2.69388 0

0 2.7551 0
0.0612245 2.7551 0
0.122449 2.7551 0
0.183673 2.7551 0
0.244898 2.7551 0
0.306122 2.7551 0
0.367347 2.7551 0
0.428571 2.7551 0
0.489796 2.7551 0
0.55102 2.7551 0
0.612245 2.7551 0
0.673469 2.7551 0
0.734694 2.7551 0
0.795918 2.7551 0
0.857143 2.7551 0
0.918367 2.7551 0
0.979592 2.7551 0
1.04082 2.7551 0
1.10204 2.7551 0
1.16327 2.7551 0
1.22449 2.7551 0
1.28571 2.7551 0
1.34694 2.7551 0
1.40816 2.7551 0
1.46939 2.7551 0
1.53061 2.7551 0
1.59184 2.7551 0
1.65306 2.7551 0
1.71429 2.7551 0
1.77551 2.7551 0
1.83673 2.7551 0
1.89796 2.7551 0
1.95918 2.7551 0
2.02041 2.7551 0
2.08163 2.7551 0
2.14286 2.7551 0
2.20408 2.7551 0
2.26531 2.7551 0
2.32653 2.7551 0
2.38776 2.7551 0
2.44898 2.7551 0
2.5102 2.7551 0
2.57143 2.7551 0
2.63265 2.7551 0
2.69388 2.7551 0
2.7551 2.7551 0
2.81633 2.7551 0
2.87755 2.7551 0
2.93878 2.7551 0
3 2.7551 0

0 2.81633 0
0.0612245 2.81633 0
0.122449 2.81633 0
0.183673 2.81633 0
0.244898 2.81633 0
0.306122 2.81633 0
0.367347 2.81633 0
0.428571 2.81633 0
0.489796 2.81633 0
0.55102 2.81633 0
0.612245 2.81633 0
0.673469 2.81633 0
0.734694 2.81633 0
0.795918 2.81633 0
0.857143 2.81633 0
0.918367 2.81633 0
0.979592 2.81633 0
1.04082 2.81633 0
1.10204 2.81633 0
1.16327 2.81633 0
1.22449 2.81633 0
1.28571 2.81633 0
1.34694 2.81633 0
1.40816 2.81633 0
1.46939 2.81633 0
1.53061 2.81633 0
1.59184 2.81633 0
1.65306 2.81633 0
1.71429 2.81633 0
1.77551 2.81633 0
1.83673 2.81633 0
1.89796 2.81633 0
1.95918 2.81633 0
2.02041 2.81633 0
2.08163 2.81633 0
2.14286 2.81633 0
2.20408 2.81633 0
2.26531 2.81633 0
2.32653 2.81633 0
2.38776 2.81633 0
2.44898 2.81633 0
2.5102 2.81633 0
2.57143 2.81633 0
2.63265 2.81633 0
2.69388 2.81633 0
2.7551 2.81633 0
2.81633 2.81633 0
2.87755 2.81633 0
2.93878 2.81633 0
3 2.81633 0

0 2.87755 0
0.0612245 2.87755 0
0.122449 2.87755 0
0.183673 2.87755 0
0.244898 2.87755 0
0.306122 2.87755 0
0.367347 2.87755 0
0.428571 2.87755 0
0.489796 2.87755 0
0.55102 2.87755 0
0.612245 2.87755 0
0.673469 2.87755 0
0.734694 2.87755 0
0.795918 2.87755 0
0.857143 2.87755 0
0.918367 2.87755 0
0.979592 2.87755 0
1.04082 2.87755 0
1.10204 2.87755 0
1.16327 2.87755 0
1.22449 2.87755 0
1.28571 2.87755 0
1.34694 2.87755 0
1.40816 2.87755 0
1.46939 2.87755 0
1.53061 2.87755 0
1.59184 2.87755 0
1.65306 2.87755 0
1.71429 2.87755 0
1.77551 2.87755 0
1.83673 2.87755 0
1.89796 2.87755 0
1.95918 2.87755 0
2.02041 2.87755 0
2.08163 2.87755 0
2.14286 2.87755 0
2.20408 2.87755 0
2.26531 2.87755 0
2.32653 2.87755 0
2.38776 2.87755 0
2.44898 2.87755 0
2.5102 2.87755 0
2.57143 2.87755 0
2.63265 2.87755 0
2.69388 2.87755 0
2.7551 2.87755 0
2.81633 2.87755 0
2.87755 2.87755 0
2.93878 2.87755 0
3 2.87755 0

0 2.93878 0
0.0612245 2.93878 0
0.122449 2.93878 0
0.183673 2.93878 0
0.244898 2.93878 0
0.306122 2.93878 0
0.367347 2.93878 0
0.428571 2.93878 0
0.489796 2.93878 0
0.55102 2.93878 0
0.612245 2.93878 0
0.673469 2.93878 0
0.734694 2.93878 0
0.795918 2.93878 0
0.857143 2.93878 0
0.918367 2.93878 0
0.979592 2.93878 0
1.04082 2.93878 0
1.10204 2.93878 0
1.16327 2.93878 0
1.22449 2.93878 0
1.28571 2.93878 0
1.34694 2.93878 0
1.40816 2.93878 0
1.46939 2.93878 0
1.53061 2.93878 0
1.59184 2.93878 0
1.65306 2.93878 0
1.71429 2.93878 0
1.77551 2.93878 0
1.83673 2.93878 0
1.89796 2.93878 0
1.95918 2.93878 0
2.02041 2.93878 0
2.08163 2.93878 0
2.14286 2.93878 0
2.20408 2.93878 0
2.26531 2.93878 0
2.32653 2.93878 0
2.38776 2.93878 0
2.44898 2.93878 0
2.5102 2.93878 0
2.57143 2.93878 0
2.63265 2.93878 0
2.69388 2.93878 0
2.7551 2.93878 0
2.81633 2.93878 0
2.87755 2.93878 0
2.93878 2.93878 0
3 2.93878 0

0 3 0
0.0612245 3 0
0.122449 3 0
0.183673 3 0
0.244898 3 0
0.306122 3 0
0.367347 3 0
0.428571 3 0
0.489796 3 0
0.55102 3 0
0.612245 3 0
0.673469 3 0
0.734694 3 0
0.795918 3 0
0.857143 3 0
0.918367 3 0
0.979592 3 0
1.04082 3 0
1.10204 3 0
1.16327 3 0
1.22449 3 0
1.28571 3 0
1.34694 3 0
1.40816 3 0
1.46939 3 0
1.53061 3 0
1.59184 3 0
1.65306 3 0
1.71429 3 0
1.77551 3 0
1.83673 3 0
1.89796 3 0
1.95918 3 0
2.02041 3 0
2.08163 3 0
2.14286 3 0
2.20408 3 0
2.26531 3 0
2.32653 3 0
2.38776 3 0
2.44898 3 0
2.5102 3 0
2.57143 3 0
2.63265 3 0
2.69388 3 0
2.7551 3 0
2.81633 3 0
2.87755 3 0
2.93878 3 0
3 3 0

