0 0 2 1 0
0.0508475 0 2.3871 0 0
0.101695 0 2.76532 0 0
0.152542 0 2.59879 0 0
0.20339 0 2.42158 0 0
0.254237 0 2.20472 0 0
0.305085 0 1.948 0 0
0.355932 0 1.6967 0 0
0.40678 0 1.48809 0 0
0.457627 0 1.33186 0 0
0.508475 0 1.22112 0 0
0.559322 0 1.14497 0 0
0.610169 0 1.09367 0 0
0.661017 0 1.0597 0 0
0.711864 0 1.03755 0 0
0.762712 0 1.02335 0 0
0.813559 0 1.01439 0 0
0.864407 0 1.00876 0 0
0.915254 0 1.00485 0 0
0.966102 0 1 0 0
1.01695 0 0 0 0
1.0678 0 0 0 0
1.11864 0 0 0 0
1.16949 0 0 0 0
1.22034 0 0 0 0
1.27119 0 0 0 0
1.32203 0 0 0 0
1.37288 0 0 0 0
1.42373 0 0 0 0
1.47458 0 0 0 0
1.52542 0 0 0 0
1.57627 0 0 0 0
1.62712 0 0 0 0
1.67797 0 0 0 0
1.72881 0 0 0 0
1.77966 0 0 0 0
1.83051 0 0 0 0
1.88136 0 0 0 0
1.9322 0 0 0 0
1.98305 0 0 0 0
2.0339 0 1 0 0
2.08475 0 1 -1.3755e-20 -1.76114e-19
2.13559 0 1 -5.72437e-21 -3.13998e-19
2.18644 0 1 1.46285e-20 -3.93631e-19
2.23729 0 1 3.65165e-20 -4.11143e-19
2.28814 0 1 5.20824e-20 -3.78043e-19
2.33898 0 1 5.81235e-20 -3.145e-19
2.38983 0 1 5.55032e-20 -2.40714e-19
2.44068 0 1 4.72516e-20 -1.71484e-19
2.49153 0 1 3.67195e-20 -1.14725e-19
2.54237 0 1 2.64549e-20 -7.2597e-20
2.59322 0 1 1.78678e-20 -4.37094e-20
2.64407 0 1 1.14086e-20 -2.51644e-20
2.69492 0 1 6.93159e-21 -1.39119e-20
2.74576 0 1 4.0282e-21 -7.41183e-21
2.79661 0 1 2.24683e-21 -3.81561e-21
2.84746 0 1 1.20187e-21 -1.89741e-21
2.89831 0 1 6.04859e-22 -8.97025e-22
2.94915 0 1 2.53254e-22 -3.59168e-22
3 0 1 0 0

0 0.0512821 2 1 0
0.0508475 0.0512821 3.33923 0.555563 0.0384418
0.101695 0.0512821 3.48272 0.453661 0.0521686
0.152542 0.0512821 3.13664 0.433172 0.0394514
0.20339 0.0512821 2.83715 0.420734 0.00789475
0.254237 0.0512821 2.55656 0.411879 -0.0346838
0.305085 0.0512821 2.27428 0.398912 -0.0755518
0.355932 0.0512821 1.99023 0.37394 -0.101829
0.40678 0.0512821 1.7265 0.333438 -0.108391
0.457627 0.0512821 1.50781 0.280724 -0.0991318
0.508475 0.0512821 1.34319 0.223522 -0.0817828
0.559322 0.0512821 1.22695 0.169437 -0.0628369
0.610169 0.0512821 1.14786 0.123217 -0.0459102
0.661017 0.0512821 1.09518 0.0865157 -0.0323261
0.711864 0.0512821 1.06064 0.0588802 -0.0221318
0.762712 0.0512821 1.03833 0.0388279 -0.0148295
0.813559 0.0512821 1.02419 0.0245776 -0.00976162
0.864407 0.0512821 1.01549 0.0144124 -0.00624443
0.915254 0.0512821 1.01042 0.00676211 -0.00347591
0.966102 0.0512821 1.00763 0 0
1.01695 0.0512821 0 0 0
1.0678 0.0512821 0 0 0
1.11864 0.0512821 0 0 0
1.16949 0.0512821 0 0 0
1.22034 0.0512821 0 0 0
1.27119 0.0512821 0 0 0
1.32203 0.0512821 0 0 0
1.37288 0.0512821 0 0 0
1.42373 0.0512821 0 0 0
1.47458 0.0512821 0 0 0
1.52542 0.0512821 0 0 0
1.57627 0.0512821 0 0 0
1.62712 0.0512821 0 0 0
1.67797 0.0512821 0 0 0
1.72881 0.0512821 0 0 0
1.77966 0.0512821 0 0 0
1.83051 0.0512821 0 0 0
1.88136 0.0512821 0 0 0
1.9322 0.0512821 0 0 0
1.98305 0.0512821 0 0 0
2.0339 0.0512821 1 0 0
2.08475 0.0512821 1 -1.3755e-20 -1.76114e-19
2.13559 0.0512821 1 -5.72437e-21 -3.13998e-19
2.18644 0.0512821 1 1.46285e-20 -3.93631e-19
2.23729 0.0512821 1 3.65165e-20 -4.11143e-19
2.28814 0.0512821 1 5.20824e-20 -3.78043e-19
2.33898 0.0512821 1 5.81235e-20 -3.145e-19
2.38983 0.0512821 1 5.55032e-20 -2.40714e-19
2.44068 0.0512821 1 4.72516e-20 -1.71484e-19
2.49153 0.0512821 1 3.67195e-20 -1.14725e-19
2.54237 0.0512821 1 2.64549e-20 -7.2597e-20
2.59322 0.0512821 1 1.78678e-20 -4.37094e-20
2.64407 0.0512821 1 1.14086e-20 -2.51644e-20
2.69492 0.0512821 1 6.93159e-21 -1.39119e-20
2.74576 0.0512821 1 4.0282e-21 -7.41183e-21
2.79661 0.0512821 1 2.24683e-21 -3.81561e-21
2.84746 0.0512821 1 1.20187e-21 -1.89741e-21
2.89831 0.0512821 1 6.04859e-22 -8.97025e-22
2.94915 0.0512821 1 2.53254e-22 -3.59168e-22
3 0.0512821 1 0 0

0 0.102564 2 1 0
0.0508475 0.102564 2.52422 0.783615 0.103981
0.101695 0.102564 2.70487 0.691655 0.134689
0.152542 0.102564 2.59812 0.663026 0.107237
0.20339 0.102564 2.47591 0.649548 0.054323
0.254237 0.102564 2.39211 0.642346 -0.0100403
0.305085 0.102564 2.30057 0.634363 -0.0722143
0.355932 0.102564 2.1443 0.612023 -0.117951
0.40678 0.102564 1.91893 0.56326 -0.138478
0.457627 0.102564 1.67539 0.487549 -0.135001
0.508475 0.102564 1.46571 0.396251 -0.116163
0.559322 0.102564 1.30931 0.304426 -0.0916485
0.610169 0.102564 1.20131 0.223181 -0.0680353
0.661017 0.102564 1.12946 0.157435 -0.0483457
0.711864 0.102564 1.08254 0.107418 -0.0332601
0.762712 0.102564 1.05236 0.0709059 -0.0223212
0.813559 0.102564 1.03333 0.0448378 -0.0146548
0.864407 0.102564 1.02181 0.0261481 -0.00925916
0.915254 0.102564 1.01547 0.0120395 -0.00495802
0.966102 0.102564 1.01335 0 0
1.01695 0.102564 0 0 0
1.0678 0.102564 0 0 0
1.11864 0.102564 0 0 0
1.16949 0.102564 0 0 0
1.22034 0.102564 0 0 0
1.27119 0.102564 0 0 0
1.32203 0.102564 0 0 0
1.37288 0.102564 0 0 0
1.42373 0.102564 0 0 0
1.47458 0.102564 0 0 0
1.52542 0.102564 0 0 0
1.57627 0.102564 0 0 0
1.62712 0.102564 0 0 0
1.67797 0.102564 0 0 0
1.72881 0.102564 0 0 0
1.77966 0.102564 0 0 0
1.83051 0.102564 0 0 0
1.88136 0.102564 0 0 0
1.9322 0.102564 0 0 0
1.98305 0.102564 0 0 0
2.0339 0.102564 1 0 0
2.08475 0.102564 1 -4.13752e-20 -4.20027e-19
2.13559 0.102564 1 -1.66193e-20 -7.45293e-19
2.18644 0.102564 1 4.10792e-20 -9.27993e-19
2.23729 0.102564 1 1.00537e-19 -9.59827e-19
2.28814 0.102564 1 1.40541e-19 -8.71426e-19
2.33898 0.102564 1 1.53644e-19 -7.14491e-19
2.38983 0.102564 1 1.4368e-19 -5.38364e-19
2.44068 0.102564 1 1.19751e-19 -3.77258e-19
2.49153 0.102564 1 9.10848e-20 -2.4814e-19
2.54237 0.102564 1 6.42281e-20 -1.54347e-19
2.59322 0.102564 1 4.24624e-20 -9.13541e-20
2.64407 0.102564 1 2.65448e-20 -5.17158e-20
2.69492 0.102564 1 1.57959e-20 -2.81235e-20
2.74576 0.102564 1 8.99457e-21 -1.47457e-20
2.79661 0.102564 1 4.91907e-21 -7.4755e-21
2.84746 0.102564 1 2.58323e-21 -3.66495e-21
2.89831 0.102564 1 1.2805e-21 -1.71313e-21
2.94915 0.102564 1 5.32919e-22 -6.83846e-22
3 0.102564 1 0 0

0 0.153846 2 1 0
0.0508475 0.153846 2.34768 0.86783 0.0728959
0.101695 0.153846 2.5998 0.8018 0.10914
0.152542 0.153846 2.63309 0.785131 0.0965784
0.20339 0.153846 2.56 0.783827 0.0559956
0.254237 0.153846 2.46945 0.784153 0.0025339
0.305085 0.153846 2.37838 0.779961 -0.0527772
0.355932 0.153846 2.25147 0.760708 -0.0990234
0.40678 0.153846 2.05499 0.712754 -0.126429
0.457627 0.153846 1.80975 0.630459 -0.131397
0.508475 0.153846 1.57313 0.522818 -0.118556
0.559322 0.153846 1.38472 0.40791 -0.0966713
0.610169 0.153846 1.25095 0.30218 -0.0733433
0.661017 0.153846 1.16129 0.214564 -0.0528483
0.711864 0.153846 1.10281 0.146975 -0.0366714
0.762712 0.153846 1.0653 0.0972244 -0.0247234
0.813559 0.153846 1.04175 0.0615069 -0.0162351
0.864407 0.153846 1.02761 0.0357929 -0.0101829
0.915254 0.153846 1.02005 0.0163666 -0.0053372
0.966102 0.153846 1.01806 0 0
1.01695 0.153846 0 0 0
1.0678 0.153846 0 0 0
1.11864 0.153846 0 0 0
1.16949 0.153846 0 0 0
1.22034 0.153846 0 0 0
1.27119 0.153846 0 0 0
1.32203 0.153846 0 0 0
1.37288 0.153846 0 0 0
1.42373 0.153846 0 0 0
1.47458 0.153846 0 0 0
1.52542 0.153846 0 0 0
1.57627 0.153846 0 0 0
1.62712 0.153846 0 0 0
1.67797 0.153846 0 0 0
1.72881 0.153846 0 0 0
1.77966 0.153846 0 0 0
1.83051 0.153846 0 0 0
1.88136 0.153846 0 0 0
1.9322 0.153846 0 0 0
1.98305 0.153846 0 0 0
2.0339 0.153846 1 0 0
2.08475 0.153846 1 -1.17644e-19 -1.24102e-18
2.13559 0.153846 1 -3.12047e-20 -2.19576e-18
2.18644 0.153846 1 1.52676e-19 -2.71681e-18
2.23729 0.153846 1 3.34857e-19 -2.78085e-18
2.28814 0.153846 1 4.49706e-19 -2.4893e-18
2.33898 0.153846 1 4.77916e-19 -2.00818e-18
2.38983 0.153846 1 4.36202e-19 -1.48726e-18
2.44068 0.153846 1 3.55413e-19 -1.02336e-18
2.49153 0.153846 1 2.6448e-19 -6.60485e-19
2.54237 0.153846 1 1.82551e-19 -4.02987e-19
2.59322 0.153846 1 1.18185e-19 -2.33962e-19
2.64407 0.153846 1 7.2382e-20 -1.2994e-19
2.69492 0.153846 1 4.22169e-20 -6.93452e-20
2.74576 0.153846 1 2.35737e-20 -3.56956e-20
2.79661 0.153846 1 1.26501e-20 -1.77759e-20
2.84746 0.153846 1 6.52403e-21 -8.56839e-21
2.89831 0.153846 1 3.18152e-21 -3.94631e-21
2.94915 0.153846 1 1.30775e-21 -1.56066e-21
3 0.153846 1 0 0

0 0.205128 2 1 0
0.0508475 0.205128 2.21352 0.912174 0.0483321
0.101695 0.205128 2.39612 0.861795 0.0838358
0.152542 0.205128 2.45809 0.846913 0.085155
0.20339 0.205128 2.43919 0.847351 0.0587594
0.254237 0.205128 2.40262 0.851072 0.0168734
0.305085 0.205128 2.36429 0.852232 -0.0296975
0.355932 0.205128 2.28998 0.840719 -0.0713911
0.40678 0.205128 2.13577 0.800863 -0.0997581
0.457627 0.205128 1.90621 0.722325 -0.110072
0.508475 0.205128 1.65874 0.610394 -0.103914
0.559322 0.205128 1.44829 0.48365 -0.0876309
0.610169 0.205128 1.29389 0.362317 -0.0680956
0.661017 0.205128 1.1891 0.259205 -0.0498854
0.711864 0.205128 1.12057 0.178419 -0.0350034
0.762712 0.205128 1.07665 0.11838 -0.0237634
0.813559 0.205128 1.04913 0.0750042 -0.0156473
0.864407 0.205128 1.03268 0.043643 -0.00978254
0.915254 0.205128 1.02399 0.0199116 -0.00506471
0.966102 0.205128 1.02193 0 0
1.01695 0.205128 0 0 0
1.0678 0.205128 0 0 0
1.11864 0.205128 0 0 0
1.16949 0.205128 0 0 0
1.22034 0.205128 0 0 0
1.27119 0.205128 0 0 0
1.32203 0.205128 0 0 0
1.37288 0.205128 0 0 0
1.42373 0.205128 0 0 0
1.47458 0.205128 0 0 0
1.52542 0.205128 0 0 0
1.57627 0.205128 0 0 0
1.62712 0.205128 0 0 0
1.67797 0.205128 0 0 0
1.72881 0.205128 0 0 0
1.77966 0.205128 0 0 0
1.83051 0.205128 0 0 0
1.88136 0.205128 0 0 0
1.9322 0.205128 0 0 0
1.98305 0.205128 0 0 0
2.0339 0.205128 1 0 0
2.08475 0.205128 1 -3.21251e-19 -3.75311e-18
2.13559 0.205128 1 -2.12301e-20 -6.62715e-18
2.18644 0.205128 1 5.65844e-19 -8.15211e-18
2.23729 0.205128 1 1.12539e-18 -8.25438e-18
2.28814 0.205128 1 1.45151e-18 -7.27717e-18
2.33898 0.205128 1 1.49734e-18 -5.76964e-18
2.38983 0.205128 1 1.33246e-18 -4.19783e-18
2.44068 0.205128 1 1.06062e-18 -2.83506e-18
2.49153 0.205128 1 7.71739e-19 -1.79447e-18
2.54237 0.205128 1 5.21201e-19 -1.07336e-18
2.59322 0.205128 1 3.30347e-19 -6.10985e-19
2.64407 0.205128 1 1.9819e-19 -3.32798e-19
2.69492 0.205128 1 1.13304e-19 -1.74246e-19
2.74576 0.205128 1 6.20522e-20 -8.80344e-20
2.79661 0.205128 1 3.26803e-20 -4.30526e-20
2.84746 0.205128 1 1.65556e-20 -2.03969e-20
2.89831 0.205128 1 7.94166e-21 -9.24979e-21
2.94915 0.205128 1 3.21985e-21 -3.61791e-21
3 0.205128 1 0 0

0 0.25641 2 1 0
0.0508475 0.25641 2.15082 0.93444 0.0286589
0.101695 0.25641 2.2972 0.89184 0.0541512
0.152542 0.25641 2.37707 0.875884 0.0598962
0.20339 0.25641 2.39387 0.875493 0.0452738
0.254237 0.25641 2.38734 0.881079 0.0172244
0.305085 0.25641 2.37359 0.886747 -0.0165098
0.355932 0.25641 2.3248 0.882348 -0.0487817
0.40678 0.25641 2.19499 0.851033 -0.0729696
0.457627 0.25641 1.97745 0.779179 -0.0844473
0.508475 0.25641 1.72467 0.668561 -0.0828679
0.559322 0.25641 1.49906 0.53684 -0.0720793
0.610169 0.25641 1.32897 0.406328 -0.057352
0.661017 0.25641 1.21211 0.292843 -0.0427555
0.711864 0.25641 1.13535 0.202602 -0.0303807
0.762712 0.25641 1.08613 0.134887 -0.0208037
0.813559 0.25641 1.05531 0.0856462 -0.0137635
0.864407 0.25641 1.03691 0.0498846 -0.00860325
0.915254 0.25641 1.02724 0.0227554 -0.0044242
0.966102 0.25641 1.02502 0 0
1.01695 0.25641 0 0 0
1.0678 0.25641 0 0 0
1.11864 0.25641 0 0 0
1.16949 0.25641 0 0 0
1.22034 0.25641 0 0 0
1.27119 0.25641 0 0 0
1.32203 0.25641 0 0 0
1.37288 0.25641 0 0 0
1.42373 0.25641 0 0 0
1.47458 0.25641 0 0 0
1.52542 0.25641 0 0 0
1.57627 0.25641 0 0 0
1.62712 0.25641 0 0 0
1.67797 0.25641 0 0 0
1.72881 0.25641 0 0 0
1.77966 0.25641 0 0 0
1.83051 0.25641 0 0 0
1.88136 0.25641 0 0 0
1.9322 0.25641 0 0 0
1.98305 0.25641 0 0 0
2.0339 0.25641 1 0 0
2.08475 0.25641 1 -8.56178e-19 -1.13328e-17
2.13559 0.25641 1 1.67644e-19 -1.9994e-17
2.18644 0.25641 1 2.03647e-18 -2.44593e-17
2.23729 0.25641 1 3.75383e-18 -2.44772e-17
2.28814 0.25641 1 4.66158e-18 -2.12143e-17
2.33898 0.25641 1 4.66232e-18 -1.64886e-17
2.38983 0.25641 1 4.03993e-18 -1.17759e-17
2.44068 0.25641 1 3.1384e-18 -7.79946e-18
2.49153 0.25641 1 2.23064e-18 -4.83497e-18
2.54237 0.25641 1 1.47249e-18 -2.8313e-18
2.59322 0.25641 1 9.12722e-19 -1.5784e-18
2.64407 0.25641 1 5.35893e-19 -8.4242e-19
2.69492 0.25641 1 3.00043e-19 -4.32391e-19
2.74576 0.25641 1 1.61047e-19 -2.14268e-19
2.79661 0.25641 1 8.31898e-20 -1.0284e-19
2.84746 0.25641 1 4.13737e-20 -4.78599e-20
2.89831 0.25641 1 1.95124e-20 -2.13576e-20
2.94915 0.25641 1 7.79893e-21 -8.25617e-21
3 0.25641 1 0 0

0 0.307692 2 1 0
0.0508475 0.307692 2.11896 0.946391 0.0161668
0.101695 0.307692 2.23805 0.908017 0.0325703
0.152542 0.307692 2.31621 0.890113 0.0387651
0.20339 0.307692 2.34876 0.887129 0.0317862
0.254237 0.307692 2.36238 0.892362 0.0145598
0.305085 0.307692 2.36894 0.900541 -0.00811353
0.355932 0.307692 2.34157 0.901498 -0.0312441
0.40678 0.307692 2.23216 0.877498 -0.0499386
0.457627 0.307692 2.02646 0.812529 -0.0603255
0.508475 0.307692 1.77256 0.705469 -0.0612661
0.559322 0.307692 1.53732 0.572601 -0.054815
0.610169 0.307692 1.35604 0.437193 -0.0446095
0.661017 0.307692 1.23012 0.317167 -0.0338429
0.711864 0.307692 1.14704 0.22048 -0.0243691
0.762712 0.307692 1.09367 0.14729 -0.01685
0.813559 0.307692 1.06024 0.0937424 -0.0112175
0.864407 0.307692 1.04029 0.0546809 -0.00702631
0.915254 0.307692 1.02981 0.0249619 -0.00360189
0.966102 0.307692 1.02741 0 0
1.01695 0.307692 0 0 0
1.0678 0.307692 0 0 0
1.11864 0.307692 0 0 0
1.16949 0.307692 0 0 0
1.22034 0.307692 0 0 0
1.27119 0.307692 0 0 0
1.32203 0.307692 0 0 0
1.37288 0.307692 0 0 0
1.42373 0.307692 0 0 0
1.47458 0.307692 0 0 0
1.52542 0.307692 0 0 0
1.57627 0.307692 0 0 0
1.62712 0.307692 0 0 0
1.67797 0.307692 0 0 0
1.72881 0.307692 0 0 0
1.77966 0.307692 0 0 0
1.83051 0.307692 0 0 0
1.88136 0.307692 0 0 0
1.9322 0.307692 0 0 0
1.98305 0.307692 0 0 0
2.0339 0.307692 1 0 0
2.08475 0.307692 1 -2.23894e-18 -3.40397e-17
2.13559 0.307692 1 1.19631e-18 -6.01827e-17
2.18644 0.307692 1 7.13823e-18 -7.31877e-17
2.23729 0.307692 1 1.24138e-17 -7.23022e-17
2.28814 0.307692 1 1.48855e-17 -6.15238e-17
2.33898 0.307692 1 1.44118e-17 -4.665e-17
2.38983 0.307692 1 1.21326e-17 -3.26965e-17
2.44068 0.307692 1 9.1909e-18 -2.12298e-17
2.49153 0.307692 1 6.37523e-18 -1.28624e-17
2.54237 0.307692 1 4.10846e-18 -7.35861e-18
2.59322 0.307692 1 2.48702e-18 -4.01181e-18
2.64407 0.307692 1 1.42731e-18 -2.09564e-18
2.69492 0.307692 1 7.81839e-19 -1.05341e-18
2.74576 0.307692 1 4.10908e-19 -5.11532e-19
2.79661 0.307692 1 2.08014e-19 -2.4076e-19
2.84746 0.307692 1 1.0149e-19 -1.09981e-19
2.89831 0.307692 1 4.70287e-20 -4.82625e-20
2.94915 0.307692 1 1.85218e-20 -1.84279e-20
3 0.307692 1 0 0

0 0.358974 2 1 0
0.0508475 0.358974 2.10271 0.952778 0.00881399
0.101695 0.358974 2.20619 0.916668 0.018544
0.152542 0.358974 2.28071 0.89711 0.0233438
0.20339 0.358974 2.32065 0.891586 0.0204479
0.254237 0.358974 2.34612 0.895673 0.0106812
0.305085 0.358974 2.3656 0.904942 -0.00337898
0.355932 0.358974 2.35208 0.909351 -0.0186158
0.40678 0.358974 2.2563 0.890633 -0.0317399
0.457627 0.358974 2.0593 0.831214 -0.0398875
0.508475 0.358974 1.8057 0.727858 -0.041797
0.559322 0.358974 1.56453 0.595539 -0.0383842
0.610169 0.358974 1.3757 0.457812 -0.0319168
0.661017 0.358974 1.24339 0.33391 -0.0246377
0.711864 0.358974 1.15574 0.233066 -0.0179872
0.762712 0.358974 1.09934 0.156172 -0.0125707
0.813559 0.358974 1.06396 0.0996168 -0.00843246
0.864407 0.358974 1.04284 0.0581987 -0.00530293
0.915254 0.358974 1.03175 0.0265962 -0.00271715
0.966102 0.358974 1.02916 0 0
1.01695 0.358974 0 0 0
1.0678 0.358974 0 0 0
1.11864 0.358974 0 0 0
1.16949 0.358974 0 0 0
1.22034 0.358974 0 0 0
1.27119 0.358974 0 0 0
1.32203 0.358974 0 0 0
1.37288 0.358974 0 0 0
1.42373 0.358974 0 0 0
1.47458 0.358974 0 0 0
1.52542 0.358974 0 0 0
1.57627 0.358974 0 0 0
1.62712 0.358974 0 0 0
1.67797 0.358974 0 0 0
1.72881 0.358974 0 0 0
1.77966 0.358974 0 0 0
1.83051 0.358974 0 0 0
1.88136 0.358974 0 0 0
1.9322 0.358974 0 0 0
1.98305 0.358974 0 0 0
2.0339 0.358974 1 0 0
2.08475 0.358974 1 -5.88366e-18 -1.01392e-16
2.13559 0.358974 1 5.61139e-18 -1.81264e-16
2.18644 0.358974 1 2.46145e-17 -2.1802e-16
2.23729 0.358974 1 4.05648e-17 -2.1232e-16
2.28814 0.358974 1 4.72232e-17 -1.78012e-16
2.33898 0.358974 1 4.42911e-17 -1.30139e-16
2.38983 0.358974 1 3.60079e-17 -8.97202e-17
2.44068 0.358974 1 2.66006e-17 -5.72055e-17
2.49153 0.358974 1 1.80086e-17 -3.37363e-17
2.54237 0.358974 1 1.13121e-17 -1.88002e-17
2.59322 0.358974 1 6.67454e-18 -1.00077e-17
2.64407 0.358974 1 3.73884e-18 -5.11057e-18
2.69492 0.358974 1 2.00142e-18 -2.51321e-18
2.74576 0.358974 1 1.02897e-18 -1.19477e-18
2.79661 0.358974 1 5.10043e-19 -5.50969e-19
2.84746 0.358974 1 2.43941e-19 -2.46858e-19
2.89831 0.358974 1 1.10993e-19 -1.0645e-19
2.94915 0.358974 1 4.30545e-20 -4.01234e-20
3 0.358974 1 0 0

0 0.410256 2 1 0
0.0508475 0.410256 2.09436 0.956215 0.00474753
0.101695 0.410256 2.18899 0.92139 0.0103399
0.152542 0.410256 2.25983 0.900763 0.0137376
0.20339 0.410256 2.30235 0.893322 0.0130072
0.254237 0.410256 2.33409 0.896157 0.00810566
0.305085 0.410256 2.36146 0.905623 0.000223764
0.355932 0.410256 2.35688 0.911923 -0.00889546
0.40678 0.410256 2.27014 0.89654 -0.0172547
0.457627 0.410256 2.07936 0.840957 -0.0229747
0.508475 0.410256 1.82672 0.74055 -0.0250197
0.559322 0.410256 1.58227 0.60927 -0.0236689
0.610169 0.410256 1.38879 0.470644 -0.0201588
0.661017 0.410256 1.25238 0.344636 -0.0158703
0.711864 0.410256 1.16171 0.24131 -0.0117752
0.762712 0.410256 1.10326 0.162091 -0.00833842
0.813559 0.410256 1.06656 0.103586 -0.00565106
0.864407 0.410256 1.04463 0.0606026 -0.00357813
0.915254 0.410256 1.0331 0.0277241 -0.00183803
0.966102 0.410256 1.03036 0 0
1.01695 0.410256 0 0 0
1.0678 0.410256 0 0 0
1.11864 0.410256 0 0 0
1.16949 0.410256 0 0 0
1.22034 0.410256 0 0 0
1.27119 0.410256 0 0 0
1.32203 0.410256 0 0 0
1.37288 0.410256 0 0 0
1.42373 0.410256 0 0 0
1.47458 0.410256 0 0 0
1.52542 0.410256 0 0 0
1.57627 0.410256 0 0 0
1.62712 0.410256 0 0 0
1.67797 0.410256 0 0 0
1.72881 0.410256 0 0 0
1.77966 0.410256 0 0 0
1.83051 0.410256 0 0 0
1.88136 0.410256 0 0 0
1.9322 0.410256 0 0 0
1.98305 0.410256 0 0 0
2.0339 0.410256 1 0 0
2.08475 0.410256 1 -1.75204e-17 -2.96979e-16
2.13559 0.410256 1 2.03217e-17 -5.09822e-16
2.18644 0.410256 1 8.31674e-17 -5.98317e-16
2.23729 0.410256 1 1.31511e-16 -5.71793e-16
2.28814 0.410256 1 1.51131e-16 -4.77531e-16
2.33898 0.410256 1 1.36779e-16 -3.54328e-16
2.38983 0.410256 1 1.04948e-16 -2.42852e-16
2.44068 0.410256 1 7.58798e-17 -1.53329e-16
2.49153 0.410256 1 5.03607e-17 -8.70422e-17
2.54237 0.410256 1 3.07169e-17 -4.70677e-17
2.59322 0.410256 1 1.7613e-17 -2.44346e-17
2.64407 0.410256 1 9.61415e-18 -1.21869e-17
2.69492 0.410256 1 5.02372e-18 -5.85755e-18
2.74576 0.410256 1 2.52413e-18 -2.72368e-18
2.79661 0.410256 1 1.22407e-18 -1.2296e-18
2.84746 0.410256 1 5.73467e-19 -5.39942e-19
2.89831 0.410256 1 2.56048e-19 -2.28645e-19
2.94915 0.410256 1 9.77813e-20 -8.50255e-20
3 0.410256 1 0 0

0 0.461538 2 1 0
0.0508475 0.461538 2.08993 0.95812 0.00265909
0.101695 0.461538 2.17959 0.924107 0.00601585
0.152542 0.461538 2.24755 0.902945 0.00860089
0.20339 0.461538 2.29044 0.894288 0.0092438
0.254237 0.461538 2.32497 0.896093 0.00763121
0.305085 0.461538 2.35652 0.905286 0.00416515
0.355932 0.461538 2.35704 0.912325 -0.000348195
0.40678 0.461538 2.27574 0.898634 -0.00489578
0.457627 0.461538 2.08908 0.845226 -0.00845584
0.508475 0.461538 1.83768 0.746697 -0.0103476
0.559322 0.461538 1.59196 0.616339 -0.0105106
0.610169 0.461538 1.39617 0.477537 -0.00941667
0.661017 0.461538 1.25757 0.350585 -0.0077097
0.711864 0.461538 1.16522 0.245998 -0.00590528
0.762712 0.461538 1.10561 0.165525 -0.00429374
0.813559 0.461538 1.06814 0.105927 -0.00297387
0.864407 0.461538 1.04573 0.0620387 -0.00191457
0.915254 0.461538 1.03392 0.0284054 -0.000993618
0.966102 0.461538 1.03108 0 0
1.01695 0.461538 0 0 0
1.0678 0.461538 0 0 0
1.11864 0.461538 0 0 0
1.16949 0.461538 0 0 0
1.22034 0.461538 0 0 0
1.27119 0.461538 0 0 0
1.32203 0.461538 0 0 0
1.37288 0.461538 0 0 0
1.42373 0.461538 0 0 0
1.47458 0.461538 0 0 0
1.52542 0.461538 0 0 0
1.57627 0.461538 0 0 0
1.62712 0.461538 0 0 0
1.67797 0.461538 0 0 0
1.72881 0.461538 0 0 0
1.77966 0.461538 0 0 0
1.83051 0.461538 0 0 0
1.88136 0.461538 0 0 0
1.9322 0.461538 0 0 0
1.98305 0.461538 0 0 0
2.0339 0.461538 1 0 0
2.08475 0.461538 1 -2.1345e-17 -8.24094e-16
2.13559 0.461538 1 1.19198e-16 -1.39873e-15
2.18644 0.461538 1 2.9457e-16 -1.6153e-15
2.23729 0.461538 1 4.06039e-16 -1.5141e-15
2.28814 0.461538 1 4.30019e-16 -1.23218e-15
2.33898 0.461538 1 3.81884e-16 -9.03722e-16
2.38983 0.461538 1 2.96746e-16 -6.02803e-16
2.44068 0.461538 1 2.15097e-16 -3.73121e-16
2.49153 0.461538 1 1.40984e-16 -2.1881e-16
2.54237 0.461538 1 8.20337e-17 -1.14818e-16
2.59322 0.461538 1 4.55572e-17 -5.81643e-17
2.64407 0.461538 1 2.42017e-17 -2.8325e-17
2.69492 0.461538 1 1.23344e-17 -1.32972e-17
2.74576 0.461538 1 6.05179e-18 -6.04308e-18
2.79661 0.461538 1 2.86906e-18 -2.66883e-18
2.84746 0.461538 1 1.31573e-18 -1.14785e-18
2.89831 0.461538 1 5.76143e-19 -4.77037e-19
2.94915 0.461538 1 2.16524e-19 -1.74924e-19
3 0.461538 1 0 0

0 0.512821 2 1 0
0.0508475 0.512821 2.08733 0.959303 0.00173936
0.101695 0.512821 2.17393 0.925941 0.00417559
0.152542 0.512821 2.23947 0.904678 0.00670322
0.20339 0.512821 2.28139 0.895373 0.00866173
0.254237 0.512821 2.31637 0.896392 0.00964814
0.305085 0.512821 2.34941 0.905008 0.00959054
0.355932 0.512821 2.35221 0.91189 0.0086509
0.40678 0.512821 2.27368 0.898525 0.00709477
0.457627 0.512821 2.0896 0.845808 0.00522923
0.508475 0.512821 1.8398 0.74806 0.00337969
0.559322 0.512821 1.59451 0.618269 0.00182437
0.610169 0.512821 1.39844 0.479667 0.000709402
0.661017 0.512821 1.25933 0.352589 3.11229e-05
0.711864 0.512821 1.16651 0.247681 -0.000306189
0.762712 0.512821 1.10651 0.166821 -0.000419321
0.813559 0.512821 1.06878 0.106845 -0.000403468
0.864407 0.512821 1.04619 0.0626196 -0.000317895
0.915254 0.512821 1.03428 0.0286876 -0.000186102
0.966102 0.512821 1.03138 0 0
1.01695 0.512821 0 0 0
1.0678 0.512821 0 0 0
1.11864 0.512821 0 0 0
1.16949 0.512821 0 0 0
1.22034 0.512821 0 0 0
1.27119 0.512821 0 0 0
1.32203 0.512821 0 0 0
1.37288 0.512821 0 0 0
1.42373 0.512821 0 0 0
1.47458 0.512821 0 0 0
1.52542 0.512821 0 0 0
1.57627 0.512821 0 0 0
1.62712 0.512821 0 0 0
1.67797 0.512821 0 0 0
1.72881 0.512821 0 0 0
1.77966 0.512821 0 0 0
1.83051 0.512821 0 0 0
1.88136 0.512821 0 0 0
1.9322 0.512821 0 0 0
1.98305 0.512821 0 0 0
2.0339 0.512821 1 0 0
2.08475 0.512821 1 3.59936e-17 -2.27283e-15
2.13559 0.512821 1 4.94791e-16 -3.83337e-15
2.18644 0.512821 1 9.92392e-16 -4.35399e-15
2.23729 0.512821 1 1.26546e-15 -3.98941e-15
2.28814 0.512821 1 1.261e-15 -3.15761e-15
2.33898 0.512821 1 1.07101e-15 -2.24367e-15
2.38983 0.512821 1 8.0819e-16 -1.45644e-15
2.44068 0.512821 1 5.52214e-16 -8.79449e-16
2.49153 0.512821 1 3.55433e-16 -5.04228e-16
2.54237 0.512821 1 2.13927e-16 -2.70709e-16
2.59322 0.512821 1 1.14795e-16 -1.34145e-16
2.64407 0.512821 1 5.9386e-17 -6.38759e-17
2.69492 0.512821 1 2.95243e-17 -2.9288e-17
2.74576 0.512821 1 1.41405e-17 -1.3005e-17
2.79661 0.512821 1 6.55011e-18 -5.61591e-18
2.84746 0.512821 1 2.93877e-18 -2.36455e-18
2.89831 0.512821 1 1.26147e-18 -9.63968e-19
2.94915 0.512821 1 4.66402e-19 -3.48402e-19
3 0.512821 1 0 0

0 0.564103 2 1 0
0.0508475 0.564103 2.08543 0.960239 0.00152828
0.101695 0.564103 2.16966 0.927582 0.00398299
0.152542 0.564103 2.23265 0.906575 0.007271
0.20339 0.564103 2.27243 0.897005 0.0109778
0.254237 0.564103 2.30604 0.897338 0.0145594
0.305085 0.564103 2.33851 0.905032 0.0175641
0.355932 0.564103 2.34139 0.910918 0.0196528
0.40678 0.564103 2.26362 0.896637 0.0204819
0.457627 0.564103 2.08109 0.843265 0.0197579
0.508475 0.564103 1.83345 0.745279 0.0175257
0.559322 0.564103 1.5903 0.615687 0.0143041
0.610169 0.564103 1.3959 0.477572 0.0108342
0.661017 0.564103 1.25787 0.351059 0.00770974
0.711864 0.564103 1.16569 0.246654 0.00521633
0.762712 0.564103 1.10607 0.166176 0.003385
0.813559 0.564103 1.06854 0.106465 0.00211036
0.864407 0.564103 1.04605 0.0624161 0.00123729
0.915254 0.564103 1.03419 0.0286017 0.00059693
0.966102 0.564103 1.0313 0 0
1.01695 0.564103 0 0 0
1.0678 0.564103 0 0 0
1.11864 0.564103 0 0 0
1.16949 0.564103 0 0 0
1.22034 0.564103 0 0 0
1.27119 0.564103 0 0 0
1.32203 0.564103 0 0 0
1.37288 0.564103 0 0 0
1.42373 0.564103 0 0 0
1.47458 0.564103 0 0 0
1.52542 0.564103 0 0 0
1.57627 0.564103 0 0 0
1.62712 0.564103 0 0 0
1.67797 0.564103 0 0 0
1.72881 0.564103 0 0 0
1.77966 0.564103 0 0 0
1.83051 0.564103 0 0 0
1.88136 0.564103 0 0 0
1.9322 0.564103 0 0 0
1.98305 0.564103 0 0 0
2.0339 0.564103 1 0 0
2.08475 0.564103 1 4.25288e-16 -6.28613e-15
2.13559 0.564103 1 1.90765e-15 -1.049e-14
2.18644 0.564103 1 3.29085e-15 -1.16436e-14
2.23729 0.564103 1 3.88557e-15 -1.0375e-14
2.28814 0.564103 1 3.66222e-15 -7.96369e-15
2.33898 0.564103 1 2.96688e-15 -5.46734e-15
2.38983 0.564103 1 2.14826e-15 -3.44364e-15
2.44068 0.564103 1 1.4202e-15 -2.0205e-15
2.49153 0.564103 1 8.74769e-16 -1.11676e-15
2.54237 0.564103 1 5.11679e-16 -5.90582e-16
2.59322 0.564103 1 2.7975e-16 -2.98704e-16
2.64407 0.564103 1 1.41173e-16 -1.39e-16
2.69492 0.564103 1 6.86056e-17 -6.22974e-17
2.74576 0.564103 1 3.20856e-17 -2.70385e-17
2.79661 0.564103 1 1.45198e-17 -1.14158e-17
2.84746 0.564103 1 6.37145e-18 -4.70411e-18
2.89831 0.564103 1 2.68024e-18 -1.88059e-18
2.94915 0.564103 1 9.74723e-19 -6.69703e-19
3 0.564103 1 0 0

0 0.615385 2 1 0
0.0508475 0.615385 2.0836 0.961213 0.00178473
0.101695 0.615385 2.16535 0.92947 0.0050559
0.152542 0.615385 2.22496 0.909022 0.0100764
0.20339 0.615385 2.26112 0.899346 0.016386
0.254237 0.615385 2.29167 0.898834 0.0230938
0.305085 0.615385 2.32186 0.905049 0.0293158
0.355932 0.615385 2.32306 0.908984 0.0342477
0.40678 0.615385 2.24443 0.892523 0.0369942
0.457627 0.615385 2.06282 0.83721 0.0367465
0.508475 0.615385 1.81824 0.738089 0.0334049
0.559322 0.615385 1.57919 0.608461 0.0278735
0.610169 0.615385 1.38851 0.471223 0.0215714
0.661017 0.615385 1.25321 0.34603 0.015695
0.711864 0.615385 1.16281 0.242971 0.0108715
0.762712 0.615385 1.1043 0.163645 0.00723322
0.813559 0.615385 1.06744 0.104832 0.00462846
0.864407 0.615385 1.04534 0.061458 0.00278323
0.915254 0.615385 1.03368 0.0281628 0.00137103
0.966102 0.615385 1.03084 0 0
1.01695 0.615385 0 0 0
1.0678 0.615385 0 0 0
1.11864 0.615385 0 0 0
1.16949 0.615385 0 0 0
1.22034 0.615385 0 0 0
1.27119 0.615385 0 0 0
1.32203 0.615385 0 0 0
1.37288 0.615385 0 0 0
1.42373 0.615385 0 0 0
1.47458 0.615385 0 0 0
1.52542 0.615385 0 0 0
1.57627 0.615385 0 0 0
1.62712 0.615385 0 0 0
1.67797 0.615385 0 0 0
1.72881 0.615385 0 0 0
1.77966 0.615385 0 0 0
1.83051 0.615385 0 0 0
1.88136 0.615385 0 0 0
1.9322 0.615385 0 0 0
1.98305 0.615385 0 0 0
2.0339 0.615385 1 0 0
2.08475 0.615385 1 2.23897e-15 -1.7448e-14
2.13559 0.615385 1 7.02485e-15 -2.8649e-14
2.18644 0.615385 1 1.07767e-14 -3.09107e-14
2.23729 0.615385 1 1.18072e-14 -2.66213e-14
2.28814 0.615385 1 1.05079e-14 -1.97054e-14
2.33898 0.615385 1 8.08895e-15 -1.3046e-14
2.38983 0.615385 1 5.58828e-15 -7.9279e-15
2.44068 0.615385 1 3.54892e-15 -4.4973e-15
2.49153 0.615385 1 2.10644e-15 -2.41162e-15
2.54237 0.615385 1 1.18053e-15 -1.23564e-15
2.59322 0.615385 1 6.33041e-16 -6.12775e-16
2.64407 0.615385 1 3.24848e-16 -2.90376e-16
2.69492 0.615385 1 1.54104e-16 -1.27205e-16
2.74576 0.615385 1 7.04211e-17 -5.40877e-17
2.79661 0.615385 1 3.1142e-17 -2.23365e-17
2.84746 0.615385 1 1.33658e-17 -9.00644e-18
2.89831 0.615385 1 5.5097e-18 -3.52977e-18
2.94915 0.615385 1 1.97081e-18 -1.23817e-18
3 0.615385 1 0 0

0 0.666667 2 1 0
0.0508475 0.666667 2.08157 0.962367 0.00239864
0.101695 0.666667 2.16013 0.931832 0.00739323
0.152542 0.666667 2.21478 0.912134 0.0154913
0.20339 0.666667 2.24547 0.902206 0.0257353
0.254237 0.666667 2.2713 0.900311 0.0365231
0.305085 0.666667 2.2977 0.904167 0.0464084
0.355932 0.666667 2.29558 0.904967 0.0541245
0.40678 0.666667 2.21456 0.884953 0.0582577
0.457627 0.666667 2.03347 0.826449 0.0575806
0.508475 0.666667 1.79326 0.725478 0.05206
0.559322 0.666667 1.56065 0.595852 0.043233
0.610169 0.666667 1.37601 0.460151 0.0333501
0.661017 0.666667 1.24522 0.33724 0.0242315
0.711864 0.666667 1.15782 0.236507 0.0167915
0.762712 0.666667 1.10119 0.159177 0.0111944
0.813559 0.666667 1.06548 0.101931 0.00718649
0.864407 0.666667 1.04405 0.0597449 0.00433855
0.915254 0.666667 1.03275 0.0273738 0.00214519
0.966102 0.666667 1.03001 0 0
1.01695 0.666667 0 0 0
1.0678 0.666667 0 0 0
1.11864 0.666667 0 0 0
1.16949 0.666667 0 0 0
1.22034 0.666667 0 0 0
1.27119 0.666667 0 0 0
1.32203 0.666667 0 0 0
1.37288 0.666667 0 0 0
1.42373 0.666667 0 0 0
1.47458 0.666667 0 0 0
1.52542 0.666667 0 0 0
1.57627 0.666667 0 0 0
1.62712 0.666667 0 0 0
1.67797 0.666667 0 0 0
1.72881 0.666667 0 0 0
1.77966 0.666667 0 0 0
1.83051 0.666667 0 0 0
1.88136 0.666667 0 0 0
1.9322 0.666667 0 0 0
1.98305 0.666667 0 0 0
2.0339 0.666667 1 0 0
2.08475 0.666667 1 9.90394e-15 -4.87429e-14
2.13559 0.666667 1 2.51921e-14 -7.81618e-14
2.18644 0.666667 1 3.48446e-14 -8.13238e-14
2.23729 0.666667 1 3.54149e-14 -6.72164e-14
2.28814 0.666667 1 2.96166e-14 -4.7721e-14
2.33898 0.666667 1 2.15968e-14 -3.03549e-14
2.38983 0.666667 1 1.42171e-14 -1.77559e-14
2.44068 0.666667 1 8.64185e-15 -9.72212e-15
2.49153 0.666667 1 4.92575e-15 -5.04716e-15
2.54237 0.666667 1 2.66309e-15 -2.50837e-15
2.59322 0.666667 1 1.37859e-15 -1.19458e-15
2.64407 0.666667 1 6.92718e-16 -5.56262e-16
2.69492 0.666667 1 3.32958e-16 -2.49731e-16
2.74576 0.666667 1 1.48748e-16 -1.03945e-16
2.79661 0.666667 1 6.43965e-17 -4.19686e-17
2.84746 0.666667 1 2.7046e-17 -1.65436e-17
2.89831 0.666667 1 1.09266e-17 -6.35198e-18
2.94915 0.666667 1 3.84443e-18 -2.1939e-18
3 0.666667 1 0 0

0 0.717949 2 1 0
0.0508475 0.717949 2.07966 0.963661 0.0033728
0.101695 0.717949 2.15342 0.93459 0.0114084
0.152542 0.717949 2.19945 0.915566 0.0244656
0.20339 0.717949 2.22104 0.904729 0.0403457
0.254237 0.717949 2.24007 0.900366 0.0563445
0.305085 0.717949 2.26182 0.900574 0.0703843
0.355932 0.717949 2.25565 0.896823 0.0807439
0.40678 0.717949 2.17145 0.871827 0.0854983
0.457627 0.717949 1.99113 0.809027 0.0831329
0.508475 0.717949 1.75727 0.705834 0.0740026
0.559322 0.717949 1.534 0.576696 0.0606234
0.610169 0.717949 1.35808 0.443615 0.0462531
0.661017 0.717949 1.23376 0.324267 0.0333286
0.711864 0.717949 1.15065 0.227042 0.0229601
0.762712 0.717949 1.09672 0.15267 0.0152485
0.813559 0.717949 1.06266 0.09772 0.00976876
0.864407 0.717949 1.0422 0.0572655 0.00589377
0.915254 0.717949 1.03139 0.0262342 0.00291526
0.966102 0.717949 1.0288 0 0
1.01695 0.717949 0 0 0
1.0678 0.717949 0 0 0
1.11864 0.717949 0 0 0
1.16949 0.717949 0 0 0
1.22034 0.717949 0 0 0
1.27119 0.717949 0 0 0
1.32203 0.717949 0 0 0
1.37288 0.717949 0 0 0
1.42373 0.717949 0 0 0
1.47458 0.717949 0 0 0
1.52542 0.717949 0 0 0
1.57627 0.717949 0 0 0
1.62712 0.717949 0 0 0
1.67797 0.717949 0 0 0
1.72881 0.717949 0 0 0
1.77966 0.717949 0 0 0
1.83051 0.717949 0 0 0
1.88136 0.717949 0 0 0
1.9322 0.717949 0 0 0
1.98305 0.717949 0 0 0
2.0339 0.717949 1 0 0
2.08475 0.717949 1 4.06148e-14 -1.37563e-13
2.13559 0.717949 1 8.88036e-14 -2.13084e-13
2.18644 0.717949 1 1.11246e-13 -2.1153e-13
2.23729 0.717949 1 1.04471e-13 -1.66337e-13
2.28814 0.717949 1 8.1688e-14 -1.12497e-13
2.33898 0.717949 1 5.61866e-14 -6.83641e-14
2.38983 0.717949 1 3.51362e-14 -3.83391e-14
2.44068 0.717949 1 2.0407e-14 -2.02021e-14
2.49153 0.717949 1 1.11727e-14 -1.01179e-14
2.54237 0.717949 1 5.83471e-15 -4.86272e-15
2.59322 0.717949 1 2.92442e-15 -2.25043e-15
2.64407 0.717949 1 1.41129e-15 -1.01562e-15
2.69492 0.717949 1 6.64445e-16 -4.50247e-16
2.74576 0.717949 1 3.01968e-16 -1.93036e-16
2.79661 0.717949 1 1.28154e-16 -7.56718e-17
2.84746 0.717949 1 5.26953e-17 -2.90659e-17
2.89831 0.717949 1 2.08571e-17 -1.09167e-17
2.94915 0.717949 1 7.2164e-18 -3.71067e-18
3 0.717949 1 0 0

0 0.769231 2 1 0
0.0508475 0.769231 2.07859 0.964549 0.00488296
0.101695 0.769231 2.14638 0.936571 0.0185522
0.152542 0.769231 2.18376 0.917336 0.0401042
0.20339 0.769231 2.19764 0.904286 0.0643428
0.254237 0.769231 2.20977 0.896117 0.086682
0.305085 0.769231 2.22378 0.891386 0.10457
0.355932 0.769231 2.20834 0.881724 0.116289
0.40678 0.769231 2.11626 0.850418 0.119793
0.457627 0.769231 1.93519 0.782507 0.113647
0.508475 0.769231 1.70952 0.677238 0.0990006
0.559322 0.769231 1.4988 0.549686 0.0796444
0.610169 0.769231 1.33451 0.42084 0.0598953
0.661017 0.769231 1.21876 0.306701 0.0426868
0.711864 0.769231 1.14129 0.214387 0.0291695
0.762712 0.769231 1.09089 0.144049 0.0192621
0.813559 0.769231 1.05897 0.0921816 0.0122957
0.864407 0.769231 1.03977 0.0540223 0.00740555
0.915254 0.769231 1.02962 0.0247505 0.00366188
0.966102 0.769231 1.02719 0 0
1.01695 0.769231 0 0 0
1.0678 0.769231 0 0 0
1.11864 0.769231 0 0 0
1.16949 0.769231 0 0 0
1.22034 0.769231 0 0 0
1.27119 0.769231 0 0 0
1.32203 0.769231 0 0 0
1.37288 0.769231 0 0 0
1.42373 0.769231 0 0 0
1.47458 0.769231 0 0 0
1.52542 0.769231 0 0 0
1.57627 0.769231 0 0 0
1.62712 0.769231 0 0 0
1.67797 0.769231 0 0 0
1.72881 0.769231 0 0 0
1.77966 0.769231 0 0 0
1.83051 0.769231 0 0 0
1.88136 0.769231 0 0 0
1.9322 0.769231 0 0 0
1.98305 0.769231 0 0 0
2.0339 0.769231 1 0 0
2.08475 0.769231 1 1.61172e-13 -3.94149e-13
2.13559 0.769231 1 3.09424e-13 -5.7995e-13
2.18644 0.769231 1 3.49972e-13 -5.41658e-13
2.23729 0.769231 1 3.01755e-13 -4.00914e-13
2.28814 0.769231 1 2.1937e-13 -2.56256e-13
2.33898 0.769231 1 1.41695e-13 -1.47917e-13
2.38983 0.769231 1 8.38841e-14 -7.91897e-14
2.44068 0.769231 1 4.64439e-14 -4.00078e-14
2.49153 0.769231 1 2.4381e-14 -1.93016e-14
2.54237 0.769231 1 1.22519e-14 -8.96822e-15
2.59322 0.769231 1 5.93177e-15 -4.03989e-15
2.64407 0.769231 1 2.77885e-15 -1.76984e-15
2.69492 0.769231 1 1.26979e-15 -7.56765e-16
2.74576 0.769231 1 5.68971e-16 -3.18842e-16
2.79661 0.769231 1 2.46732e-16 -1.31036e-16
2.84746 0.769231 1 9.89491e-17 -4.84409e-17
2.89831 0.769231 1 3.82477e-17 -1.78056e-17
2.94915 0.769231 1 1.29989e-17 -5.96024e-18
3 0.769231 1 0 0

0 0.820513 2 1 0
0.0508475 0.820513 2.08193 0.963744 0.00761324
0.101695 0.820513 2.12627 0.936201 0.029677
0.152542 0.820513 2.12134 0.915143 0.060908
0.20339 0.820513 2.10322 0.896919 0.093413
0.254237 0.820513 2.10688 0.881931 0.122239
0.305085 0.820513 2.12767 0.870256 0.1445
0.355932 0.820513 2.12033 0.853726 0.157671
0.40678 0.820513 2.03314 0.815899 0.15899
0.457627 0.820513 1.85966 0.743425 0.147368
0.508475 0.820513 1.64831 0.637512 0.125525
0.559322 0.820513 1.45482 0.51364 0.099047
0.610169 0.820513 1.30545 0.391285 0.0733535
0.661017 0.820513 1.20036 0.284352 0.0516786
0.711864 0.820513 1.12984 0.198514 0.0350191
0.762712 0.820513 1.08377 0.133352 0.0229923
0.813559 0.820513 1.05448 0.0853677 0.0146283
0.864407 0.820513 1.0368 0.0500619 0.00880219
0.915254 0.820513 1.02744 0.0229499 0.0043554
0.966102 0.820513 1.02521 0 0
1.01695 0.820513 0 0 0
1.0678 0.820513 0 0 0
1.11864 0.820513 0 0 0
1.16949 0.820513 0 0 0
1.22034 0.820513 0 0 0
1.27119 0.820513 0 0 0
1.32203 0.820513 0 0 0
1.37288 0.820513 0 0 0
1.42373 0.820513 0 0 0
1.47458 0.820513 0 0 0
1.52542 0.820513 0 0 0
1.57627 0.820513 0 0 0
1.62712 0.820513 0 0 0
1.67797 0.820513 0 0 0
1.72881 0.820513 0 0 0
1.77966 0.820513 0 0 0
1.83051 0.820513 0 0 0
1.88136 0.820513 0 0 0
1.9322 0.820513 0 0 0
1.98305 0.820513 0 0 0
2.0339 0.820513 1 0 0
2.08475 0.820513 1 6.35354e-13 -1.15348e-12
2.13559 0.820513 1 1.06884e-12 -1.5719e-12
2.18644 0.820513 1 1.08019e-12 -1.35568e-12
2.23729 0.820513 1 8.47432e-13 -9.32271e-13
2.28814 0.820513 1 5.68986e-13 -5.582e-13
2.33898 0.820513 1 3.4355e-13 -3.04256e-13
2.38983 0.820513 1 1.91982e-13 -1.54922e-13
2.44068 0.820513 1 1.01106e-13 -7.4894e-14
2.49153 0.820513 1 5.07969e-14 -3.47606e-14
2.54237 0.820513 1 2.45618e-14 -1.56044e-14
2.59322 0.820513 1 1.15015e-14 -6.81619e-15
2.64407 0.820513 1 5.23803e-15 -2.90675e-15
2.69492 0.820513 1 2.32842e-15 -1.2115e-15
2.74576 0.820513 1 1.01053e-15 -4.9661e-16
2.79661 0.820513 1 4.30513e-16 -2.02777e-16
2.84746 0.820513 1 1.78148e-16 -7.56456e-17
2.89831 0.820513 1 6.69447e-17 -2.74347e-17
2.94915 0.820513 1 2.23588e-17 -9.05011e-18
3 0.820513 1 0 0

0 0.871795 2 1 0
0.0508475 0.871795 2.10774 0.952112 0.0176795
0.101695 0.871795 2.18715 0.916847 0.0645065
0.152542 0.871795 2.22808 0.890534 0.11887
0.20339 0.871795 2.22797 0.869669 0.162915
0.254237 0.871795 2.20189 0.852884 0.192439
0.305085 0.871795 2.16359 0.837447 0.209176
0.355932 0.871795 2.09481 0.814223 0.213956
0.40678 0.871795 1.96529 0.768731 0.205367
0.457627 0.871795 1.77908 0.691385 0.183235
0.508475 0.871795 1.57831 0.586175 0.151561
0.559322 0.871795 1.4039 0.468406 0.117002
0.610169 0.871795 1.2718 0.355088 0.0852971
0.661017 0.871795 1.1791 0.257481 0.0594327
0.711864 0.871795 1.11661 0.179686 0.0399713
0.762712 0.871795 1.07553 0.120798 0.0261223
0.813559 0.871795 1.04927 0.0774488 0.0165922
0.864407 0.871795 1.03335 0.0455081 0.0100025
0.915254 0.871795 1.0249 0.0209015 0.00497209
0.966102 0.871795 1.02292 0 0
1.01695 0.871795 0 0 0
1.0678 0.871795 0 0 0
1.11864 0.871795 0 0 0
1.16949 0.871795 0 0 0
1.22034 0.871795 0 0 0
1.27119 0.871795 0 0 0
1.32203 0.871795 0 0 0
1.37288 0.871795 0 0 0
1.42373 0.871795 0 0 0
1.47458 0.871795 0 0 0
1.52542 0.871795 0 0 0
1.57627 0.871795 0 0 0
1.62712 0.871795 0 0 0
1.67797 0.871795 0 0 0
1.72881 0.871795 0 0 0
1.77966 0.871795 0 0 0
1.83051 0.871795 0 0 0
1.88136 0.871795 0 0 0
1.9322 0.871795 0 0 0
1.98305 0.871795 0 0 0
2.0339 0.871795 1 0 0
2.08475 0.871795 1 2.54061e-12 -3.47138e-12
2.13559 0.871795 1 3.6579e-12 -4.21574e-12
2.18644 0.871795 1 3.24455e-12 -3.27534e-12
2.23729 0.871795 1 2.28971e-12 -2.061e-12
2.28814 0.871795 1 1.40997e-12 -1.14545e-12
2.33898 0.871795 1 7.92461e-13 -5.86431e-13
2.38983 0.871795 1 4.16982e-13 -2.83164e-13
2.44068 0.871795 1 2.0866e-13 -1.30829e-13
2.49153 0.871795 1 1.00332e-13 -5.83861e-14
2.54237 0.871795 1 4.66941e-14 -2.53271e-14
2.59322 0.871795 1 2.11382e-14 -1.073e-14
2.64407 0.871795 1 9.34607e-15 -4.45746e-15
2.69492 0.871795 1 4.04822e-15 -1.82112e-15
2.74576 0.871795 1 1.71816e-15 -7.36116e-16
2.79661 0.871795 1 7.20661e-16 -2.87524e-16
2.84746 0.871795 1 2.93941e-16 -1.14415e-16
2.89831 0.871795 1 1.10649e-16 -3.98419e-17
2.94915 0.871795 1 3.65689e-17 -1.29029e-17
3 0.871795 1 0 0

0 0.923077 2 1 0
0.0508475 0.923077 1.98031 0.930668 0.0130799
0.101695 0.923077 1.77094 0.887573 0.0675631
0.152542 0.923077 1.62778 0.846811 0.137414
0.20339 0.923077 1.62342 0.807993 0.195466
0.254237 0.923077 1.7162 0.779167 0.234915
0.305085 0.923077 1.82444 0.759711 0.256588
0.355932 0.923077 1.86651 0.736638 0.26027
0.40678 0.923077 1.80295 0.692532 0.244978
0.457627 0.923077 1.6589 0.618641 0.213308
0.508475 0.923077 1.49225 0.520771 0.172442
0.559322 0.923077 1.34595 0.413947 0.130724
0.610169 0.923077 1.23456 0.312971 0.094065
0.661017 0.923077 1.15575 0.226859 0.0649669
0.711864 0.923077 1.10209 0.158519 0.0434516
0.762712 0.923077 1.06648 0.10683 0.0283221
0.813559 0.923077 1.04351 0.0687424 0.0180114
0.864407 0.923077 1.02949 0.0406035 0.010944
0.915254 0.923077 1.02203 0.0187698 0.00552931
0.966102 0.923077 1.02059 0 0
1.01695 0.923077 0 0 0
1.0678 0.923077 0 0 0
1.11864 0.923077 0 0 0
1.16949 0.923077 0 0 0
1.22034 0.923077 0 0 0
1.27119 0.923077 0 0 0
1.32203 0.923077 0 0 0
1.37288 0.923077 0 0 0
1.42373 0.923077 0 0 0
1.47458 0.923077 0 0 0
1.52542 0.923077 0 0 0
1.57627 0.923077 0 0 0
1.62712 0.923077 0 0 0
1.67797 0.923077 0 0 0
1.72881 0.923077 0 0 0
1.77966 0.923077 0 0 0
1.83051 0.923077 0 0 0
1.88136 0.923077 0 0 0
1.9322 0.923077 0 0 0
1.98305 0.923077 0 0 0
2.0339 0.923077 1 0 0
2.08475 0.923077 1 1.05162e-11 -1.07931e-11
2.13559 0.923077 1 1.23144e-11 -1.10172e-11
2.18644 0.923077 1 9.34458e-12 -7.46853e-12
2.23729 0.923077 1 5.85762e-12 -4.23128e-12
2.28814 0.923077 1 3.28774e-12 -2.16588e-12
2.33898 0.923077 1 1.71541e-12 -1.03814e-12
2.38983 0.923077 1 8.49242e-13 -4.74997e-13
2.44068 0.923077 1 4.03893e-13 -2.09851e-13
2.49153 0.923077 1 1.86028e-13 -9.01742e-14
2.54237 0.923077 1 8.34396e-14 -3.78731e-14
2.59322 0.923077 1 3.65827e-14 -1.5606e-14
2.64407 0.923077 1 1.57223e-14 -6.32338e-15
2.69492 0.923077 1 6.63866e-15 -2.52523e-15
2.74576 0.923077 1 2.76459e-15 -9.94218e-16
2.79661 0.923077 1 1.1346e-15 -3.8821e-16
2.84746 0.923077 1 4.55708e-16 -1.52935e-16
2.89831 0.923077 1 1.77157e-16 -5.29844e-17
2.94915 0.923077 1 5.71089e-17 -1.70505e-17
3 0.923077 1 0 0

0 0.974359 2 1 0
0.0508475 0.974359 3.10685 0.732191 0.208385
0.101695 0.974359 3.10653 0.720046 0.281321
0.152542 0.974359 2.72092 0.735129 0.30613
0.20339 0.974359 2.41078 0.731245 0.317869
0.254237 0.974359 2.2023 0.717598 0.324845
0.305085 0.974359 2.04847 0.698289 0.324435
0.355932 0.974359 1.90012 0.666958 0.310493
0.40678 0.974359 1.73541 0.61467 0.279682
0.457627 0.974359 1.56515 0.539355 0.235305
0.508475 0.974359 1.41162 0.448454 0.185466
0.559322 0.974359 1.28832 0.354194 0.138198
0.610169 0.974359 1.19668 0.267333 0.0983714
0.661017 0.974359 1.13171 0.194032 0.0675114
0.711864 0.974359 1.08702 0.136013 0.0450083
0.762712 0.974359 1.057 0.0920987 0.0293253
0.813559 0.974359 1.03742 0.0597026 0.0187361
0.864407 0.974359 1.02535 0.0357587 0.0116025
0.915254 0.974359 1.01909 0.017047 0.00623238
0.966102 0.974359 1.01929 0 0
1.01695 0.974359 0 0 0
1.0678 0.974359 0 0 0
1.11864 0.974359 0 0 0
1.16949 0.974359 0 0 0
1.22034 0.974359 0 0 0
1.27119 0.974359 0 0 0
1.32203 0.974359 0 0 0
1.37288 0.974359 0 0 0
1.42373 0.974359 0 0 0
1.47458 0.974359 0 0 0
1.52542 0.974359 0 0 0
1.57627 0.974359 0 0 0
1.62712 0.974359 0 0 0
1.67797 0.974359 0 0 0
1.72881 0.974359 0 0 0
1.77966 0.974359 0 0 0
1.83051 0.974359 0 0 0
1.88136 0.974359 0 0 0
1.9322 0.974359 0 0 0
1.98305 0.974359 0 0 0
2.0339 0.974359 1 0 0
2.08475 0.974359 1 4.5984e-11 -3.53892e-11
2.13559 0.974359 1 3.98145e-11 -2.70427e-11
2.18644 0.974359 1 2.5116e-11 -1.54092e-11
2.23729 0.974359 1 1.38456e-11 -7.76632e-12
2.28814 0.974359 1 7.06441e-12 -3.65305e-12
2.33898 0.974359 1 3.42355e-12 -1.64217e-12
2.38983 0.974359 1 1.59784e-12 -7.14417e-13
2.44068 0.974359 1 7.24167e-13 -3.03014e-13
2.49153 0.974359 1 3.20405e-13 -1.25888e-13
2.54237 0.974359 1 1.38895e-13 -5.13931e-14
2.59322 0.974359 1 5.91431e-14 -2.06675e-14
2.64407 0.974359 1 2.479e-14 -8.20002e-15
2.69492 0.974359 1 1.02435e-14 -3.21064e-15
2.74576 0.974359 1 4.17326e-15 -1.24176e-15
2.79661 0.974359 1 1.67881e-15 -4.79433e-16
2.84746 0.974359 1 6.70862e-16 -1.79843e-16
2.89831 0.974359 1 2.58733e-16 -6.43707e-17
2.94915 0.974359 1 8.32147e-17 -2.07058e-17
3 0.974359 1 0 0

0 1.02564 0.0482025 0 0
0.0508475 1.02564 0.40531 0.23477 0.319992
0.101695 1.02564 0.893817 0.348616 0.429913
0.152542 1.02564 1.24609 0.434086 0.449561
0.20339 1.02564 1.46542 0.493707 0.439507
0.254237 1.02564 1.59722 0.530285 0.418659
0.305085 1.02564 1.65078 0.545473 0.38953
0.355932 1.02564 1.62694 0.536258 0.349893
0.40678 1.02564 1.54296 0.500149 0.299657
0.457627 1.02564 1.43133 0.440604 0.243231
0.508475 1.02564 1.32164 0.367047 0.187373
0.559322 1.02564 1.22967 0.290655 0.137788
0.610169 1.02564 1.15922 0.220243 0.0974173
0.661017 1.02564 1.10804 0.160668 0.066667
0.711864 1.02564 1.07211 0.113309 0.0444234
0.762712 1.02564 1.04753 0.0773278 0.0289796
0.813559 1.02564 1.03112 0.0508132 0.0185961
0.864407 1.02564 1.02043 0.0315645 0.0117233
0.915254 1.02564 1.01346 0.0175451 0.00697911
0.966102 1.02564 1.00754 0.00710582 0.00299246
1.01695 1.02564 0.998979 0 0
1.0678 1.02564 0.999977 0 0
1.11864 1.02564 1.00008 0 0
1.16949 1.02564 1.00006 0 0
1.22034 1.02564 1.00003 0 0
1.27119 1.02564 1.00002 0 0
1.32203 1.02564 1.00001 0 0
1.37288 1.02564 1 0 0
1.42373 1.02564 1 0 0
1.47458 1.02564 1 0 0
1.52542 1.02564 1 0 0
1.57627 1.02564 1 0 0
1.62712 1.02564 1 0 0
1.67797 1.02564 1 0 0
1.72881 1.02564 1 0 0
1.77966 1.02564 1 0 0
1.83051 1.02564 1 0 0
1.88136 1.02564 1 0 0
1.9322 1.02564 1 0 0
1.98305 1.02564 1 0 0
2.0339 1.02564 1 2.89733e-10 -1.46637e-10
2.08475 1.02564 1 2.06385e-10 -1.02642e-10
2.13559 1.02564 1 1.17314e-10 -5.47763e-11
2.18644 1.02564 1 6.02206e-11 -2.63352e-11
2.23729 1.02564 1 2.91788e-11 -1.19703e-11
2.28814 1.02564 1 1.36038e-11 -5.24678e-12
2.33898 1.02564 1 6.16402e-12 -2.23972e-12
2.38983 1.02564 1 2.73021e-12 -9.36363e-13
2.44068 1.02564 1 1.18644e-12 -3.84734e-13
2.49153 1.02564 1 5.07085e-13 -1.55726e-13
2.54237 1.02564 1 2.13529e-13 -6.22031e-14
2.59322 1.02564 1 8.86977e-14 -2.45464e-14
2.64407 1.02564 1 3.63879e-14 -9.57879e-15
2.69492 1.02564 1 1.47539e-14 -3.70283e-15
2.74576 1.02564 1 5.91433e-15 -1.41419e-15
2.79661 1.02564 1 2.34825e-15 -5.35089e-16
2.84746 1.02564 1 9.24459e-16 -1.96825e-16
2.89831 1.02564 1 3.51806e-16 -7.64137e-17
2.94915 1.02564 1 1.13727e-16 -2.33237e-17
3 1.02564 1 0 0

0 1.07692 0.6404 0 0
0.0508475 1.07692 0.815198 0.0754533 0.13969
0.101695 1.07692 1.07797 0.164273 0.271815
0.152542 1.07692 1.27284 0.253123 0.350235
0.20339 1.07692 1.40539 0.32668 0.385153
0.254237 1.07692 1.48414 0.3795 0.389976
0.305085 1.07692 1.50684 0.408633 0.37182
0.355932 1.07692 1.47641 0.411406 0.335011
0.40678 1.07692 1.40863 0.388155 0.285132
0.457627 1.07692 1.32577 0.344183 0.229684
0.508475 1.07692 1.24584 0.288338 0.175994
0.559322 1.07692 1.17826 0.22976 0.129124
0.610169 1.07692 1.12547 0.175333 0.091311
0.661017 1.07692 1.08629 0.128881 0.0626019
0.711864 1.07692 1.05821 0.0916303 0.0418224
0.762712 1.07692 1.03865 0.0631248 0.0273524
0.813559 1.07692 1.02535 0.0420645 0.0175824
0.864407 1.07692 1.01647 0.0268997 0.0110999
0.915254 1.07692 1.01056 0.016187 0.00670979
0.966102 1.07692 1.00622 0.00875109 0.00342431
1.01695 1.07692 1.00276 0.00392858 0.000955825
1.0678 1.07692 1.00118 0.00181777 0.00023846
1.11864 1.07692 1.00053 0.000864986 5.07147e-05
1.16949 1.07692 1.00025 0.000419666 2.14012e-06
1.22034 1.07692 1.00012 0.000206045 -7.69154e-06
1.27119 1.07692 1.00006 0.000101749 -7.33245e-06
1.32203 1.07692 1.00003 5.03012e-05 -5.07595e-06
1.37288 1.07692 1.00001 2.48095e-05 -3.10227e-06
1.42373 1.07692 1.00001 1.21778e-05 -1.76979e-06
1.47458 1.07692 1 5.93819e-06 -9.64636e-07
1.52542 1.07692 1 2.87291e-06 -5.08327e-07
1.57627 1.07692 1 1.37778e-06 -2.60737e-07
1.62712 1.07692 1 6.54576e-07 -1.30732e-07
1.67797 1.07692 1 3.07944e-07 -6.42547e-08
1.72881 1.07692 1 1.43415e-07 -3.10199e-08
1.77966 1.07692 1 6.61084e-08 -1.47308e-08
1.83051 1.07692 1 3.01595e-08 -6.88905e-09
1.88136 1.07692 1 1.36186e-08 -3.17619e-09
1.9322 1.07692 1 6.09156e-09 -1.44712e-09
1.98305 1.07692 1 2.71497e-09 -6.63205e-10
2.0339 1.07692 1 1.2537e-09 -3.43867e-10
2.08475 1.07692 1 5.74803e-10 -1.65169e-10
2.13559 1.07692 1 2.61006e-10 -7.57545e-11
2.18644 1.07692 1 1.17074e-10 -3.35622e-11
2.23729 1.07692 1 5.18338e-11 -1.44833e-11
2.28814 1.07692 1 2.26518e-11 -6.1202e-12
2.33898 1.07692 1 9.77388e-12 -2.5413e-12
2.38983 1.07692 1 4.16587e-12 -1.03937e-12
2.44068 1.07692 1 1.75479e-12 -4.19405e-13
2.49153 1.07692 1 7.30841e-13 -1.67185e-13
2.54237 1.07692 1 3.01082e-13 -6.58999e-14
2.59322 1.07692 1 1.22741e-13 -2.57004e-14
2.64407 1.07692 1 4.95312e-14 -9.92413e-15
2.69492 1.07692 1 1.97974e-14 -3.79553e-15
2.74576 1.07692 1 7.83816e-15 -1.43504e-15
2.79661 1.07692 1 3.07452e-15 -5.38186e-16
2.84746 1.07692 1 1.19233e-15 -2.00809e-16
2.89831 1.07692 1 4.50181e-16 -7.70846e-17
2.94915 1.07692 1 1.5108e-16 -2.33701e-17
3 1.07692 1 0 0

0 1.12821 0.895866 0 0
0.0508475 1.12821 0.957921 0.0276751 0.0886281
0.101695 1.12821 1.09856 0.0785607 0.195813
0.152542 1.12821 1.2179 0.14495 0.277181
0.20339 1.12821 1.30624 0.209163 0.323829
0.254237 1.12821 1.35784 0.260384 0.338995
0.305085 1.12821 1.36935 0.292066 0.32783
0.355932 1.12821 1.34497 0.300966 0.296376
0.40678 1.12821 1.29676 0.287957 0.252101
0.457627 1.12821 1.23911 0.257955 0.202992
0.508475 1.12821 1.18317 0.21811 0.155752
0.559322 1.12821 1.13497 0.175423 0.114637
0.610169 1.12821 1.09646 0.135137 0.0814279
0.661017 1.12821 1.06722 0.100276 0.0561087
0.711864 1.12821 1.04584 0.0719724 0.0376717
0.762712 1.12821 1.03068 0.0500889 0.0247407
0.813559 1.12821 1.0202 0.0338121 0.0159419
0.864407 1.12821 1.01309 0.0220835 0.0100708
0.915254 1.12821 1.00831 0.0138636 0.00613877
0.966102 1.12821 1.00497 0.00825344 0.0033984
1.01695 1.12821 1.00257 0.00456982 0.00151443
1.0678 1.12821 1.00131 0.00242302 0.00060444
1.11864 1.12821 1.00066 0.00125986 0.00022762
1.16949 1.12821 1.00033 0.000648343 8.0696e-05
1.22034 1.12821 1.00016 0.000331191 2.59496e-05
1.27119 1.12821 1.00008 0.000168036 6.74867e-06
1.32203 1.12821 1.00004 8.46524e-05 6.99068e-07
1.37288 1.12821 1.00002 4.23163e-05 -7.86164e-07
1.42373 1.12821 1.00001 2.09756e-05 -8.65776e-07
1.47458 1.12821 1 1.03036e-05 -6.23959e-07
1.52542 1.12821 1 5.01326e-06 -3.86012e-07
1.57627 1.12821 1 2.41508e-06 -2.19922e-07
1.62712 1.12821 1 1.15159e-06 -1.1876e-07
1.67797 1.12821 1 5.43424e-07 -6.16785e-08
1.72881 1.12821 1 2.53745e-07 -3.10681e-08
1.77966 1.12821 1 1.17233e-07 -1.52584e-08
1.83051 1.12821 1 5.3591e-08 -7.33278e-09
1.88136 1.12821 1 2.42417e-08 -3.45761e-09
1.9322 1.12821 1 1.08544e-08 -1.60482e-09
1.98305 1.12821 1 4.81762e-09 -7.40119e-10
2.0339 1.12821 1 2.1285e-09 -3.4892e-10
2.08475 1.12821 1 9.33862e-10 -1.60842e-10
2.13559 1.12821 1 4.06833e-10 -7.21931e-11
2.18644 1.12821 1 1.75879e-10 -3.15955e-11
2.23729 1.12821 1 7.54136e-11 -1.35254e-11
2.28814 1.12821 1 3.20587e-11 -5.68025e-12
2.33898 1.12821 1 1.35077e-11 -2.3461e-12
2.38983 1.12821 1 5.64011e-12 -9.54822e-13
2.44068 1.12821 1 2.33366e-12 -3.83485e-13
2.49153 1.12821 1 9.56818e-13 -1.52167e-13
2.54237 1.12821 1 3.8877e-13 -5.97064e-14
2.59322 1.12821 1 1.56551e-13 -2.3182e-14
2.64407 1.12821 1 6.24845e-14 -8.91464e-15
2.69492 1.12821 1 2.47272e-14 -3.39007e-15
2.74576 1.12821 1 9.69854e-15 -1.27822e-15
2.79661 1.12821 1 3.76971e-15 -4.74774e-16
2.84746 1.12821 1 1.45151e-15 -1.78433e-16
2.89831 1.12821 1 5.48077e-16 -6.64219e-17
2.94915 1.12821 1 1.82295e-16 -2.08164e-17
3 1.12821 1 0 0

0 1.17949 0.970833 0 0
0.0508475 1.17949 1.00118 0.00954906 0.0673453
0.101695 1.17949 1.08483 0.0372835 0.148093
0.152542 1.17949 1.16161 0.0818185 0.21604
0.20339 1.17949 1.2206 0.130383 0.259666
0.254237 1.17949 1.25435 0.172383 0.276949
0.305085 1.17949 1.2607 0.200566 0.270547
0.355932 1.17949 1.24349 0.211464 0.245887
0.40678 1.17949 1.21092 0.205556 0.209973
0.457627 1.17949 1.17202 0.186511 0.169826
0.508475 1.17949 1.13373 0.159558 0.13104
0.559322 1.17949 1.10005 0.129788 0.0970885
0.610169 1.17949 1.07252 0.101086 0.0694572
0.661017 1.17949 1.05118 0.0758095 0.0482043
0.711864 1.17949 1.03527 0.0549745 0.0325818
0.762712 1.17949 1.0238 0.0386596 0.0215191
0.813559 1.17949 1.01575 0.0264039 0.013921
0.864407 1.17949 1.01023 0.017515 0.00881652
0.915254 1.17949 1.00649 0.0112647 0.00541466
0.966102 1.17949 1.00395 0.00699094 0.00312865
1.01695 1.17949 1.00224 0.0041514 0.00162247
1.0678 1.17949 1.00122 0.00236417 0.000776718
1.11864 1.17949 1.00065 0.00130491 0.000352464
1.16949 1.17949 1.00034 0.0007039 0.00015371
1.22034 1.17949 1.00018 0.000372959 6.47434e-05
1.27119 1.17949 1.00009 0.00019467 2.63091e-05
1.32203 1.17949 1.00005 0.000100263 1.02458e-05
1.37288 1.17949 1.00002 5.10002e-05 3.76969e-06
1.42373 1.17949 1.00001 2.56335e-05 1.27171e-06
1.47458 1.17949 1.00001 1.27337e-05 3.65117e-07
1.52542 1.17949 1 6.25287e-06 6.62249e-08
1.57627 1.17949 1 3.03539e-06 -1.53655e-08
1.62712 1.17949 1 1.45676e-06 -2.71612e-08
1.67797 1.17949 1 6.91246e-07 -2.10541e-08
1.72881 1.17949 1 3.24323e-07 -1.32179e-08
1.77966 1.17949 1 1.50475e-07 -7.48616e-09
1.83051 1.17949 1 6.90458e-08 -3.97885e-09
1.88136 1.17949 1 3.1337e-08 -2.02284e-09
1.9322 1.17949 1 1.40709e-08 -9.95319e-10
1.98305 1.17949 1 6.25354e-09 -4.79343e-10
2.0339 1.17949 1 2.75307e-09 -2.29314e-10
2.08475 1.17949 1 1.20066e-09 -1.07443e-10
2.13559 1.17949 1 5.18906e-10 -4.90823e-11
2.18644 1.17949 1 2.22291e-10 -2.18538e-11
2.23729 1.17949 1 9.44e-11 -9.5012e-12
2.28814 1.17949 1 3.97433e-11 -4.04329e-12
2.33898 1.17949 1 1.65884e-11 -1.68823e-12
2.38983 1.17949 1 6.86444e-12 -6.93049e-13
2.44068 1.17949 1 2.81625e-12 -2.80223e-13
2.49153 1.17949 1 1.14557e-12 -1.11755e-13
2.54237 1.17949 1 4.62033e-13 -4.40107e-14
2.59322 1.17949 1 1.84778e-13 -1.71332e-14
2.64407 1.17949 1 7.32854e-14 -6.59852e-15
2.69492 1.17949 1 2.88324e-14 -2.52005e-15
2.74576 1.17949 1 1.12476e-14 -9.52701e-16
2.79661 1.17949 1 4.3488e-15 -3.54654e-16
2.84746 1.17949 1 1.66187e-15 -1.31815e-16
2.89831 1.17949 1 6.25282e-16 -5.01141e-17
2.94915 1.17949 1 2.09972e-16 -1.57086e-17
3 1.17949 1 0 0

0 1.23077 0.997508 0 0
0.0508475 1.23077 1.01891 0.00181209 0.0526133
0.101695 1.23077 1.06926 0.0169664 0.112292
0.152542 1.23077 1.11758 0.0455101 0.164442
0.20339 1.23077 1.15538 0.0795004 0.199923
0.254237 1.23077 1.17676 0.110806 0.215428
0.305085 1.23077 1.18037 0.133248 0.212083
0.355932 1.23077 1.16888 0.143664 0.193989
0.40678 1.23077 1.1475 0.142034 0.166721
0.457627 1.23077 1.12173 0.130739 0.135812
0.508475 1.23077 1.09592 0.113326 0.105631
0.559322 1.23077 1.07275 0.0933368 0.0789303
0.610169 1.23077 1.05342 0.0735629 0.0569561
0.661017 1.23077 1.03813 0.0557918 0.0398609
0.711864 1.23077 1.02654 0.0408927 0.0271522
0.762712 1.23077 1.01806 0.0290572 0.0180542
0.813559 1.23077 1.01203 0.0200596 0.0117423
0.864407 1.23077 1.00784 0.0134703 0.00746985
0.915254 1.23077 1.005 0.0088 0.00462311
0.966102 1.23077 1.00308 0.00558374 0.00274138
1.01695 1.23077 1.00182 0.00342672 0.00152493
1.0678 1.23077 1.00103 0.00203032 0.000800149
1.11864 1.23077 1.00057 0.00116553 0.000400693
1.16949 1.23077 1.00031 0.000651365 0.000193416
1.22034 1.23077 1.00016 0.000355825 9.0622e-05
1.27119 1.23077 1.00009 0.000190588 4.1393e-05
1.32203 1.23077 1.00004 0.000100313 1.84769e-05
1.37288 1.23077 1.00002 5.19632e-05 8.06855e-06
1.42373 1.23077 1.00001 2.65208e-05 3.44673e-06
1.47458 1.23077 1.00001 1.33466e-05 1.43889e-06
1.52542 1.23077 1 6.62672e-06 5.85822e-07
1.57627 1.23077 1 3.24763e-06 2.31813e-07
1.62712 1.23077 1 1.57154e-06 8.8667e-08
1.67797 1.23077 1 7.51113e-07 3.24866e-08
1.72881 1.23077 1 3.54665e-07 1.12195e-08
1.77966 1.23077 1 1.65489e-07 3.53542e-09
1.83051 1.23077 1 7.63224e-08 9.35883e-10
1.88136 1.23077 1 3.47987e-08 1.45134e-10
1.9322 1.23077 1 1.56894e-08 -4.82831e-11
1.98305 1.23077 1 6.99683e-09 -6.80141e-11
2.0339 1.23077 1 3.0874e-09 -4.97161e-11
2.08475 1.23077 1 1.34828e-09 -2.9739e-11
2.13559 1.23077 1 5.82899e-10 -1.59601e-11
2.18644 1.23077 1 2.49555e-10 -7.96632e-12
2.23729 1.23077 1 1.05832e-10 -3.7695e-12
2.28814 1.23077 1 4.44674e-11 -1.71107e-12
2.33898 1.23077 1 1.8515e-11 -7.51129e-13
2.38983 1.23077 1 7.64071e-12 -3.20712e-13
2.44068 1.23077 1 3.12558e-12 -1.33753e-13
2.49153 1.23077 1 1.26756e-12 -5.46711e-14
2.54237 1.23077 1 5.09686e-13 -2.19515e-14
2.59322 1.23077 1 2.03222e-13 -8.67522e-15
2.64407 1.23077 1 8.03557e-14 -3.37769e-15
2.69492 1.23077 1 3.15193e-14 -1.30567e-15
2.74576 1.23077 1 1.22673e-14 -4.97855e-16
2.79661 1.23077 1 4.7328e-15 -1.87061e-16
2.84746 1.23077 1 1.80556e-15 -7.03804e-17
2.89831 1.23077 1 6.78554e-16 -2.53555e-17
2.94915 1.23077 1 2.27256e-16 -8.10081e-18
3 1.23077 1 0 0

0 1.28205 1.00682 0 0
0.0508475 1.28205 1.02309 -0.00142311 0.0406892
0.101695 1.28205 1.054 0.00682644 0.0840584
0.152542 1.28205 1.08407 0.0247168 0.122178
0.20339 1.28205 1.1077 0.0474558 0.148871
0.254237 1.28205 1.12098 0.0694559 0.161246
0.305085 1.28205 1.12305 0.0861211 0.1597
0.355932 1.28205 1.1156 0.0949011 0.147052
0.40678 1.28205 1.10176 0.095468 0.127333
0.457627 1.28205 1.08489 0.0892127 0.104598
0.508475 1.28205 1.0677 0.0784086 0.08209
0.559322 1.28205 1.05197 0.0654216 0.0619142
0.610169 1.28205 1.0386 0.0521947 0.0450941
0.661017 1.28205 1.02784 0.0400416 0.0318425
0.711864 1.28205 1.01956 0.0296659 0.021871
0.762712 1.28205 1.01341 0.0212962 0.0146505
0.813559 1.28205 1.00899 0.0148497 0.00958904
0.864407 1.28205 1.00589 0.0100755 0.00613487
0.915254 1.28205 1.00377 0.00665851 0.00382612
0.966102 1.28205 1.00235 0.00428495 0.0023081
1.01695 1.28205 1.00142 0.00267992 0.00133292
1.0678 1.28205 1.00083 0.00162617 0.000736519
1.11864 1.28205 1.00047 0.000958171 0.000391155
1.16949 1.28205 1.00026 0.000549489 0.000200802
1.22034 1.28205 1.00014 0.000307519 0.00010016
1.27119 1.28205 1.00008 0.000168363 4.87453e-05
1.32203 1.28205 1.00004 9.03609e-05 2.32194e-05
1.37288 1.28205 1.00002 4.76202e-05 1.08505e-05
1.42373 1.28205 1.00001 2.46745e-05 4.9827e-06
1.47458 1.28205 1.00001 1.25835e-05 2.25118e-06
1.52542 1.28205 1 6.32138e-06 1.00151e-06
1.57627 1.28205 1 3.13018e-06 4.38993e-07
1.62712 1.28205 1 1.52867e-06 1.89658e-07
1.67797 1.28205 1 7.3663e-07 8.0777e-08
1.72881 1.28205 1 3.50391e-07 3.39182e-08
1.77966 1.28205 1 1.64581e-07 1.40401e-08
1.83051 1.28205 1 7.63613e-08 5.72804e-09
1.88136 1.28205 1 3.50075e-08 2.30226e-09
1.9322 1.28205 1 1.58625e-08 9.10864e-10
1.98305 1.28205 1 7.10597e-09 3.54089e-10
2.0339 1.28205 1 3.14806e-09 1.34776e-10
2.08475 1.28205 1 1.37955e-09 5.01242e-11
2.13559 1.28205 1 5.98172e-10 1.81941e-11
2.18644 1.28205 1 2.56705e-10 6.44277e-12
2.23729 1.28205 1 1.09064e-10 2.22526e-12
2.28814 1.28205 1 4.58864e-11 7.49418e-13
2.33898 1.28205 1 1.91226e-11 2.45921e-13
2.38983 1.28205 1 7.89524e-12 7.85318e-14
2.44068 1.28205 1 3.2302e-12 2.43506e-14
2.49153 1.28205 1 1.30984e-12 7.30338e-15
2.54237 1.28205 1 5.26518e-13 2.10344e-15
2.59322 1.28205 1 2.09833e-13 5.77766e-16
2.64407 1.28205 1 8.29178e-14 1.51573e-16
2.69492 1.28205 1 3.24999e-14 3.51761e-17
2.74576 1.28205 1 1.26394e-14 5.97704e-18
2.79661 1.28205 1 4.87162e-15 -1.71464e-19
2.84746 1.28205 1 1.85631e-15 -1.02078e-18
2.89831 1.28205 1 6.9715e-16 -4.53833e-19
2.94915 1.28205 1 2.33308e-16 -1.19592e-19
3 1.28205 1 0 0

0 1.33333 1.0089 0 0
0.0508475 1.33333 1.0211 -0.00253893 0.0307078
0.101695 1.33333 1.04037 0.00186365 0.0616881
0.152542 1.33333 1.05903 0.0129157 0.0886685
0.20339 1.33333 1.07363 0.0276974 0.107798
0.254237 1.33333 1.08178 0.042571 0.117018
0.305085 1.33333 1.08298 0.0543737 0.116442
0.355932 1.33333 1.07822 0.0612135 0.107908
0.40678 1.33333 1.06934 0.0626604 0.0941599
0.457627 1.33333 1.05839 0.0594564 0.0780194
0.508475 1.33333 1.04705 0.0529921 0.0617995
0.559322 1.33333 1.0365 0.0447947 0.0470545
0.610169 1.33333 1.02738 0.0361761 0.0345946
0.661017 1.33333 1.01993 0.0280702 0.0246501
0.711864 1.33333 1.01412 0.0210182 0.0170746
0.762712 1.33333 1.00975 0.015239 0.0115258
0.813559 1.33333 1.00658 0.010727 0.00759568
0.864407 1.33333 1.00434 0.00734581 0.00489052
0.915254 1.33333 1.00279 0.00490062 0.00307284
0.966102 1.33333 1.00175 0.00318665 0.0018769
1.01695 1.33333 1.00107 0.00201839 0.00110858
1.0678 1.33333 1.00064 0.00124407 0.000632132
1.11864 1.33333 1.00037 0.000746243 0.000348468
1.16949 1.33333 1.00021 0.000436087 0.000186251
1.22034 1.33333 1.00012 0.000248667 9.68421e-05
1.27119 1.33333 1.00006 0.000138604 4.91384e-05
1.32203 1.33333 1.00003 7.56446e-05 2.43976e-05
1.37288 1.33333 1.00002 4.0483e-05 1.188e-05
1.42373 1.33333 1.00001 2.12727e-05 5.68346e-06
1.47458 1.33333 1 1.09875e-05 2.67528e-06
1.52542 1.33333 1 5.58356e-06 1.24048e-06
1.57627 1.33333 1 2.79379e-06 5.6713e-07
1.62712 1.33333 1 1.37734e-06 2.55843e-07
1.67797 1.33333 1 6.69428e-07 1.13954e-07
1.72881 1.33333 1 3.20925e-07 5.01385e-08
1.77966 1.33333 1 1.51822e-07 2.18012e-08
1.83051 1.33333 1 7.09047e-08 9.37144e-09
1.88136 1.33333 1 3.27027e-08 3.98357e-09
1.9322 1.33333 1 1.49008e-08 1.67479e-09
1.98305 1.33333 1 6.70956e-09 6.96444e-10
2.0339 1.33333 1 2.98653e-09 2.86405e-10
2.08475 1.33333 1 1.31447e-09 1.16488e-10
2.13559 1.33333 1 5.72227e-10 4.68776e-11
2.18644 1.33333 1 2.46457e-10 1.86773e-11
2.23729 1.33333 1 1.05048e-10 7.37366e-12
2.28814 1.33333 1 4.43228e-11 2.88706e-12
2.33898 1.33333 1 1.8517e-11 1.12201e-12
2.38983 1.33333 1 7.66166e-12 4.33147e-13
2.44068 1.33333 1 3.1404e-12 1.66205e-13
2.49153 1.33333 1 1.27542e-12 6.34265e-14
2.54237 1.33333 1 5.13351e-13 2.40752e-14
2.59322 1.33333 1 2.04814e-13 9.09325e-15
2.64407 1.33333 1 8.10088e-14 3.4158e-15
2.69492 1.33333 1 3.17732e-14 1.27911e-15
2.74576 1.33333 1 1.23637e-14 4.71347e-16
2.79661 1.33333 1 4.76883e-15 1.69815e-16
2.84746 1.33333 1 1.8191e-15 6.21504e-17
2.89831 1.33333 1 6.83732e-16 2.2273e-17
2.94915 1.33333 1 2.28968e-16 7.24705e-18
3 1.33333 1 0 0

0 1.38462 1.00809 0 0
0.0508475 1.38462 1.01698 -0.00265552 0.0225359
0.101695 1.38462 1.02912 -0.000396863 0.0442771
0.152542 1.38462 1.04069 0.00634836 0.0629255
0.20339 1.38462 1.04967 0.0157664 0.0761933
0.254237 1.38462 1.05466 0.0255529 0.0827636
0.305085 1.38462 1.05535 0.0336299 0.0826626
0.355932 1.38462 1.05233 0.0386734 0.0770538
0.40678 1.38462 1.04667 0.0402761 0.0677342
0.457627 1.38462 1.03961 0.0387986 0.0565962
0.508475 1.38462 1.0322 0.0350602 0.0452346
0.559322 1.38462 1.02521 0.0300178 0.0347605
0.610169 1.38462 1.01908 0.0245326 0.0257906
0.661017 1.38462 1.014 0.0192477 0.0185398
0.711864 1.38462 1.00999 0.0145614 0.0129496
0.762712 1.38462 1.00695 0.0106593 0.00880886
0.813559 1.38462 1.00472 0.00757097 0.00584609
0.864407 1.38462 1.00313 0.00522899 0.00378898
0.915254 1.38462 1.00202 0.00351751 0.00239775
0.966102 1.38462 1.00128 0.00230684 0.00147892
1.01695 1.38462 1.00079 0.00147511 0.000886719
1.0678 1.38462 1.00047 0.00091946 0.000516089
1.11864 1.38462 1.00028 0.000558662 0.000291645
1.16949 1.38462 1.00016 0.000331063 0.000160244
1.22034 1.38462 1.00009 0.000191532 8.57782e-05
1.27119 1.38462 1.00005 0.00010831 4.48315e-05
1.32203 1.38462 1.00003 5.99455e-05 2.29251e-05
1.37288 1.38462 1.00001 3.25122e-05 1.14915e-05
1.42373 1.38462 1.00001 1.72999e-05 5.65581e-06
1.47458 1.38462 1 9.04064e-06 2.73695e-06
1.52542 1.38462 1 4.64429e-06 1.30378e-06
1.57627 1.38462 1 2.34724e-06 6.11981e-07
1.62712 1.38462 1 1.16796e-06 2.83286e-07
1.67797 1.38462 1 5.72544e-07 1.2941e-07
1.72881 1.38462 1 2.76659e-07 5.83753e-08
1.77966 1.38462 1 1.31844e-07 2.6015e-08
1.83051 1.38462 1 6.19944e-08 1.14588e-08
1.88136 1.38462 1 2.87744e-08 4.9905e-09
1.9322 1.38462 1 1.31883e-08 2.14965e-09
1.98305 1.38462 1 5.97118e-09 9.16048e-10
2.0339 1.38462 1 2.67154e-09 3.86255e-10
2.08475 1.38462 1 1.18149e-09 1.61184e-10
2.13559 1.38462 1 5.16652e-10 6.65859e-11
2.18644 1.38462 1 2.23454e-10 2.72396e-11
2.23729 1.38462 1 9.5615e-11 1.10396e-11
2.28814 1.38462 1 4.04882e-11 4.43429e-12
2.33898 1.38462 1 1.69711e-11 1.76602e-12
2.38983 1.38462 1 7.04343e-12 6.97648e-13
2.44068 1.38462 1 2.89503e-12 2.73463e-13
2.49153 1.38462 1 1.17874e-12 1.06396e-13
2.54237 1.38462 1 4.7553e-13 4.10988e-14
2.59322 1.38462 1 1.90117e-13 1.57616e-14
2.64407 1.38462 1 7.53396e-14 6.00332e-15
2.69492 1.38462 1 2.96006e-14 2.27158e-15
2.74576 1.38462 1 1.15318e-14 8.54426e-16
2.79661 1.38462 1 4.45751e-15 3.15155e-16
2.84746 1.38462 1 1.70562e-15 1.17021e-16
2.89831 1.38462 1 6.42173e-16 4.20966e-17
2.94915 1.38462 1 2.1541e-16 1.35946e-17
3 1.38462 1 0 0

0 1.4359 1.00639 0 0
0.0508475 1.4359 1.01267 -0.00233905 0.0160925
0.101695 1.4359 1.02037 -0.00125496 0.031079
0.152542 1.4359 1.02755 0.00281376 0.0437231
0.20339 1.4359 1.03306 0.00872191 0.0527087
0.254237 1.4359 1.0361 0.0150307 0.057246
0.305085 1.4359 1.03651 0.020414 0.0573463
0.355932 1.4359 1.0346 0.0239829 0.0537344
0.40678 1.4359 1.03102 0.0254054 0.0475571
0.457627 1.4359 1.0265 0.0248373 0.0400495
0.508475 1.4359 1.02171 0.022746 0.0322811
0.559322 1.4359 1.01712 0.0197164 0.0250231
0.610169 1.4359 1.01306 0.0162993 0.0187276
0.661017 1.4359 1.00966 0.012925 0.0135765
0.711864 1.4359 1.00694 0.00987536 0.00955927
0.762712 1.4359 1.00486 0.00729575 0.0065517
0.813559 1.4359 1.00331 0.00522647 0.00437854
0.864407 1.4359 1.00221 0.00363876 0.00285663
0.915254 1.4359 1.00144 0.00246646 0.00182006
0.966102 1.4359 1.00091 0.00162969 0.0011318
1.01695 1.4359 1.00057 0.00105032 0.000686069
1.0678 1.4359 1.00034 0.000660412 0.000405051
1.11864 1.4359 1.0002 0.000405207 0.000232891
1.16949 1.4359 1.00012 0.00024271 0.000130493
1.22034 1.4359 1.00007 0.000142017 7.13387e-05
1.27119 1.4359 1.00004 8.1249e-05 3.81067e-05
1.32203 1.4359 1.00002 4.54936e-05 1.99199e-05
1.37288 1.4359 1.00001 2.49563e-05 1.02054e-05
1.42373 1.4359 1.00001 1.34259e-05 5.1314e-06
1.47458 1.4359 1 7.09012e-06 2.53536e-06
1.52542 1.4359 1 3.67864e-06 1.2323e-06
1.57627 1.4359 1 1.87669e-06 5.89774e-07
1.62712 1.4359 1 9.42077e-07 2.78165e-07
1.67797 1.4359 1 4.65643e-07 1.29385e-07
1.72881 1.4359 1 2.26752e-07 5.93878e-08
1.77966 1.4359 1 1.08847e-07 2.69142e-08
1.83051 1.4359 1 5.15309e-08 1.20488e-08
1.88136 1.4359 1 2.40712e-08 5.3305e-09
1.9322 1.4359 1 1.10992e-08 2.33138e-09
1.98305 1.4359 1 5.05381e-09 1.00836e-09
2.0339 1.4359 1 2.27319e-09 4.31419e-10
2.08475 1.4359 1 1.01039e-09 1.82632e-10
2.13559 1.4359 1 4.43939e-10 7.65179e-11
2.18644 1.4359 1 1.9287e-10 3.17379e-11
2.23729 1.4359 1 8.28788e-11 1.30362e-11
2.28814 1.4359 1 3.52356e-11 5.30414e-12
2.33898 1.4359 1 1.48251e-11 2.13845e-12
2.38983 1.4359 1 6.17452e-12 8.54541e-13
2.44068 1.4359 1 2.5463e-12 3.38561e-13
2.49153 1.4359 1 1.03997e-12 1.33021e-13
2.54237 1.4359 1 4.20763e-13 5.18451e-14
2.59322 1.4359 1 1.68677e-13 2.00492e-14
2.64407 1.4359 1 6.70132e-14 7.69526e-15
2.69492 1.4359 1 2.63927e-14 2.93075e-15
2.74576 1.4359 1 1.0306e-14 1.11201e-15
2.79661 1.4359 1 3.98848e-15 4.19268e-16
2.84746 1.4359 1 1.5288e-15 1.54699e-16
2.89831 1.4359 1 5.7619e-16 5.83804e-17
2.94915 1.4359 1 1.93821e-16 1.84439e-17
3 1.4359 1 0 0

0 1.48718 1.00467 0 0
0.0508475 1.48718 1.00899 -0.00188034 0.0112018
0.101695 1.48718 1.01387 -0.00141744 0.02135
0.152542 1.48718 1.01832 0.00100771 0.0297796
0.20339 1.48718 1.0217 0.00466543 0.0357505
0.254237 1.48718 1.02355 0.00866486 0.0388099
0.305085 1.48718 1.02379 0.0121761 0.0389718
0.355932 1.48718 1.02259 0.0146203 0.0366845
0.40678 1.48718 1.02034 0.0157499 0.0326663
0.457627 1.48718 1.01748 0.0156197 0.027707
0.508475 1.48718 1.01441 0.0144893 0.0225069
0.559322 1.48718 1.01144 0.0127083 0.0175878
0.610169 1.48718 1.00878 0.0106212 0.01327
0.661017 1.48718 1.00654 0.00850823 0.00969657
0.711864 1.48718 1.00473 0.0065623 0.00687961
0.762712 1.48718 1.00333 0.00489077 0.00474926
0.813559 1.48718 1.00228 0.00353224 0.00319555
0.864407 1.48718 1.00153 0.00247793 0.00209832
0.915254 1.48718 1.001 0.00169162 0.00134557
0.966102 1.48718 1.00064 0.00112539 0.000842722
1.01695 1.48718 1.0004 0.000730306 0.000515271
1.0678 1.48718 1.00024 0.000462544 0.000307465
1.11864 1.48718 1.00015 0.000286046 0.000179035
1.16949 1.48718 1.00008 0.000172804 0.000101771
1.22034 1.48718 1.00005 0.000102036 5.65164e-05
1.27119 1.48718 1.00003 5.89308e-05 3.06915e-05
1.32203 1.48718 1.00001 3.33167e-05 1.63172e-05
1.37288 1.48718 1.00001 1.84537e-05 8.50278e-06
1.42373 1.48718 1 1.00225e-05 4.34769e-06
1.47458 1.48718 1 5.34204e-06 2.18375e-06
1.52542 1.48718 1 2.79656e-06 1.07849e-06
1.57627 1.48718 1 1.43898e-06 5.24189e-07
1.62712 1.48718 1 7.28286e-07 2.50934e-07
1.67797 1.48718 1 3.62787e-07 1.18397e-07
1.72881 1.48718 1 1.77977e-07 5.5094e-08
1.77966 1.48718 1 8.60354e-08 2.52984e-08
1.83051 1.48718 1 4.1003e-08 1.1469e-08
1.88136 1.48718 1 1.92746e-08 5.13568e-09
1.9322 1.48718 1 8.94081e-09 2.27238e-09
1.98305 1.48718 1 4.09419e-09 9.93885e-10
2.0339 1.48718 1 1.85151e-09 4.29835e-10
2.08475 1.48718 1 8.27189e-10 1.83869e-10
2.13559 1.48718 1 3.65219e-10 7.7818e-11
2.18644 1.48718 1 1.59408e-10 3.2594e-11
2.23729 1.48718 1 6.88032e-11 1.35145e-11
2.28814 1.48718 1 2.93747e-11 5.54865e-12
2.33898 1.48718 1 1.24087e-11 2.25639e-12
2.38983 1.48718 1 5.18785e-12 9.09065e-13
2.44068 1.48718 1 2.14716e-12 3.62948e-13
2.49153 1.48718 1 8.79963e-13 1.43632e-13
2.54237 1.48718 1 3.57192e-13 5.63577e-14
2.59322 1.48718 1 1.43635e-13 2.19308e-14
2.64407 1.48718 1 5.72286e-14 8.46222e-15
2.69492 1.48718 1 2.26027e-14 3.24246e-15
2.74576 1.48718 1 8.85028e-15 1.231e-15
2.79661 1.48718 1 3.43144e-15 4.62426e-16
2.84746 1.48718 1 1.31774e-15 1.7572e-16
2.89831 1.48718 1 4.98982e-16 6.58486e-17
2.94915 1.48718 1 1.66022e-16 2.07041e-17
3 1.48718 1 0 0

0 1.53846 1.00324 0 0
0.0508475 1.53846 1.00614 -0.00142276 0.00761563
0.101695 1.53846 1.00922 -0.00127003 0.0143682
0.152542 1.53846 1.01197 0.00015789 0.0199003
0.20339 1.53846 1.01404 0.00239516 0.0238032
0.254237 1.53846 1.01517 0.00489365 0.0258257
0.305085 1.53846 1.0153 0.00714139 0.0259852
0.355932 1.53846 1.01456 0.00877021 0.0245576
0.40678 1.53846 1.01315 0.00960642 0.021987
0.457627 1.53846 1.01136 0.00965991 0.0187694
0.508475 1.53846 1.00941 0.00907135 0.0153549
0.559322 1.53846 1.00752 0.00804574 0.0120879
0.610169 1.53846 1.00581 0.00679417 0.00918867
0.661017 1.53846 1.00435 0.00549506 0.00676402
0.711864 1.53846 1.00316 0.00427629 0.00483344
0.762712 1.53846 1.00224 0.00321363 0.00335961
0.813559 1.53846 1.00154 0.00233898 0.00227526
0.864407 1.53846 1.00104 0.00165269 0.00150332
0.915254 1.53846 1.00068 0.00113587 0.000969938
0.966102 1.53846 1.00044 0.000760519 0.000611381
1.01695 1.53846 1.00027 0.000496626 0.000376533
1.0678 1.53846 1.00017 0.000316552 0.000226576
1.11864 1.53846 1.0001 0.000197074 0.000133225
1.16949 1.53846 1.00006 0.000119902 7.65674e-05
1.22034 1.53846 1.00003 7.13329e-05 4.30346e-05
1.27119 1.53846 1.00002 4.1523e-05 2.3671e-05
1.32203 1.53846 1.00001 2.36659e-05 1.27528e-05
1.37288 1.53846 1.00001 1.32163e-05 6.73567e-06
1.42373 1.53846 1 7.23719e-06 3.49095e-06
1.47458 1.53846 1 3.88894e-06 1.777e-06
1.52542 1.53846 1 2.05215e-06 8.8917e-07
1.57627 1.53846 1 1.06417e-06 4.37709e-07
1.62712 1.53846 1 5.42649e-07 2.12134e-07
1.67797 1.53846 1 2.72278e-07 1.01287e-07
1.72881 1.53846 1 1.34507e-07 4.7674e-08
1.77966 1.53846 1 6.54568e-08 2.21329e-08
1.83051 1.53846 1 3.13954e-08 1.01402e-08
1.88136 1.53846 1 1.48487e-08 4.58672e-09
1.9322 1.53846 1 6.92814e-09 2.04924e-09
1.98305 1.53846 1 3.19031e-09 9.04653e-10
2.0339 1.53846 1 1.45047e-09 3.94754e-10
2.08475 1.53846 1 6.51342e-10 1.7032e-10
2.13559 1.53846 1 2.8899e-10 7.2683e-11
2.18644 1.53846 1 1.26729e-10 3.0687e-11
2.23729 1.53846 1 5.49443e-11 1.28218e-11
2.28814 1.53846 1 2.3559e-11 5.30321e-12
2.33898 1.53846 1 9.99316e-12 2.17187e-12
2.38983 1.53846 1 4.19449e-12 8.80931e-13
2.44068 1.53846 1 1.74261e-12 3.53975e-13
2.49153 1.53846 1 7.16765e-13 1.40941e-13
2.54237 1.53846 1 2.91959e-13 5.56156e-14
2.59322 1.53846 1 1.17791e-13 2.17558e-14
2.64407 1.53846 1 4.70828e-14 8.44026e-15
2.69492 1.53846 1 1.86524e-14 3.24683e-15
2.74576 1.53846 1 7.31987e-15 1.23998e-15
2.79661 1.53846 1 2.85112e-15 4.6757e-16
2.84746 1.53846 1 1.1008e-15 1.77828e-16
2.89831 1.53846 1 4.12904e-16 6.94141e-17
2.94915 1.53846 1 1.38046e-16 2.09495e-17
3 1.53846 1 0 0

0 1.58974 1.00215 0 0
0.0508475 1.58974 1.00406 -0.00102867 0.00506512
0.101695 1.58974 1.00599 -0.00101695 0.00948115
0.152542 1.58974 1.00769 -0.000186617 0.0130569
0.20339 1.58974 1.00895 0.00116602 0.0155693
0.254237 1.58974 1.00963 0.00270575 0.0168832
0.305085 1.58974 1.00971 0.00412045 0.017016
0.355932 1.58974 1.00925 0.00518045 0.0161369
0.40678 1.58974 1.00839 0.00576913 0.0145172
0.457627 1.58974 1.00727 0.00587949 0.0124642
0.508475 1.58974 1.00606 0.00558608 0.0102618
0.559322 1.58974 1.00486 0.00500711 0.00813287
0.610169 1.58974 1.00377 0.00426956 0.00622473
0.661017 1.58974 1.00284 0.00348452 0.00461353
0.711864 1.58974 1.00207 0.0027346 0.00331878
0.762712 1.58974 1.00148 0.00207125 0.0023217
0.813559 1.58974 1.00102 0.0015186 0.00158207
0.864407 1.58974 1.00069 0.00108038 0.00105152
0.915254 1.58974 1.00046 0.000747301 0.000682383
0.966102 1.58974 1.00029 0.000503388 0.000432673
1.01695 1.58974 1.00019 0.00033064 0.00026816
1.0678 1.58974 1.00011 0.000211975 0.000162497
1.11864 1.58974 1.00007 0.00013275 9.62995e-05
1.16949 1.58974 1.00004 8.12637e-05 5.58302e-05
1.22034 1.58974 1.00002 4.86565e-05 3.16792e-05
1.27119 1.58974 1.00001 2.85127e-05 1.7603e-05
1.32203 1.58974 1.00001 1.63632e-05 9.58498e-06
1.37288 1.58974 1 9.2027e-06 5.11811e-06
1.42373 1.58974 1 5.07543e-06 2.68208e-06
1.47458 1.58974 1 2.74684e-06 1.38042e-06
1.52542 1.58974 1 1.45978e-06 6.98318e-07
1.57627 1.58974 1 7.62288e-07 3.47466e-07
1.62712 1.58974 1 3.91379e-07 1.70169e-07
1.67797 1.58974 1 1.9769e-07 8.208e-08
1.72881 1.58974 1 9.82936e-08 3.90154e-08
1.77966 1.58974 1 4.81344e-08 1.82858e-08
1.83051 1.58974 1 2.32271e-08 8.45458e-09
1.88136 1.58974 1 1.10498e-08 3.85807e-09
1.9322 1.58974 1 5.1847e-09 1.73834e-09
1.98305 1.58974 1 2.40045e-09 7.73676e-10
2.0339 1.58974 1 1.09707e-09 3.40254e-10
2.08475 1.58974 1 4.95126e-10 1.47916e-10
2.13559 1.58974 1 2.20744e-10 6.35822e-11
2.18644 1.58974 1 9.72532e-11 2.7033e-11
2.23729 1.58974 1 4.23546e-11 1.13715e-11
2.28814 1.58974 1 1.82394e-11 4.73397e-12
2.33898 1.58974 1 7.76902e-12 1.95089e-12
2.38983 1.58974 1 3.27405e-12 7.96063e-13
2.44068 1.58974 1 1.36549e-12 3.21721e-13
2.49153 1.58974 1 5.63743e-13 1.28806e-13
2.54237 1.58974 1 2.30454e-13 5.10951e-14
2.59322 1.58974 1 9.33063e-14 2.00877e-14
2.64407 1.58974 1 3.74185e-14 7.83067e-15
2.69492 1.58974 1 1.48721e-14 3.02549e-15
2.74576 1.58974 1 5.85748e-15 1.15793e-15
2.79661 1.58974 1 2.2844e-15 4.43905e-16
2.84746 1.58974 1 8.87012e-16 1.63773e-16
2.89831 1.58974 1 3.33311e-16 6.48001e-17
2.94915 1.58974 1 1.06539e-16 1.95657e-17
3 1.58974 1 0 0

0 1.64103 1.00139 0 0
0.0508475 1.64103 1.00261 -0.000716829 0.00329963
0.101695 1.64103 1.00382 -0.000758749 0.00613851
0.152542 1.64103 1.00485 -0.000281948 0.00841476
0.20339 1.64103 1.00562 0.000526521 0.0100083
0.254237 1.64103 1.00603 0.00146306 0.010848
0.305085 1.64103 1.00608 0.00233941 0.0109491
0.355932 1.64103 1.0058 0.00301469 0.0104146
0.40678 1.64103 1.00527 0.00341324 0.00940895
0.457627 1.64103 1.00458 0.00352393 0.00811976
0.508475 1.64103 1.00383 0.00338545 0.00672333
0.559322 1.64103 1.00309 0.00306491 0.00536095
0.610169 1.64103 1.00241 0.00263742 0.00412887
0.661017 1.64103 1.00182 0.00217081 0.0030794
0.711864 1.64103 1.00134 0.00171716 0.00222893
0.762712 1.64103 1.00096 0.00131027 0.00156869
0.813559 1.64103 1.00066 0.000967342 0.00107519
0.864407 1.64103 1.00045 0.000692675 0.00071865
0.915254 1.64103 1.0003 0.00048205 0.000468933
0.966102 1.64103 1.00019 0.000326586 0.000298969
1.01695 1.64103 1.00012 0.000215696 0.00018635
1.0678 1.64103 1.00008 0.00013903 0.000113611
1.11864 1.64103 1.00005 8.75372e-05 6.77741e-05
1.16949 1.64103 1.00003 5.38803e-05 3.9576e-05
1.22034 1.64103 1.00002 3.2443e-05 2.26314e-05
1.27119 1.64103 1.00001 1.91225e-05 1.26801e-05
1.32203 1.64103 1.00001 1.10402e-05 6.96475e-06
1.37288 1.64103 1 6.24725e-06 3.75261e-06
1.42373 1.64103 1 3.46702e-06 1.98465e-06
1.47458 1.64103 1 1.88822e-06 1.03097e-06
1.52542 1.64103 1 1.00982e-06 5.26392e-07
1.57627 1.64103 1 5.30635e-07 2.64331e-07
1.62712 1.64103 1 2.74136e-07 1.30627e-07
1.67797 1.64103 1 1.39315e-07 6.35658e-08
1.72881 1.64103 1 6.96843e-08 3.04761e-08
1.77966 1.64103 1 3.43241e-08 1.44035e-08
1.83051 1.64103 1 1.66574e-08 6.71376e-09
1.88136 1.64103 1 7.96824e-09 3.0878e-09
1.9322 1.64103 1 3.75891e-09 1.40186e-09
1.98305 1.64103 1 1.7494e-09 6.28506e-10
2.0339 1.64103 1 8.03559e-10 2.7837e-10
2.08475 1.64103 1 3.64431e-10 1.21843e-10
2.13559 1.64103 1 1.63244e-10 5.2721e-11
2.18644 1.64103 1 7.22498e-11 2.25585e-11
2.23729 1.64103 1 3.16048e-11 9.54787e-12
2.28814 1.64103 1 1.36686e-11 3.9985e-12
2.33898 1.64103 1 5.84623e-12 1.6573e-12
2.38983 1.64103 1 2.47364e-12 6.80031e-13
2.44068 1.64103 1 1.03567e-12 2.76301e-13
2.49153 1.64103 1 4.29187e-13 1.11192e-13
2.54237 1.64103 1 1.76088e-13 4.43347e-14
2.59322 1.64103 1 7.1544e-14 1.75145e-14
2.64407 1.64103 1 2.87909e-14 6.85484e-15
2.69492 1.64103 1 1.14783e-14 2.66059e-15
2.74576 1.64103 1 4.53605e-15 1.02268e-15
2.79661 1.64103 1 1.77635e-15 3.89653e-16
2.84746 1.64103 1 6.90852e-16 1.4771e-16
2.89831 1.64103 1 2.60491e-16 5.28371e-17
2.94915 1.64103 1 8.2401e-17 1.69237e-17
3 1.64103 1 0 0

0 1.69231 1.00087 0 0
0.0508475 1.69231 1.00165 -0.000484198 0.00210678
0.101695 1.69231 1.00238 -0.000538086 0.00390042
0.152542 1.69231 1.00301 -0.00026771 0.00532701
0.20339 1.69231 1.00347 0.000210035 0.00632261
0.254237 1.69231 1.00372 0.000772449 0.00685059
0.305085 1.69231 1.00375 0.00130713 0.0069231
0.355932 1.69231 1.00358 0.001729 0.00660249
0.40678 1.69231 1.00326 0.0019903 0.00598714
0.457627 1.69231 1.00285 0.00208086 0.0051903
0.508475 1.69231 1.00239 0.0020203 0.00431972
0.559322 1.69231 1.00193 0.00184622 0.00346334
0.610169 1.69231 1.00152 0.00160237 0.00268259
0.661017 1.69231 1.00115 0.00132939 0.00201228
0.711864 1.69231 1.00085 0.0010594 0.00146489
0.762712 1.69231 1.00061 0.000814016 0.00103677
0.813559 1.69231 1.00042 0.000604905 0.000714506
0.864407 1.69231 1.00029 0.000435817 0.000480118
0.915254 1.69231 1.00019 0.000305055 0.000314918
0.966102 1.69231 1.00012 0.000207807 0.000201814
1.01695 1.69231 1.00008 0.000137967 0.000126452
1.0678 1.69231 1.00005 8.93798e-05 7.75134e-05
1.11864 1.69231 1.00003 5.65575e-05 4.65073e-05
1.16949 1.69231 1.00002 3.49863e-05 2.73248e-05
1.22034 1.69231 1.00001 2.11734e-05 1.57284e-05
1.27119 1.69231 1.00001 1.25448e-05 8.87383e-06
1.32203 1.69231 1 7.28113e-06 4.9098e-06
1.37288 1.69231 1 4.14254e-06 2.6655e-06
1.42373 1.69231 1 2.3117e-06 1.42071e-06
1.47458 1.69231 1 1.26606e-06 7.43866e-07
1.52542 1.69231 1 6.8091e-07 3.82829e-07
1.57627 1.69231 1 3.59823e-07 1.93771e-07
1.62712 1.69231 1 1.86936e-07 9.65143e-08
1.67797 1.69231 1 9.55305e-08 4.73317e-08
1.72881 1.69231 1 4.80463e-08 2.28665e-08
1.77966 1.69231 1 2.3794e-08 1.0888e-08
1.83051 1.69231 1 1.16085e-08 5.1122e-09
1.88136 1.69231 1 5.58188e-09 2.36794e-09
1.9322 1.69231 1 2.64653e-09 1.08248e-09
1.98305 1.69231 1 1.23779e-09 4.88577e-10
2.0339 1.69231 1 5.71299e-10 2.17806e-10
2.08475 1.69231 1 2.60311e-10 9.59366e-11
2.13559 1.69231 1 1.17136e-10 4.17661e-11
2.18644 1.69231 1 5.20728e-11 1.79773e-11
2.23729 1.69231 1 2.28767e-11 7.65283e-12
2.28814 1.69231 1 9.93525e-12 3.22283e-12
2.33898 1.69231 1 4.26673e-12 1.34304e-12
2.38983 1.69231 1 1.81245e-12 5.53983e-13
2.44068 1.69231 1 7.61757e-13 2.2624e-13
2.49153 1.69231 1 3.16858e-13 9.15e-14
2.54237 1.69231 1 1.30473e-13 3.66584e-14
2.59322 1.69231 1 5.31936e-14 1.45485e-14
2.64407 1.69231 1 2.14769e-14 5.723e-15
2.69492 1.69231 1 8.59546e-15 2.22903e-15
2.74576 1.69231 1 3.40677e-15 8.62875e-16
2.79661 1.69231 1 1.33759e-15 3.31123e-16
2.84746 1.69231 1 5.22987e-16 1.30409e-16
2.89831 1.69231 1 1.95338e-16 4.44742e-17
2.94915 1.69231 1 6.15101e-17 1.41761e-17
3 1.69231 1 0 0

0 1.74359 1.00053 0 0
0.0508475 1.74359 1.00101 -0.000318499 0.00131799
0.101695 1.74359 1.00146 -0.000367047 0.00243064
0.152542 1.74359 1.00184 -0.000215602 0.00330973
0.20339 1.74359 1.00212 6.3571e-05 0.00392165
0.254237 1.74359 1.00226 0.000397134 0.00424801
0.305085 1.74359 1.00228 0.000718655 0.00429773
0.355932 1.74359 1.00218 0.000977473 0.00410816
0.40678 1.74359 1.00199 0.00114417 0.00373753
0.457627 1.74359 1.00174 0.00121096 0.0032532
0.508475 1.74359 1.00147 0.00118759 0.00271998
0.559322 1.74359 1.00119 0.00109486 0.00219158
0.610169 1.74359 1.00094 0.000957878 0.00170634
0.661017 1.74359 1.00071 0.000800601 0.00128675
0.711864 1.74359 1.00053 0.000642441 0.000941691
0.762712 1.74359 1.00038 0.000496858 0.000669985
0.813559 1.74359 1.00027 0.000371493 0.000464111
0.864407 1.74359 1.00018 0.000269203 0.000313436
0.915254 1.74359 1.00012 0.000189466 0.000206604
0.966102 1.74359 1.00008 0.000129738 0.000133048
1.01695 1.74359 1.00005 8.65625e-05 8.37738e-05
1.0678 1.74359 1.00003 5.63466e-05 5.16095e-05
1.11864 1.74359 1.00002 3.58216e-05 3.1126e-05
1.16949 1.74359 1.00001 2.22617e-05 1.83873e-05
1.22034 1.74359 1.00001 1.35351e-05 1.06446e-05
1.27119 1.74359 1 8.0569e-06 6.04178e-06
1.32203 1.74359 1 4.6986e-06 3.36391e-06
1.37288 1.74359 1 2.6862e-06 1.83818e-06
1.42373 1.74359 1 1.50639e-06 9.86341e-07
1.47458 1.74359 1 8.29135e-07 5.19983e-07
1.52542 1.74359 1 4.48173e-07 2.69469e-07
1.57627 1.74359 1 2.38034e-07 1.37347e-07
1.62712 1.74359 1 1.24291e-07 6.88879e-08
1.67797 1.74359 1 6.38377e-08 3.40179e-08
1.72881 1.74359 1 3.22677e-08 1.65472e-08
1.77966 1.74359 1 1.60592e-08 7.93238e-09
1.83051 1.74359 1 7.87318e-09 3.74922e-09
1.88136 1.74359 1 3.80401e-09 1.74793e-09
1.9322 1.74359 1 1.81211e-09 8.04146e-10
1.98305 1.74359 1 8.51455e-10 3.6521e-10
2.0339 1.74359 1 3.94768e-10 1.63799e-10
2.08475 1.74359 1 1.80672e-10 7.2576e-11
2.13559 1.74359 1 8.16513e-11 3.17786e-11
2.18644 1.74359 1 3.64512e-11 1.37555e-11
2.23729 1.74359 1 1.60797e-11 5.88775e-12
2.28814 1.74359 1 7.01136e-12 2.49276e-12
2.33898 1.74359 1 3.02283e-12 1.04422e-12
2.38983 1.74359 1 1.28896e-12 4.32912e-13
2.44068 1.74359 1 5.43754e-13 1.77674e-13
2.49153 1.74359 1 2.26992e-13 7.22037e-14
2.54237 1.74359 1 9.37945e-14 2.90628e-14
2.59322 1.74359 1 3.83718e-14 1.15851e-14
2.64407 1.74359 1 1.55449e-14 4.57974e-15
2.69492 1.74359 1 6.23876e-15 1.79067e-15
2.74576 1.74359 1 2.48443e-15 6.94082e-16
2.79661 1.74359 1 9.82234e-16 2.68388e-16
2.84746 1.74359 1 3.80681e-16 1.04353e-16
2.89831 1.74359 1 1.3778e-16 3.55264e-17
2.94915 1.74359 1 4.40841e-17 1.13364e-17
3 1.74359 1 0 0

0 1.79487 1.00032 0 0
0.0508475 1.79487 1.00061 -0.000205058 0.00080563
0.101695 1.79487 1.00089 -0.00024304 0.00148089
0.152542 1.79487 1.00111 -0.000159189 0.00201144
0.20339 1.79487 1.00128 2.21729e-06 0.00237996
0.254237 1.79487 1.00136 0.000197685 0.00257754
0.305085 1.79487 1.00137 0.000388342 0.00261032
0.355932 1.79487 1.00132 0.000544434 0.00250029
0.40678 1.79487 1.0012 0.000648239 0.00228138
0.457627 1.79487 1.00106 0.000694338 0.00199294
0.508475 1.79487 1.00089 0.000687484 0.00167319
0.559322 1.79487 1.00073 0.000639059 0.00135423
0.610169 1.79487 1.00057 0.000563277 0.0010594
0.661017 1.79487 1.00044 0.00047403 0.000802797
0.711864 1.79487 1.00032 0.000382828 0.000590422
0.762712 1.79487 1.00023 0.000297864 0.00042214
0.813559 1.79487 1.00017 0.000223978 0.000293851
0.864407 1.79487 1.00011 0.000163181 0.000199406
0.915254 1.79487 1.00008 0.000115434 0.000132062
0.966102 1.79487 1.00005 7.94276e-05 8.54431e-05
1.01695 1.79487 1.00003 5.32405e-05 5.40507e-05
1.0678 1.79487 1.00002 3.48105e-05 3.34555e-05
1.11864 1.79487 1.00001 2.22261e-05 2.02747e-05
1.16949 1.79487 1.00001 1.38713e-05 1.20368e-05
1.22034 1.79487 1 8.46934e-06 7.0043e-06
1.27119 1.79487 1 5.06275e-06 3.99703e-06
1.32203 1.79487 1 2.96506e-06 2.23792e-06
1.37288 1.79487 1 1.70243e-06 1.22998e-06
1.42373 1.79487 1 9.58874e-07 6.63928e-07
1.47458 1.79487 1 5.30104e-07 3.52148e-07
1.52542 1.79487 1 2.87815e-07 1.83625e-07
1.57627 1.79487 1 1.5355e-07 9.41787e-08
1.62712 1.79487 1 8.05384e-08 4.7534e-08
1.67797 1.79487 1 4.15517e-08 2.36208e-08
1.72881 1.79487 1 2.10971e-08 1.15618e-08
1.77966 1.79487 1 1.05465e-08 5.57694e-09
1.83051 1.79487 1 5.19332e-09 2.65213e-09
1.88136 1.79487 1 2.52014e-09 1.24396e-09
1.9322 1.79487 1 1.20567e-09 5.75709e-10
1.98305 1.79487 1 5.68899e-10 2.62999e-10
2.0339 1.79487 1 2.64857e-10 1.18636e-10
2.08475 1.79487 1 1.21709e-10 5.28625e-11
2.13559 1.79487 1 5.52234e-11 2.3275e-11
2.18644 1.79487 1 2.47492e-11 1.01293e-11
2.23729 1.79487 1 1.09593e-11 4.35869e-12
2.28814 1.79487 1 4.79644e-12 1.855e-12
2.33898 1.79487 1 2.07544e-12 7.81015e-13
2.38983 1.79487 1 8.88129e-13 3.2541e-13
2.44068 1.79487 1 3.75955e-13 1.34202e-13
2.49153 1.79487 1 1.57477e-13 5.4797e-14
2.54237 1.79487 1 6.52848e-14 2.21551e-14
2.59322 1.79487 1 2.67932e-14 8.87234e-15
2.64407 1.79487 1 1.08867e-14 3.52343e-15
2.69492 1.79487 1 4.38329e-15 1.38588e-15
2.74576 1.79487 1 1.75161e-15 5.42509e-16
2.79661 1.79487 1 6.94692e-16 2.07815e-16
2.84746 1.79487 1 2.70036e-16 7.63429e-17
2.89831 1.79487 1 9.64959e-17 2.70275e-17
2.94915 1.79487 1 3.08146e-17 8.71946e-18
3 1.79487 1 0 0

0 1.84615 1.00019 0 0
0.0508475 1.84615 1.00037 -0.000130036 0.000476349
0.101695 1.84615 1.00053 -0.000157464 0.000872665
0.152542 1.84615 1.00067 -0.000111497 0.00118244
0.20339 1.84615 1.00077 -1.91994e-05 0.00139727
0.254237 1.84615 1.00082 9.38326e-05 0.00151306
0.305085 1.84615 1.00083 0.00020513 0.00153372
0.355932 1.84615 1.00079 0.000297516 0.00147184
0.40678 1.84615 1.00073 0.000360573 0.00134657
0.457627 1.84615 1.00064 0.000390795 0.00118023
0.508475 1.84615 1.00054 0.000390468 0.000994659
0.559322 1.84615 1.00044 0.000365747 0.00080842
0.610169 1.84615 1.00035 0.000324564 0.000635228
0.661017 1.84615 1.00027 0.000274832 0.000483585
0.711864 1.84615 1.0002 0.000223232 0.000357326
0.762712 1.84615 1.00014 0.000174625 0.00025669
0.813559 1.84615 1.0001 0.000131976 0.000179526
0.864407 1.84615 1.00007 9.66139e-05 0.000122396
0.915254 1.84615 1.00005 6.86551e-05 8.14371e-05
0.966102 1.84615 1.00003 4.7444e-05 5.2932e-05
1.01695 1.84615 1.00002 3.19328e-05 3.36384e-05
1.0678 1.84615 1.00001 2.09612e-05 2.09172e-05
1.11864 1.84615 1.00001 1.34345e-05 1.27356e-05
1.16949 1.84615 1 8.41574e-06 7.59713e-06
1.22034 1.84615 1 5.15719e-06 4.44255e-06
1.27119 1.84615 1 3.09407e-06 2.54799e-06
1.32203 1.84615 1 1.81869e-06 1.43405e-06
1.37288 1.84615 1 1.04806e-06 7.92406e-07
1.42373 1.84615 1 5.92489e-07 4.30088e-07
1.47458 1.84615 1 3.28775e-07 2.29404e-07
1.52542 1.84615 1 1.79177e-07 1.20307e-07
1.57627 1.84615 1 9.59539e-08 6.2062e-08
1.62712 1.84615 1 5.05202e-08 3.15074e-08
1.67797 1.84615 1 2.6164e-08 1.57488e-08
1.72881 1.84615 1 1.33348e-08 7.75402e-09
1.77966 1.84615 1 6.69137e-09 3.76216e-09
1.83051 1.84615 1 3.30737e-09 1.79955e-09
1.88136 1.84615 1 1.61093e-09 8.48945e-10
1.9322 1.84615 1 7.73532e-10 3.95146e-10
1.98305 1.84615 1 3.66318e-10 1.81534e-10
2.0339 1.84615 1 1.71153e-10 8.23459e-11
2.08475 1.84615 1 7.89257e-11 3.68941e-11
2.13559 1.84615 1 3.59346e-11 1.63323e-11
2.18644 1.84615 1 1.61591e-11 7.1458e-12
2.23729 1.84615 1 7.17912e-12 3.09101e-12
2.28814 1.84615 1 3.1522e-12 1.32228e-12
2.33898 1.84615 1 1.36828e-12 5.59549e-13
2.38983 1.84615 1 5.87338e-13 2.34296e-13
2.44068 1.84615 1 2.49379e-13 9.70983e-14
2.49153 1.84615 1 1.04761e-13 3.98387e-14
2.54237 1.84615 1 4.3554e-14 1.61829e-14
2.59322 1.84615 1 1.79306e-14 6.51314e-15
2.64407 1.84615 1 7.30788e-15 2.59936e-15
2.69492 1.84615 1 2.9503e-15 1.03286e-15
2.74576 1.84615 1 1.18154e-15 4.03804e-16
2.79661 1.84615 1 4.66256e-16 1.60103e-16
2.84746 1.84615 1 1.80931e-16 5.65298e-17
2.89831 1.84615 1 6.42463e-17 1.99082e-17
2.94915 1.84615 1 2.05231e-17 6.43729e-18
3 1.84615 1 0 0

0 1.89744 1.00011 0 0
0.0508475 1.89744 1.00023 -8.11263e-05 0.000263165
0.101695 1.89744 1.00033 -9.93837e-05 0.000479423
0.152542 1.89744 1.00042 -7.44802e-05 0.000647515
0.20339 1.89744 1.00048 -2.29532e-05 0.000764018
0.254237 1.89744 1.00051 4.04861e-05 0.000827207
0.305085 1.89744 1.00052 0.000103288 0.000839314
0.355932 1.89744 1.00049 0.000155928 0.00080697
0.40678 1.89744 1.00045 0.000192577 0.00074025
0.457627 1.89744 1.0004 0.000211158 0.000650932
0.508475 1.89744 1.00034 0.000212762 0.000550647
0.559322 1.89744 1.00027 0.000200641 0.000449395
0.610169 1.89744 1.00022 0.000179079 0.000354676
0.661017 1.89744 1.00017 0.00015242 0.000271249
0.711864 1.89744 1.00012 0.000124383 0.000201377
0.762712 1.89744 1.00009 9.77215e-05 0.000145356
0.813559 1.89744 1.00006 7.41529e-05 0.000102151
0.864407 1.89744 1.00004 5.44896e-05 6.99811e-05
0.915254 1.89744 1.00003 3.88589e-05 4.67869e-05
0.966102 1.89744 1.00002 2.69436e-05 3.05565e-05
1.01695 1.89744 1.00001 1.81925e-05 1.95119e-05
1.0678 1.89744 1.00001 1.19782e-05 1.21914e-05
1.11864 1.89744 1 7.69948e-06 7.45883e-06
1.16949 1.89744 1 4.83679e-06 4.47121e-06
1.22034 1.89744 1 2.9722e-06 2.62765e-06
1.27119 1.89744 1 1.78805e-06 1.51473e-06
1.32203 1.89744 1 1.05386e-06 8.56944e-07
1.37288 1.89744 1 6.08963e-07 4.76026e-07
1.42373 1.89744 1 3.45201e-07 2.59765e-07
1.47458 1.89744 1 1.92081e-07 1.39318e-07
1.52542 1.89744 1 1.04971e-07 7.34702e-08
1.57627 1.89744 1 5.6372e-08 3.81146e-08
1.62712 1.89744 1 2.97634e-08 1.946e-08
1.67797 1.89744 1 1.54576e-08 9.78263e-09
1.72881 1.89744 1 7.90037e-09 4.84415e-09
1.77966 1.89744 1 3.97553e-09 2.3638e-09
1.83051 1.89744 1 1.9705e-09 1.13713e-09
1.88136 1.89744 1 9.62438e-10 5.39496e-10
1.9322 1.89744 1 4.63408e-10 2.52529e-10
1.98305 1.89744 1 2.20049e-10 1.16664e-10
2.0339 1.89744 1 1.03088e-10 5.32131e-11
2.08475 1.89744 1 4.76629e-11 2.39721e-11
2.13559 1.89744 1 2.17568e-11 1.06694e-11
2.18644 1.89744 1 9.80842e-12 4.69305e-12
2.23729 1.89744 1 4.3685e-12 2.04073e-12
2.28814 1.89744 1 1.92278e-12 8.77512e-13
2.33898 1.89744 1 8.36609e-13 3.73234e-13
2.38983 1.89744 1 3.59951e-13 1.57066e-13
2.44068 1.89744 1 1.53179e-13 6.54136e-14
2.49153 1.89744 1 6.44937e-14 2.69709e-14
2.54237 1.89744 1 2.68717e-14 1.10136e-14
2.59322 1.89744 1 1.10871e-14 4.45528e-15
2.64407 1.89744 1 4.53038e-15 1.78742e-15
2.69492 1.89744 1 1.83039e-15 7.15145e-16
2.74576 1.89744 1 7.34922e-16 2.77013e-16
2.79661 1.89744 1 2.90497e-16 1.10187e-16
2.84746 1.89744 1 1.07853e-16 3.85761e-17
2.89831 1.89744 1 3.88752e-17 1.35645e-17
2.94915 1.89744 1 1.25063e-17 4.41385e-18
3 1.89744 1 0 0

0 1.94872 1.00006 0 0
0.0508475 1.94872 1.00015 -4.5379e-05 0.000117388
0.101695 1.94872 1.00023 -5.478e-05 0.000210627
0.152542 1.94872 1.00029 -4.24495e-05 0.000282753
0.20339 1.94872 1.00033 -1.7384e-05 0.000332903
0.254237 1.94872 1.00036 1.32136e-05 0.000360418
0.305085 1.94872 1.00036 4.34429e-05 0.000366191
0.355932 1.94872 1.00034 6.88783e-05 0.00035293
0.40678 1.94872 1.00031 8.68085e-05 0.000324798
0.457627 1.94872 1.00027 9.62504e-05 0.000286718
0.508475 1.94872 1.00023 9.76861e-05 0.000243611
0.559322 1.94872 1.00019 9.26065e-05 0.000199768
0.610169 1.94872 1.00015 8.29966e-05 0.000158463
0.661017 1.94872 1.00011 7.08827e-05 0.00012183
0.711864 1.94872 1.00008 5.80143e-05 9.0938e-05
0.762712 1.94872 1.00006 4.56964e-05 6.6002e-05
0.813559 1.94872 1.00004 3.47553e-05 4.66419e-05
0.864407 1.94872 1.00003 2.55924e-05 3.21311e-05
0.915254 1.94872 1.00002 1.82857e-05 2.16012e-05
0.966102 1.94872 1.00001 1.27009e-05 1.4186e-05
1.01695 1.94872 1.00001 8.58957e-06 9.10849e-06
1.0678 1.94872 1 5.66399e-06 5.72249e-06
1.11864 1.94872 1 3.64594e-06 3.52033e-06
1.16949 1.94872 1 2.29348e-06 2.12189e-06
1.22034 1.94872 1 1.41118e-06 1.25389e-06
1.27119 1.94872 1 8.50047e-07 7.26837e-07
1.32203 1.94872 1 5.01651e-07 4.13504e-07
1.37288 1.94872 1 2.90243e-07 2.30996e-07
1.42373 1.94872 1 1.64741e-07 1.26771e-07
1.47458 1.94872 1 9.17865e-08 6.83802e-08
1.52542 1.94872 1 5.02271e-08 3.62687e-08
1.57627 1.94872 1 2.70092e-08 1.89243e-08
1.62712 1.94872 1 1.42797e-08 9.71821e-09
1.67797 1.94872 1 7.42629e-09 4.91376e-09
1.72881 1.94872 1 3.80078e-09 2.4473e-09
1.77966 1.94872 1 1.91522e-09 1.20111e-09
1.83051 1.94872 1 9.50598e-10 5.81125e-10
1.88136 1.94872 1 4.64933e-10 2.7728e-10
1.9322 1.94872 1 2.24168e-10 1.30524e-10
1.98305 1.94872 1 1.0659e-10 6.06374e-11
2.0339 1.94872 1 5.00013e-11 2.78112e-11
2.08475 1.94872 1 2.31487e-11 1.25972e-11
2.13559 1.94872 1 1.05804e-11 5.63693e-12
2.18644 1.94872 1 4.77594e-12 2.49265e-12
2.23729 1.94872 1 2.12977e-12 1.08957e-12
2.28814 1.94872 1 9.38551e-13 4.70927e-13
2.33898 1.94872 1 4.08857e-13 2.01317e-13
2.38983 1.94872 1 1.76119e-13 8.51386e-14
2.44068 1.94872 1 7.50357e-14 3.56339e-14
2.49153 1.94872 1 3.1629e-14 1.47633e-14
2.54237 1.94872 1 1.31915e-14 6.05624e-15
2.59322 1.94872 1 5.44946e-15 2.4626e-15
2.64407 1.94872 1 2.23069e-15 9.91708e-16
2.69492 1.94872 1 8.97342e-16 3.99185e-16
2.74576 1.94872 1 3.60539e-16 1.58222e-16
2.79661 1.94872 1 1.43339e-16 5.78345e-17
2.84746 1.94872 1 5.2072e-17 2.08175e-17
2.89831 1.94872 1 1.87063e-17 7.39694e-18
2.94915 1.94872 1 6.03467e-18 2.44202e-18
3 1.94872 1 0 0

0 2 1 0 0
0.0508475 2 1.00011 0 0
0.101695 2 1.0002 0 0
0.152542 2 1.00027 0 0
0.20339 2 1.00031 0 0
0.254237 2 1.00033 0 0
0.305085 2 1.00033 0 0
0.355932 2 1.00031 0 0
0.40678 2 1.00028 0 0
0.457627 2 1.00024 0 0
0.508475 2 1.0002 0 0
0.559322 2 1.00016 0 0
0.610169 2 1.00012 0 0
0.661017 2 1.00009 0 0
0.711864 2 1.00007 0 0
0.762712 2 1.00005 0 0
0.813559 2 1.00003 0 0
0.864407 2 1.00002 0 0
0.915254 2 1.00001 0 0
0.966102 2 1.00001 0 0
1.01695 2 1.00001 0 0
1.0678 2 1 0 0
1.11864 2 1 0 0
1.16949 2 1 0 0
1.22034 2 1 0 0
1.27119 2 1 0 0
1.32203 2 1 0 0
1.37288 2 1 0 0
1.42373 2 1 0 0
1.47458 2 1 0 0
1.52542 2 1 0 0
1.57627 2 1 0 0
1.62712 2 1 0 0
1.67797 2 1 0 0
1.72881 2 1 0 0
1.77966 2 1 0 0
1.83051 2 1 0 0
1.88136 2 1 0 0
1.9322 2 1 0 0
1.98305 2 1 0 0
2.0339 2 1 0 0
2.08475 2 1 0 0
2.13559 2 1 0 0
2.18644 2 1 0 0
2.23729 2 1 0 0
2.28814 2 1 0 0
2.33898 2 1 0 0
2.38983 2 1 0 0
2.44068 2 1 0 0
2.49153 2 1 0 0
2.54237 2 1 0 0
2.59322 2 1 0 0
2.64407 2 1 0 0
2.69492 2 1 0 0
2.74576 2 1 0 0
2.79661 2 1 0 0
2.84746 2 1 0 0
2.89831 2 1 0 0
2.94915 2 1 0 0
3 2 1 0 0

