0 0 2 1 0
0.0508475 0 2.80301 0 0
0.101695 0 3.2243 0 0
0.152542 0 2.90325 0 0
0.20339 0 2.69451 0 0
0.254237 0 2.54921 0 0
0.305085 0 2.44658 0 0
0.355932 0 2.37579 0 0
0.40678 0 2.33258 0 0
0.457627 0 2.3176 0 0
0.508475 0 2.33636 0 0
0.559322 0 2.39999 0 0
0.610169 0 2.52547 0 0
0.661017 0 2.73353 0 0
0.711864 0 3.03775 0 0
0.762712 0 3.41904 0 0
0.813559 0 3.80989 0 0
0.864407 0 4.05103 0 0
0.915254 0 4.03315 0 0
0.966102 0 1 0 0
1.01695 0 0 0 0
1.0678 0 0 0 0
1.11864 0 0 0 0
1.16949 0 0 0 0
1.22034 0 0 0 0
1.27119 0 0 0 0
1.32203 0 0 0 0
1.37288 0 0 0 0
1.42373 0 0 0 0
1.47458 0 0 0 0
1.52542 0 0 0 0
1.57627 0 0 0 0
1.62712 0 0 0 0
1.67797 0 0 0 0
1.72881 0 0 0 0
1.77966 0 0 0 0
1.83051 0 0 0 0
1.88136 0 0 0 0
1.9322 0 0 0 0
1.98305 0 0 0 0
2.0339 0 1 0 0
2.08475 0 1 -3.03223e-09 -2.19948e-08
2.13559 0 1 -3.85778e-09 -4.0663e-08
2.18644 0 1 -2.76825e-09 -5.52399e-08
2.23729 0 1 -3.3862e-10 -6.53247e-08
2.28814 0 1 2.7836e-09 -7.08847e-08
2.33898 0 1 5.99653e-09 -7.22511e-08
2.38983 0 1 8.8245e-09 -7.00592e-08
2.44068 0 1 1.09575e-08 -6.51394e-08
2.49153 0 1 1.22536e-08 -5.83908e-08
2.54237 0 1 1.27132e-08 -5.06657e-08
2.59322 0 1 1.24381e-08 -4.2687e-08
2.64407 0 1 1.15858e-08 -3.50012e-08
2.69492 0 1 1.03296e-08 -2.79663e-08
2.74576 0 1 8.82678e-09 -2.17626e-08
2.79661 0 1 7.19756e-09 -1.64161e-08
2.84746 0 1 5.51297e-09 -1.18227e-08
2.89831 0 1 3.78872e-09 -7.7692e-09
2.94915 0 1 1.98407e-09 -3.95035e-09
3 0 1 0 0

0 0.0512821 2 1 0
0.0508475 0.0512821 3.72883 0.49736 0.0493354
0.101695 0.0512821 3.93374 0.397492 0.0621251
0.152542 0.0512821 3.43688 0.375071 0.0528785
0.20339 0.0512821 3.14584 0.341455 0.0416584
0.254237 0.0512821 2.92057 0.311365 0.0318998
0.305085 0.0512821 2.75788 0.283291 0.0241029
0.355932 0.0512821 2.64178 0.25661 0.0179681
0.40678 0.0512821 2.5645 0.229521 0.0128976
0.457627 0.0512821 2.52414 0.199507 0.00809947
0.508475 0.0512821 2.52544 0.163635 0.00260512
0.559322 0.0512821 2.57971 0.119461 -0.00473742
0.610169 0.0512821 2.70282 0.0668879 -0.0149679
0.661017 0.0512821 2.90744 0.0107753 -0.0284281
0.711864 0.0512821 3.18912 -0.0375156 -0.0432665
0.762712 0.0512821 3.49554 -0.0646589 -0.0553605
0.813559 0.0512821 3.77836 -0.0603023 -0.0586225
0.864407 0.0512821 3.87342 -0.0374358 -0.0517502
0.915254 0.0512821 3.99153 -0.00436932 -0.033154
0.966102 0.0512821 3.77391 0 0
1.01695 0.0512821 0 0 0
1.0678 0.0512821 0 0 0
1.11864 0.0512821 0 0 0
1.16949 0.0512821 0 0 0
1.22034 0.0512821 0 0 0
1.27119 0.0512821 0 0 0
1.32203 0.0512821 0 0 0
1.37288 0.0512821 0 0 0
1.42373 0.0512821 0 0 0
1.47458 0.0512821 0 0 0
1.52542 0.0512821 0 0 0
1.57627 0.0512821 0 0 0
1.62712 0.0512821 0 0 0
1.67797 0.0512821 0 0 0
1.72881 0.0512821 0 0 0
1.77966 0.0512821 0 0 0
1.83051 0.0512821 0 0 0
1.88136 0.0512821 0 0 0
1.9322 0.0512821 0 0 0
1.98305 0.0512821 0 0 0
2.0339 0.0512821 1 0 0
2.08475 0.0512821 1 -3.03223e-09 -2.19948e-08
2.13559 0.0512821 1 -3.85778e-09 -4.0663e-08
2.18644 0.0512821 1 -2.76825e-09 -5.52399e-08
2.23729 0.0512821 1 -3.3862e-10 -6.53247e-08
2.28814 0.0512821 1 2.7836e-09 -7.08847e-08
2.33898 0.0512821 1 5.99653e-09 -7.22511e-08
2.38983 0.0512821 1 8.8245e-09 -7.00592e-08
2.44068 0.0512821 1 1.09575e-08 -6.51394e-08
2.49153 0.0512821 1 1.22536e-08 -5.83908e-08
2.54237 0.0512821 1 1.27132e-08 -5.06657e-08
2.59322 0.0512821 1 1.24381e-08 -4.2687e-08
2.64407 0.0512821 1 1.15858e-08 -3.50012e-08
2.69492 0.0512821 1 1.03296e-08 -2.79663e-08
2.74576 0.0512821 1 8.82678e-09 -2.17626e-08
2.79661 0.0512821 1 7.19756e-09 -1.64161e-08
2.84746 0.0512821 1 5.51297e-09 -1.18227e-08
2.89831 0.0512821 1 3.78872e-09 -7.7692e-09
2.94915 0.0512821 1 1.98407e-09 -3.95035e-09
3 0.0512821 1 0 0

0 0.102564 2 1 0
0.0508475 0.102564 2.8436 0.701604 0.124206
0.101695 0.102564 3.23628 0.591595 0.161403
0.152542 0.102564 3.06709 0.56881 0.14198
0.20339 0.102564 2.86738 0.546687 0.117539
0.254237 0.102564 2.70397 0.520066 0.0945153
0.305085 0.102564 2.57991 0.490209 0.0754587
0.355932 0.102564 2.49056 0.45764 0.0603996
0.40678 0.102564 2.4341 0.421154 0.0485678
0.457627 0.102564 2.41304 0.378042 0.038743
0.508475 0.102564 2.43474 0.324483 0.0293063
0.559322 0.102564 2.51247 0.256834 0.0179846
0.610169 0.102564 2.66255 0.174389 0.0019735
0.661017 0.102564 2.89907 0.083921 -0.0215906
0.711864 0.102564 3.2096 0.00183039 -0.0526356
0.762712 0.102564 3.54634 -0.050766 -0.0860534
0.813559 0.102564 3.82242 -0.0615994 -0.10861
0.864407 0.102564 3.97636 -0.0399759 -0.108688
0.915254 0.102564 3.98053 -0.0110291 -0.0706852
0.966102 0.102564 3.95438 0 0
1.01695 0.102564 0 0 0
1.0678 0.102564 0 0 0
1.11864 0.102564 0 0 0
1.16949 0.102564 0 0 0
1.22034 0.102564 0 0 0
1.27119 0.102564 0 0 0
1.32203 0.102564 0 0 0
1.37288 0.102564 0 0 0
1.42373 0.102564 0 0 0
1.47458 0.102564 0 0 0
1.52542 0.102564 0 0 0
1.57627 0.102564 0 0 0
1.62712 0.102564 0 0 0
1.67797 0.102564 0 0 0
1.72881 0.102564 0 0 0
1.77966 0.102564 0 0 0
1.83051 0.102564 0 0 0
1.88136 0.102564 0 0 0
1.9322 0.102564 0 0 0
1.98305 0.102564 0 0 0
2.0339 0.102564 1 0 0
2.08475 0.102564 1 -5.6202e-09 -2.92701e-08
2.13559 0.102564 1 -6.87444e-09 -5.36133e-08
2.18644 0.102564 1 -4.93921e-09 -7.24373e-08
2.23729 0.102564 1 -9.61725e-10 -8.53126e-08
2.28814 0.102564 1 3.96102e-09 -9.22277e-08
2.33898 0.102564 1 8.88265e-09 -9.36478e-08
2.38983 0.102564 1 1.30939e-08 -9.04436e-08
2.44068 0.102564 1 1.61625e-08 -8.37396e-08
2.49153 0.102564 1 1.79217e-08 -7.47383e-08
2.54237 0.102564 1 1.84191e-08 -6.45654e-08
2.59322 0.102564 1 1.7846e-08 -5.41607e-08
2.64407 0.102564 1 1.64649e-08 -4.42228e-08
2.69492 0.102564 1 1.45484e-08 -3.51987e-08
2.74576 0.102564 1 1.23351e-08 -2.73038e-08
2.79661 0.102564 1 1.00015e-08 -2.05563e-08
2.84746 0.102564 1 7.64664e-09 -1.48106e-08
2.89831 0.102564 1 5.28145e-09 -9.77976e-09
2.94915 0.102564 1 2.81523e-09 -5.03954e-09
3 0.102564 1 0 0

0 0.153846 2 1 0
0.0508475 0.153846 2.62513 0.781541 0.100885
0.101695 0.153846 3.11836 0.683597 0.162367
0.152542 0.153846 3.13336 0.669878 0.167491
0.20339 0.153846 2.99966 0.667181 0.153002
0.254237 0.153846 2.85735 0.65713 0.133236
0.305085 0.153846 2.73644 0.638739 0.113929
0.355932 0.153846 2.64193 0.612992 0.0971542
0.40678 0.153846 2.57574 0.5795 0.0833449
0.457627 0.153846 2.54213 0.535931 0.0719245
0.508475 0.153846 2.54959 0.478049 0.0614305
0.559322 0.153846 2.61385 0.400969 0.0490365
0.610169 0.153846 2.75429 0.302315 0.0305561
0.661017 0.153846 2.99045 0.188566 0.000685074
0.711864 0.153846 3.30882 0.0791371 -0.0424958
0.762712 0.153846 3.64814 0.000761814 -0.0924596
0.813559 0.153846 3.91389 -0.0301881 -0.130438
0.864407 0.153846 4.0184 -0.0267083 -0.135019
0.915254 0.153846 4.06367 -0.0110303 -0.0933462
0.966102 0.153846 4.03674 0 0
1.01695 0.153846 0 0 0
1.0678 0.153846 0 0 0
1.11864 0.153846 0 0 0
1.16949 0.153846 0 0 0
1.22034 0.153846 0 0 0
1.27119 0.153846 0 0 0
1.32203 0.153846 0 0 0
1.37288 0.153846 0 0 0
1.42373 0.153846 0 0 0
1.47458 0.153846 0 0 0
1.52542 0.153846 0 0 0
1.57627 0.153846 0 0 0
1.62712 0.153846 0 0 0
1.67797 0.153846 0 0 0
1.72881 0.153846 0 0 0
1.77966 0.153846 0 0 0
1.83051 0.153846 0 0 0
1.88136 0.153846 0 0 0
1.9322 0.153846 0 0 0
1.98305 0.153846 0 0 0
2.0339 0.153846 1 0 0
2.08475 0.153846 1 -9.89685e-09 -4.41417e-08
2.13559 0.153846 1 -1.18614e-08 -8.05375e-08
2.18644 0.153846 1 -8.21267e-09 -1.08402e-07
2.23729 0.153846 1 -1.12744e-09 -1.27145e-07
2.28814 0.153846 1 7.39991e-09 -1.36801e-07
2.33898 0.153846 1 1.57124e-08 -1.38157e-07
2.38983 0.153846 1 2.26206e-08 -1.32625e-07
2.44068 0.153846 1 2.74501e-08 -1.21993e-07
2.49153 0.153846 1 2.99971e-08 -1.08131e-07
2.54237 0.153846 1 3.04207e-08 -9.27524e-08
2.59322 0.153846 1 2.91064e-08 -7.7253e-08
2.64407 0.153846 1 2.65371e-08 -6.26392e-08
2.69492 0.153846 1 2.31895e-08 -4.95289e-08
2.74576 0.153846 1 1.94646e-08 -3.81951e-08
2.79661 0.153846 1 1.5648e-08 -2.86257e-08
2.84746 0.153846 1 1.18895e-08 -2.05777e-08
2.89831 0.153846 1 8.18882e-09 -1.36069e-08
2.94915 0.153846 1 4.37208e-09 -7.05921e-09
3 0.153846 1 0 0

0 0.205128 2 1 0
0.0508475 0.205128 2.42898 0.832277 0.0808464
0.101695 0.205128 2.83854 0.742198 0.154495
0.152542 0.205128 2.95067 0.726295 0.183245
0.20339 0.205128 2.88476 0.733551 0.184269
0.254237 0.205128 2.77388 0.738216 0.17291
0.305085 0.205128 2.66626 0.734036 0.157237
0.355932 0.205128 2.57638 0.720187 0.141175
0.40678 0.205128 2.51024 0.695896 0.126479
0.457627 0.205128 2.47465 0.658754 0.113444
0.508475 0.205128 2.47961 0.604033 0.101162
0.559322 0.205128 2.54465 0.525553 0.0868856
0.610169 0.205128 2.69331 0.418579 0.0659774
0.661017 0.205128 2.95712 0.287929 0.0317124
0.711864 0.205128 3.32488 0.154814 -0.0193469
0.762712 0.205128 3.72575 0.052587 -0.0801818
0.813559 0.205128 4.01983 0.00234002 -0.128495
0.864407 0.205128 4.13489 -0.00900669 -0.139613
0.915254 0.205128 4.15169 -0.00726143 -0.0982452
0.966102 0.205128 4.17847 0 0
1.01695 0.205128 0 0 0
1.0678 0.205128 0 0 0
1.11864 0.205128 0 0 0
1.16949 0.205128 0 0 0
1.22034 0.205128 0 0 0
1.27119 0.205128 0 0 0
1.32203 0.205128 0 0 0
1.37288 0.205128 0 0 0
1.42373 0.205128 0 0 0
1.47458 0.205128 0 0 0
1.52542 0.205128 0 0 0
1.57627 0.205128 0 0 0
1.62712 0.205128 0 0 0
1.67797 0.205128 0 0 0
1.72881 0.205128 0 0 0
1.77966 0.205128 0 0 0
1.83051 0.205128 0 0 0
1.88136 0.205128 0 0 0
1.9322 0.205128 0 0 0
1.98305 0.205128 0 0 0
2.0339 0.205128 1 0 0
2.08475 0.205128 1 -1.6391e-08 -7.04422e-08
2.13559 0.205128 1 -1.91131e-08 -1.28407e-07
2.18644 0.205128 1 -1.2221e-08 -1.72441e-07
2.23729 0.205128 1 3.95933e-10 -2.01518e-07
2.28814 0.205128 1 1.51851e-08 -2.15749e-07
2.33898 0.205128 1 2.92491e-08 -2.16559e-07
2.38983 0.205128 1 4.05821e-08 -2.06428e-07
2.44068 0.205128 1 4.813e-08 -1.88412e-07
2.49153 0.205128 1 5.1678e-08 -1.65632e-07
2.54237 0.205128 1 5.16268e-08 -1.40869e-07
2.59322 0.205128 1 4.87344e-08 -1.16321e-07
2.64407 0.205128 1 4.38834e-08 -9.35141e-08
2.69492 0.205128 1 3.7907e-08 -7.33357e-08
2.74576 0.205128 1 3.14795e-08 -5.61257e-08
2.79661 0.205128 1 2.50618e-08 -4.17916e-08
2.84746 0.205128 1 1.888e-08 -2.9902e-08
2.89831 0.205128 1 1.29113e-08 -1.97343e-08
2.94915 0.205128 1 6.85539e-09 -1.02549e-08
3 0.205128 1 0 0

0 0.25641 2 1 0
0.0508475 0.25641 2.32042 0.865868 0.0610938
0.101695 0.25641 2.65563 0.782487 0.130364
0.152542 0.25641 2.8211 0.7603 0.172497
0.20339 0.25641 2.82336 0.768887 0.18783
0.254237 0.25641 2.75515 0.782449 0.187095
0.305085 0.25641 2.67094 0.790263 0.17835
0.355932 0.25641 2.59331 0.788784 0.16638
0.40678 0.25641 2.53263 0.775979 0.153826
0.457627 0.25641 2.4985 0.748854 0.141732
0.508475 0.25641 2.502 0.70197 0.129855
0.559322 0.25641 2.56615 0.627752 0.115923
0.610169 0.25641 2.71772 0.518712 0.0955265
0.661017 0.25641 2.99973 0.376851 0.0615188
0.711864 0.25641 3.4071 0.224188 0.00927459
0.762712 0.25641 3.85434 0.100528 -0.0544925
0.813559 0.25641 4.16765 0.0334276 -0.106946
0.864407 0.25641 4.26268 0.00831732 -0.122641
0.915254 0.25641 4.27569 -0.00290818 -0.0891145
0.966102 0.25641 4.33274 0 0
1.01695 0.25641 0 0 0
1.0678 0.25641 0 0 0
1.11864 0.25641 0 0 0
1.16949 0.25641 0 0 0
1.22034 0.25641 0 0 0
1.27119 0.25641 0 0 0
1.32203 0.25641 0 0 0
1.37288 0.25641 0 0 0
1.42373 0.25641 0 0 0
1.47458 0.25641 0 0 0
1.52542 0.25641 0 0 0
1.57627 0.25641 0 0 0
1.62712 0.25641 0 0 0
1.67797 0.25641 0 0 0
1.72881 0.25641 0 0 0
1.77966 0.25641 0 0 0
1.83051 0.25641 0 0 0
1.88136 0.25641 0 0 0
1.9322 0.25641 0 0 0
1.98305 0.25641 0 0 0
2.0339 0.25641 1 0 0
2.08475 0.25641 1 -2.61365e-08 -1.14702e-07
2.13559 0.25641 1 -2.92769e-08 -2.0915e-07
2.18644 0.25641 1 -1.62905e-08 -2.80404e-07
2.23729 0.25641 1 6.01854e-09 -3.2652e-07
2.28814 0.25641 1 3.1416e-08 -3.47747e-07
2.33898 0.25641 1 5.49031e-08 -3.46737e-07
2.38983 0.25641 1 7.31557e-08 -3.27967e-07
2.44068 0.25641 1 8.45887e-08 -2.96799e-07
2.49153 0.25641 1 8.90904e-08 -2.5856e-07
2.54237 0.25641 1 8.75729e-08 -2.17852e-07
2.59322 0.25641 1 8.14896e-08 -1.78191e-07
2.64407 0.25641 1 7.24256e-08 -1.41913e-07
2.69492 0.25641 1 6.18108e-08 -1.1028e-07
2.74576 0.25641 1 5.07568e-08 -8.36789e-08
2.79661 0.25641 1 3.99891e-08 -6.18342e-08
2.84746 0.25641 1 2.98354e-08 -4.39736e-08
2.89831 0.25641 1 2.02233e-08 -2.89103e-08
2.94915 0.25641 1 1.06517e-08 -1.50098e-08
3 0.25641 1 0 0

0 0.307692 2 1 0
0.0508475 0.307692 2.24945 0.890942 0.0462318
0.101695 0.307692 2.51429 0.815217 0.105855
0.152542 0.307692 2.68711 0.786962 0.152846
0.20339 0.307692 2.73357 0.79138 0.178777
0.254237 0.307692 2.70176 0.80756 0.188374
0.305085 0.307692 2.63906 0.822785 0.188003
0.355932 0.307692 2.57203 0.831017 0.182315
0.40678 0.307692 2.51452 0.828578 0.174244
0.457627 0.307692 2.47903 0.811496 0.165219
0.508475 0.307692 2.4775 0.773374 0.155456
0.559322 0.307692 2.53642 0.70517 0.143188
0.610169 0.307692 2.68573 0.59663 0.124516
0.661017 0.307692 2.98138 0.446581 0.0925997
0.711864 0.307692 3.43043 0.277417 0.0423982
0.762712 0.307692 3.93798 0.135726 -0.0199226
0.813559 0.307692 4.28513 0.0557985 -0.0724887
0.864407 0.307692 4.37672 0.0216151 -0.0923158
0.915254 0.307692 4.37831 0.000950942 -0.0696365
0.966102 0.307692 4.46478 0 0
1.01695 0.307692 0 0 0
1.0678 0.307692 0 0 0
1.11864 0.307692 0 0 0
1.16949 0.307692 0 0 0
1.22034 0.307692 0 0 0
1.27119 0.307692 0 0 0
1.32203 0.307692 0 0 0
1.37288 0.307692 0 0 0
1.42373 0.307692 0 0 0
1.47458 0.307692 0 0 0
1.52542 0.307692 0 0 0
1.57627 0.307692 0 0 0
1.62712 0.307692 0 0 0
1.67797 0.307692 0 0 0
1.72881 0.307692 0 0 0
1.77966 0.307692 0 0 0
1.83051 0.307692 0 0 0
1.88136 0.307692 0 0 0
1.9322 0.307692 0 0 0
1.98305 0.307692 0 0 0
2.0339 0.307692 1 0 0
2.08475 0.307692 1 -4.05857e-08 -1.87822e-07
2.13559 0.307692 1 -4.28949e-08 -3.42742e-07
2.18644 0.307692 1 -1.84854e-08 -4.58764e-07
2.23729 0.307692 1 2.0779e-08 -5.32137e-07
2.28814 0.307692 1 6.40215e-08 -5.63429e-07
2.33898 0.307692 1 1.02715e-07 -5.57652e-07
2.38983 0.307692 1 1.31474e-07 -5.22971e-07
2.44068 0.307692 1 1.48064e-07 -4.68862e-07
2.49153 0.307692 1 1.52792e-07 -4.04443e-07
2.54237 0.307692 1 1.47624e-07 -3.37333e-07
2.59322 0.307692 1 1.35291e-07 -2.73122e-07
2.64407 0.307692 1 1.1859e-07 -2.15334e-07
2.69492 0.307692 1 9.99281e-08 -1.65706e-07
2.74576 0.307692 1 8.10926e-08 -1.24577e-07
2.79661 0.307692 1 6.3189e-08 -9.12894e-08
2.84746 0.307692 1 4.66613e-08 -6.44722e-08
2.89831 0.307692 1 3.1325e-08 -4.21836e-08
2.94915 0.307692 1 1.63511e-08 -2.18573e-08
3 0.307692 1 0 0

0 0.358974 2 1 0
0.0508475 0.358974 2.20001 0.910049 0.0348153
0.101695 0.358974 2.41182 0.842394 0.0829992
0.152542 0.358974 2.57449 0.810385 0.127823
0.20339 0.358974 2.64799 0.808977 0.158893
0.254237 0.358974 2.64804 0.823609 0.176208
0.305085 0.358974 2.60823 0.841957 0.183633
0.355932 0.358974 2.55468 0.856401 0.184874
0.40678 0.358974 2.50351 0.861735 0.182557
0.457627 0.358974 2.47 0.852896 0.178089
0.508475 0.358974 2.46718 0.822468 0.171845
0.559322 0.358974 2.52491 0.760051 0.162485
0.610169 0.358974 2.67609 0.653015 0.146765
0.661017 0.358974 2.98746 0.497354 0.118771
0.711864 0.358974 3.47669 0.315787 0.0738297
0.762712 0.358974 4.03544 0.16082 0.0173847
0.813559 0.358974 4.4041 0.0722851 -0.0315591
0.864407 0.358974 4.48115 0.0320846 -0.0542144
0.915254 0.358974 4.4718 0.00456254 -0.0445162
0.966102 0.358974 4.573 0 0
1.01695 0.358974 0 0 0
1.0678 0.358974 0 0 0
1.11864 0.358974 0 0 0
1.16949 0.358974 0 0 0
1.22034 0.358974 0 0 0
1.27119 0.358974 0 0 0
1.32203 0.358974 0 0 0
1.37288 0.358974 0 0 0
1.42373 0.358974 0 0 0
1.47458 0.358974 0 0 0
1.52542 0.358974 0 0 0
1.57627 0.358974 0 0 0
1.62712 0.358974 0 0 0
1.67797 0.358974 0 0 0
1.72881 0.358974 0 0 0
1.77966 0.358974 0 0 0
1.83051 0.358974 0 0 0
1.88136 0.358974 0 0 0
1.9322 0.358974 0 0 0
1.98305 0.358974 0 0 0
2.0339 0.358974 1 0 0
2.08475 0.358974 1 -6.14882e-08 -3.07687e-07
2.13559 0.358974 1 -5.95918e-08 -5.62043e-07
2.18644 0.358974 1 -1.38109e-08 -7.50878e-07
2.23729 0.358974 1 5.50818e-08 -8.67019e-07
2.28814 0.358974 1 1.28142e-07 -9.11836e-07
2.33898 0.358974 1 1.90984e-07 -8.94928e-07
2.38983 0.358974 1 2.35131e-07 -8.31256e-07
2.44068 0.358974 1 2.57762e-07 -7.37567e-07
2.49153 0.358974 1 2.60369e-07 -6.29394e-07
2.54237 0.358974 1 2.47018e-07 -5.19224e-07
2.59322 0.358974 1 2.22751e-07 -4.15808e-07
2.64407 0.358974 1 1.92413e-07 -3.2432e-07
2.69492 0.358974 1 1.59967e-07 -2.46988e-07
2.74576 0.358974 1 1.28212e-07 -1.83867e-07
2.79661 0.358974 1 9.87591e-08 -1.33539e-07
2.84746 0.358974 1 7.21471e-08 -9.36041e-08
2.89831 0.358974 1 4.7949e-08 -6.09152e-08
2.94915 0.358974 1 2.47927e-08 -3.14829e-08
3 0.358974 1 0 0

0 0.410256 2 1 0
0.0508475 0.410256 2.16473 0.924336 0.0249497
0.101695 0.410256 2.33892 0.864349 0.060974
0.152542 0.410256 2.48645 0.831331 0.0986789
0.20339 0.410256 2.57317 0.825261 0.129723
0.254237 0.410256 2.59678 0.836943 0.151717
0.305085 0.410256 2.57673 0.855736 0.166019
0.355932 0.410256 2.53559 0.873443 0.174746
0.40678 0.410256 2.49021 0.883754 0.179598
0.457627 0.410256 2.45818 0.880657 0.181498
0.508475 0.410256 2.45358 0.855824 0.180643
0.559322 0.410256 2.50881 0.79772 0.175933
0.610169 0.410256 2.65872 0.691847 0.164703
0.661017 0.410256 2.97754 0.531947 0.142147
0.711864 0.410256 3.49255 0.34103 0.104384
0.762712 0.410256 4.08805 0.176455 0.0561171
0.813559 0.410256 4.47431 0.0823897 0.0126854
0.864407 0.410256 4.54386 0.0388345 -0.0122954
0.915254 0.410256 4.528 0.00720937 -0.0164187
0.966102 0.410256 4.63742 0 0
1.01695 0.410256 0 0 0
1.0678 0.410256 0 0 0
1.11864 0.410256 0 0 0
1.16949 0.410256 0 0 0
1.22034 0.410256 0 0 0
1.27119 0.410256 0 0 0
1.32203 0.410256 0 0 0
1.37288 0.410256 0 0 0
1.42373 0.410256 0 0 0
1.47458 0.410256 0 0 0
1.52542 0.410256 0 0 0
1.57627 0.410256 0 0 0
1.62712 0.410256 0 0 0
1.67797 0.410256 0 0 0
1.72881 0.410256 0 0 0
1.77966 0.410256 0 0 0
1.83051 0.410256 0 0 0
1.88136 0.410256 0 0 0
1.9322 0.410256 0 0 0
1.98305 0.410256 0 0 0
2.0339 0.410256 1 0 0
2.08475 0.410256 1 -9.04729e-08 -5.03563e-07
2.13559 0.410256 1 -7.62559e-08 -9.20892e-07
2.18644 0.410256 1 9.45172e-09 -1.22732e-06
2.23729 0.410256 1 1.29988e-07 -1.40935e-06
2.28814 0.410256 1 2.52393e-07 -1.47046e-06
2.33898 0.410256 1 3.52731e-07 -1.42924e-06
2.38983 0.410256 1 4.18199e-07 -1.31318e-06
2.44068 0.410256 1 4.46036e-07 -1.15177e-06
2.49153 0.410256 1 4.40606e-07 -9.7123e-07
2.54237 0.410256 1 4.10051e-07 -7.91706e-07
2.59322 0.410256 1 3.63495e-07 -6.26577e-07
2.64407 0.410256 1 3.09162e-07 -4.83125e-07
2.69492 0.410256 1 2.53417e-07 -3.63883e-07
2.74576 0.410256 1 2.00484e-07 -2.68084e-07
2.79661 0.410256 1 1.52585e-07 -1.92871e-07
2.84746 0.410256 1 1.10235e-07 -1.34117e-07
2.89831 0.410256 1 7.25071e-08 -8.67738e-08
2.94915 0.410256 1 3.71275e-08 -4.47196e-08
3 0.410256 1 0 0

0 0.461538 2 1 0
0.0508475 0.461538 2.1418 0.933733 0.0142886
0.101695 0.461538 2.29343 0.879962 0.0357266
0.152542 0.461538 2.43049 0.848367 0.0612359
0.20339 0.461538 2.52408 0.840733 0.0870744
0.254237 0.461538 2.56337 0.850848 0.110818
0.305085 0.461538 2.55757 0.869599 0.131557
0.355932 0.461538 2.52517 0.888837 0.149064
0.40678 0.461538 2.4832 0.901713 0.163275
0.457627 0.461538 2.45127 0.901641 0.174038
0.508475 0.461538 2.44484 0.879664 0.181001
0.559322 0.461538 2.49886 0.82341 0.183153
0.610169 0.461538 2.65076 0.717106 0.178391
0.661017 0.461538 2.98096 0.553185 0.163153
0.711864 0.461538 3.52222 0.355544 0.13451
0.762712 0.461538 4.14495 0.185298 0.0960364
0.813559 0.461538 4.53373 0.0887674 0.0587809
0.864407 0.461538 4.58666 0.043655 0.0312942
0.915254 0.461538 4.56122 0.0096328 0.0127821
0.966102 0.461538 4.66735 0 0
1.01695 0.461538 0 0 0
1.0678 0.461538 0 0 0
1.11864 0.461538 0 0 0
1.16949 0.461538 0 0 0
1.22034 0.461538 0 0 0
1.27119 0.461538 0 0 0
1.32203 0.461538 0 0 0
1.37288 0.461538 0 0 0
1.42373 0.461538 0 0 0
1.47458 0.461538 0 0 0
1.52542 0.461538 0 0 0
1.57627 0.461538 0 0 0
1.62712 0.461538 0 0 0
1.67797 0.461538 0 0 0
1.72881 0.461538 0 0 0
1.77966 0.461538 0 0 0
1.83051 0.461538 0 0 0
1.88136 0.461538 0 0 0
1.9322 0.461538 0 0 0
1.98305 0.461538 0 0 0
2.0339 0.461538 1 0 0
2.08475 0.461538 1 -1.27811e-07 -8.23505e-07
2.13559 0.461538 1 -8.29101e-08 -1.50768e-06
2.18644 0.461538 1 7.73015e-08 -2.00281e-06
2.23729 0.461538 1 2.87467e-07 -2.28411e-06
2.28814 0.461538 1 4.90383e-07 -2.36051e-06
2.33898 0.461538 1 6.47035e-07 -2.26848e-06
2.38983 0.461538 1 7.39328e-07 -2.05854e-06
2.44068 0.461538 1 7.667e-07 -1.78223e-06
2.49153 0.461538 1 7.39911e-07 -1.48324e-06
2.54237 0.461538 1 6.74786e-07 -1.19343e-06
2.59322 0.461538 1 5.87467e-07 -9.32569e-07
2.64407 0.461538 1 4.9157e-07 -7.10285e-07
2.69492 0.461538 1 3.96994e-07 -5.2875e-07
2.74576 0.461538 1 3.09836e-07 -3.85297e-07
2.79661 0.461538 1 2.32895e-07 -2.74455e-07
2.84746 0.461538 1 1.66341e-07 -1.89246e-07
2.89831 0.461538 1 1.08259e-07 -1.21689e-07
2.94915 0.461538 1 5.48872e-08 -6.25197e-08
3 0.461538 1 0 0

0 0.512821 2 1 0
0.0508475 0.512821 2.13351 0.936735 -0.000676081
0.101695 0.512821 2.28185 0.886399 -0.000853021
0.152542 0.512821 2.4223 0.858699 0.00437189
0.20339 0.512821 2.52406 0.854749 0.0190491
0.254237 0.512821 2.57184 0.867772 0.042594
0.305085 0.512821 2.57055 0.888549 0.0714033
0.355932 0.512821 2.5376 0.90906 0.101414
0.40678 0.512821 2.49123 0.922643 0.129403
0.457627 0.512821 2.45305 0.922865 0.153241
0.508475 0.512821 2.43953 0.900769 0.171557
0.559322 0.512821 2.48589 0.843682 0.183192
0.610169 0.512821 2.62916 0.735187 0.186468
0.661017 0.512821 2.95009 0.567006 0.179041
0.711864 0.512821 3.48648 0.363723 0.159485
0.762712 0.512821 4.11301 0.189052 0.131345
0.813559 0.512821 4.50904 0.0908118 0.101569
0.864407 0.512821 4.56571 0.0452205 0.0727547
0.915254 0.512821 4.54408 0.0106611 0.0407162
0.966102 0.512821 4.64984 0 0
1.01695 0.512821 0 0 0
1.0678 0.512821 0 0 0
1.11864 0.512821 0 0 0
1.16949 0.512821 0 0 0
1.22034 0.512821 0 0 0
1.27119 0.512821 0 0 0
1.32203 0.512821 0 0 0
1.37288 0.512821 0 0 0
1.42373 0.512821 0 0 0
1.47458 0.512821 0 0 0
1.52542 0.512821 0 0 0
1.57627 0.512821 0 0 0
1.62712 0.512821 0 0 0
1.67797 0.512821 0 0 0
1.72881 0.512821 0 0 0
1.77966 0.512821 0 0 0
1.83051 0.512821 0 0 0
1.88136 0.512821 0 0 0
1.9322 0.512821 0 0 0
1.98305 0.512821 0 0 0
2.0339 0.512821 1 0 0
2.08475 0.512821 1 -1.69207e-07 -1.34709e-06
2.13559 0.512821 1 -5.35155e-08 -2.46837e-06
2.18644 0.512821 1 2.45536e-07 -3.26406e-06
2.23729 0.512821 1 6.10159e-07 -3.69018e-06
2.28814 0.512821 1 9.41704e-07 -3.76974e-06
2.33898 0.512821 1 1.17861e-06 -3.5748e-06
2.38983 0.512821 1 1.29831e-06 -3.19806e-06
2.44068 0.512821 1 1.308e-06 -2.72869e-06
2.49153 0.512821 1 1.23186e-06 -2.23818e-06
2.54237 0.512821 1 1.09972e-06 -1.77549e-06
2.59322 0.512821 1 9.39378e-07 -1.36854e-06
2.64407 0.512821 1 7.72683e-07 -1.0288e-06
2.69492 0.512821 1 6.1441e-07 -7.56452e-07
2.74576 0.512821 1 4.72804e-07 -5.44912e-07
2.79661 0.512821 1 3.50863e-07 -3.84135e-07
2.84746 0.512821 1 2.47682e-07 -2.62549e-07
2.89831 0.512821 1 1.59477e-07 -1.67733e-07
2.94915 0.512821 1 8.00483e-08 -8.58916e-08
3 0.512821 1 0 0

0 0.564103 2 1 0
0.0508475 0.564103 2.14759 0.929595 -0.0258825
0.101695 0.564103 2.32616 0.878104 -0.0638252
0.152542 0.564103 2.49992 0.858476 -0.0937498
0.20339 0.564103 2.62008 0.867533 -0.0976405
0.254237 0.564103 2.66751 0.892067 -0.0736783
0.305085 0.564103 2.65254 0.919649 -0.030743
0.355932 0.564103 2.59981 0.942224 0.0202574
0.40678 0.564103 2.53346 0.954443 0.0707242
0.457627 0.564103 2.47911 0.951233 0.115394
0.508475 0.564103 2.45594 0.924531 0.151594
0.559322 0.564103 2.50195 0.862 0.178335
0.610169 0.564103 2.65784 0.747453 0.194885
0.661017 0.564103 3.00672 0.573567 0.200357
0.711864 0.564103 3.57448 0.36717 0.193701
0.762712 0.564103 4.1996 0.192736 0.176105
0.813559 0.564103 4.55483 0.0953567 0.150704
0.864407 0.564103 4.57164 0.04905 0.117346
0.915254 0.564103 4.53059 0.0132811 0.0700434
0.966102 0.564103 4.61694 0 0
1.01695 0.564103 0 0 0
1.0678 0.564103 0 0 0
1.11864 0.564103 0 0 0
1.16949 0.564103 0 0 0
1.22034 0.564103 0 0 0
1.27119 0.564103 0 0 0
1.32203 0.564103 0 0 0
1.37288 0.564103 0 0 0
1.42373 0.564103 0 0 0
1.47458 0.564103 0 0 0
1.52542 0.564103 0 0 0
1.57627 0.564103 0 0 0
1.62712 0.564103 0 0 0
1.67797 0.564103 0 0 0
1.72881 0.564103 0 0 0
1.77966 0.564103 0 0 0
1.83051 0.564103 0 0 0
1.88136 0.564103 0 0 0
1.9322 0.564103 0 0 0
1.98305 0.564103 0 0 0
2.0339 0.564103 1 0 0
2.08475 0.564103 1 -1.97993e-07 -2.20797e-06
2.13559 0.564103 1 7.42746e-08 -4.04622e-06
2.18644 0.564103 1 6.315e-07 -5.31561e-06
2.23729 0.564103 1 1.25926e-06 -5.94244e-06
2.28814 0.564103 1 1.78973e-06 -5.98523e-06
2.33898 0.564103 1 2.13102e-06 -5.5871e-06
2.38983 0.564103 1 2.26253e-06 -4.91709e-06
2.44068 0.564103 1 2.21216e-06 -4.1272e-06
2.49153 0.564103 1 2.03077e-06 -3.33148e-06
2.54237 0.564103 1 1.77271e-06 -2.60235e-06
2.59322 0.564103 1 1.48431e-06 -1.97667e-06
2.64407 0.564103 1 1.19924e-06 -1.46552e-06
2.69492 0.564103 1 9.38317e-07 -1.06367e-06
2.74576 0.564103 1 7.11612e-07 -7.57076e-07
2.79661 0.564103 1 5.21175e-07 -5.27963e-07
2.84746 0.564103 1 3.63557e-07 -3.57563e-07
2.89831 0.564103 1 2.31568e-07 -2.26895e-07
2.94915 0.564103 1 1.1507e-07 -1.15785e-07
3 0.564103 1 0 0

0 0.615385 2 1 0
0.0508475 0.615385 2.20062 0.905373 -0.0705193
0.101695 0.615385 2.48049 0.846575 -0.17711
0.152542 0.615385 2.75114 0.845229 -0.266013
0.20339 0.615385 2.90882 0.884365 -0.295842
0.254237 0.615385 2.93636 0.934182 -0.266023
0.305085 0.615385 2.8697 0.975536 -0.196779
0.355932 0.615385 2.75621 1.00106 -0.110343
0.40678 0.615385 2.63343 1.0089 -0.0236729
0.457627 0.615385 2.53094 0.997573 0.0529036
0.508475 0.615385 2.46502 0.96166 0.114378
0.559322 0.615385 2.46565 0.890113 0.159611
0.610169 0.615385 2.5657 0.767003 0.18915
0.661017 0.615385 2.84306 0.584585 0.204705
0.711864 0.615385 3.34501 0.369829 0.20873
0.762712 0.615385 3.95827 0.189333 0.20358
0.813559 0.615385 4.35924 0.0899612 0.18754
0.864407 0.615385 4.42681 0.0448445 0.154053
0.915254 0.615385 4.4159 0.0115785 0.0946861
0.966102 0.615385 4.51033 0 0
1.01695 0.615385 0 0 0
1.0678 0.615385 0 0 0
1.11864 0.615385 0 0 0
1.16949 0.615385 0 0 0
1.22034 0.615385 0 0 0
1.27119 0.615385 0 0 0
1.32203 0.615385 0 0 0
1.37288 0.615385 0 0 0
1.42373 0.615385 0 0 0
1.47458 0.615385 0 0 0
1.52542 0.615385 0 0 0
1.57627 0.615385 0 0 0
1.62712 0.615385 0 0 0
1.67797 0.615385 0 0 0
1.72881 0.615385 0 0 0
1.77966 0.615385 0 0 0
1.83051 0.615385 0 0 0
1.88136 0.615385 0 0 0
1.9322 0.615385 0 0 0
1.98305 0.615385 0 0 0
2.0339 0.615385 1 0 0
2.08475 0.615385 1 -1.66644e-07 -3.63539e-06
2.13559 0.615385 1 4.43643e-07 -6.65174e-06
2.18644 0.615385 1 1.47897e-06 -8.65553e-06
2.23729 0.615385 1.00001 2.54653e-06 -9.5356e-06
2.28814 0.615385 1.00001 3.36855e-06 -9.43838e-06
2.33898 0.615385 1.00001 3.82139e-06 -8.648e-06
2.38983 0.615385 1 3.90768e-06 -7.46909e-06
2.44068 0.615385 1 3.70336e-06 -6.15505e-06
2.49153 0.615385 1 3.30971e-06 -4.88166e-06
2.54237 0.615385 1 2.82196e-06 -3.75027e-06
2.59322 0.615385 1 2.31406e-06 -2.80444e-06
2.64407 0.615385 1 1.83512e-06 -2.04915e-06
2.69492 0.615385 1 1.41209e-06 -1.46729e-06
2.74576 0.615385 1 1.05501e-06 -1.03147e-06
2.79661 0.615385 1 7.62381e-07 -7.11362e-07
2.84746 0.615385 1 5.25461e-07 -4.77255e-07
2.89831 0.615385 1 3.31087e-07 -3.00743e-07
2.94915 0.615385 1 1.62882e-07 -1.52915e-07
3 0.615385 1 0 0

0 0.666667 2 1 0
0.0508475 0.666667 2.32299 0.855403 -0.143313
0.101695 0.666667 2.85847 0.786968 -0.360811
0.152542 0.666667 3.33849 0.827933 -0.53231
0.20339 0.666667 3.55065 0.922434 -0.590736
0.254237 0.666667 3.51567 1.01314 -0.546981
0.305085 0.666667 3.32973 1.07445 -0.43867
0.355932 0.666667 3.08609 1.10163 -0.301345
0.40678 0.666667 2.85322 1.09823 -0.161514
0.457627 0.666667 2.67928 1.06831 -0.0358895
0.508475 0.666667 2.58966 1.01114 0.0672527
0.559322 0.666667 2.61621 0.919271 0.146387
0.610169 0.666667 2.78679 0.780185 0.203002
0.661017 0.666667 3.15772 0.590104 0.239648
0.711864 0.666667 3.70672 0.377729 0.257846
0.762712 0.666667 4.242 0.203099 0.258788
0.813559 0.666667 4.49566 0.10418 0.241704
0.864407 0.666667 4.45938 0.0544718 0.200331
0.915254 0.666667 4.39667 0.0169409 0.124434
0.966102 0.666667 4.45525 0 0
1.01695 0.666667 0 0 0
1.0678 0.666667 0 0 0
1.11864 0.666667 0 0 0
1.16949 0.666667 0 0 0
1.22034 0.666667 0 0 0
1.27119 0.666667 0 0 0
1.32203 0.666667 0 0 0
1.37288 0.666667 0 0 0
1.42373 0.666667 0 0 0
1.47458 0.666667 0 0 0
1.52542 0.666667 0 0 0
1.57627 0.666667 0 0 0
1.62712 0.666667 0 0 0
1.67797 0.666667 0 0 0
1.72881 0.666667 0 0 0
1.77966 0.666667 0 0 0
1.83051 0.666667 0 0 0
1.88136 0.666667 0 0 0
1.9322 0.666667 0 0 0
1.98305 0.666667 0 0 0
2.0339 0.666667 1 0 0
2.08475 0.666667 1 4.69614e-08 -6.03445e-06
2.13559 0.666667 1.00001 1.37729e-06 -1.09884e-05
2.18644 0.666667 1.00001 3.29077e-06 -1.40993e-05
2.23729 0.666667 1.00001 5.06972e-06 -1.52373e-05
2.28814 0.666667 1.00001 6.27858e-06 -1.4761e-05
2.33898 0.666667 1.00001 6.78742e-06 -1.32302e-05
2.38983 0.666667 1.00001 6.67702e-06 -1.11833e-05
2.44068 0.666667 1.00001 6.12509e-06 -9.02876e-06
2.49153 0.666667 1 5.32245e-06 -7.02454e-06
2.54237 0.666667 1 4.42799e-06 -5.30104e-06
2.59322 0.666667 1 3.5532e-06 -3.89926e-06
2.64407 0.666667 1 2.76412e-06 -2.80616e-06
2.69492 0.666667 1 2.09083e-06 -1.98152e-06
2.74576 0.666667 1 1.53849e-06 -1.37538e-06
2.79661 0.666667 1 1.09678e-06 -9.37857e-07
2.84746 0.666667 1 7.46887e-07 -6.23215e-07
2.89831 0.666667 1 4.65572e-07 -3.8994e-07
2.94915 0.666667 1 2.26789e-07 -1.97532e-07
3 0.666667 1 0 0

0 0.717949 2 1 0
0.0508475 0.717949 2.55991 0.781826 -0.233787
0.101695 0.717949 3.57489 0.724204 -0.57788
0.152542 0.717949 4.33772 0.844666 -0.830401
0.20339 0.717949 4.60743 1.01035 -0.919537
0.254237 0.717949 4.48031 1.14659 -0.868405
0.305085 0.717949 4.11835 1.23 -0.727774
0.355932 0.717949 3.66367 1.2588 -0.542309
0.40678 0.717949 3.21823 1.24146 -0.34647
0.457627 0.717949 2.84318 1.18867 -0.166435
0.508475 0.717949 2.5579 1.10562 -0.0191728
0.559322 0.717949 2.38368 0.987613 0.0913295
0.610169 0.717949 2.35389 0.822361 0.170689
0.661017 0.717949 2.54859 0.606164 0.227461
0.711864 0.717949 3.02009 0.371366 0.266527
0.762712 0.717949 3.6403 0.184947 0.285948
0.813559 0.717949 4.06211 0.085939 0.279058
0.864407 0.717949 4.1555 0.0421623 0.236418
0.915254 0.717949 4.16103 0.0113977 0.148176
0.966102 0.717949 4.24346 0 0
1.01695 0.717949 0 0 0
1.0678 0.717949 0 0 0
1.11864 0.717949 0 0 0
1.16949 0.717949 0 0 0
1.22034 0.717949 0 0 0
1.27119 0.717949 0 0 0
1.32203 0.717949 0 0 0
1.37288 0.717949 0 0 0
1.42373 0.717949 0 0 0
1.47458 0.717949 0 0 0
1.52542 0.717949 0 0 0
1.57627 0.717949 0 0 0
1.62712 0.717949 0 0 0
1.67797 0.717949 0 0 0
1.72881 0.717949 0 0 0
1.77966 0.717949 0 0 0
1.83051 0.717949 0 0 0
1.88136 0.717949 0 0 0
1.9322 0.717949 0 0 0
1.98305 0.717949 0 0 0
2.0339 0.717949 1 0 0
2.08475 0.717949 1.00001 7.44841e-07 -1.01498e-05
2.13559 0.717949 1.00001 3.59947e-06 -1.82828e-05
2.18644 0.717949 1.00001 7.09939e-06 -2.29788e-05
2.23729 0.717949 1.00001 9.96201e-06 -2.42127e-05
2.28814 0.717949 1.00001 1.15787e-05 -2.28418e-05
2.33898 0.717949 1.00001 1.19172e-05 -1.99486e-05
2.38983 0.717949 1.00001 1.12606e-05 -1.64543e-05
2.44068 0.717949 1.00001 9.9841e-06 -1.29867e-05
2.49153 0.717949 1.00001 8.42552e-06 -9.89629e-06
2.54237 0.717949 1.00001 6.83337e-06 -7.32827e-06
2.59322 0.717949 1 5.36236e-06 -5.2985e-06
2.64407 0.717949 1 4.09028e-06 -3.75401e-06
2.69492 0.717949 1 3.04065e-06 -2.61347e-06
2.74576 0.717949 1 2.20325e-06 -1.79092e-06
2.79661 0.717949 1 1.54951e-06 -1.20739e-06
2.84746 0.717949 1 1.04265e-06 -7.94662e-07
2.89831 0.717949 1 6.43096e-07 -4.93678e-07
2.94915 0.717949 1 3.10249e-07 -2.49141e-07
3 0.717949 1 0 0

0 0.769231 2 1 0
0.0508475 0.769231 2.90485 0.732769 -0.273797
0.101695 0.769231 4.20387 0.745027 -0.680548
0.152542 0.769231 5.02531 0.958217 -0.991869
0.20339 0.769231 5.49789 1.16794 -1.14109
0.254237 0.769231 5.47837 1.32718 -1.12414
0.305085 0.769231 5.08652 1.42802 -0.988272
0.355932 0.769231 4.5004 1.46001 -0.784054
0.40678 0.769231 3.87543 1.42457 -0.547973
0.457627 0.769231 3.38408 1.33253 -0.304957
0.508475 0.769231 3.12438 1.20054 -0.0844421
0.559322 0.769231 3.08943 1.04154 0.0884124
0.610169 0.769231 3.21025 0.855164 0.207275
0.661017 0.769231 3.46568 0.637749 0.280705
0.711864 0.769231 3.8178 0.410808 0.321828
0.762712 0.769231 4.1537 0.226098 0.339881
0.813559 0.769231 4.28882 0.117139 0.331172
0.864407 0.769231 4.22376 0.0600802 0.282291
0.915254 0.769231 4.14899 0.0198665 0.17875
0.966102 0.769231 4.19129 0 0
1.01695 0.769231 0 0 0
1.0678 0.769231 0 0 0
1.11864 0.769231 0 0 0
1.16949 0.769231 0 0 0
1.22034 0.769231 0 0 0
1.27119 0.769231 0 0 0
1.32203 0.769231 0 0 0
1.37288 0.769231 0 0 0
1.42373 0.769231 0 0 0
1.47458 0.769231 0 0 0
1.52542 0.769231 0 0 0
1.57627 0.769231 0 0 0
1.62712 0.769231 0 0 0
1.67797 0.769231 0 0 0
1.72881 0.769231 0 0 0
1.77966 0.769231 0 0 0
1.83051 0.769231 0 0 0
1.88136 0.769231 0 0 0
1.9322 0.769231 0 0 0
1.98305 0.769231 0 0 0
2.0339 0.769231 1 0 0
2.08475 0.769231 1.00001 2.67253e-06 -1.74216e-05
2.13559 0.769231 1.00002 8.7462e-06 -3.07117e-05
2.18644 0.769231 1.00002 1.5016e-05 -3.7444e-05
2.23729 0.769231 1.00002 1.93363e-05 -3.8163e-05
2.28814 0.769231 1.00002 2.10851e-05 -3.48489e-05
2.33898 0.769231 1.00002 2.06246e-05 -2.95266e-05
2.38983 0.769231 1.00002 1.86857e-05 -2.36936e-05
2.44068 0.769231 1.00001 1.59906e-05 -1.82441e-05
2.49153 0.769231 1.00001 1.3092e-05 -1.35991e-05
2.54237 0.769231 1.00001 1.03443e-05 -9.87363e-06
2.59322 0.769231 1.00001 7.93522e-06 -7.01408e-06
2.64407 0.769231 1 5.93377e-06 -4.89157e-06
2.69492 0.769231 1 4.33487e-06 -3.35743e-06
2.74576 0.769231 1 3.09333e-06 -2.27165e-06
2.79661 0.769231 1 2.1465e-06 -1.5144e-06
2.84746 0.769231 1 1.42752e-06 -9.87348e-07
2.89831 0.769231 1 8.7148e-07 -6.0908e-07
2.94915 0.769231 1 4.16519e-07 -3.06231e-07
3 0.769231 1 0 0

0 0.820513 2 1 0
0.0508475 0.820513 2.83379 0.84271 -0.151885
0.101695 0.820513 3.14046 0.993757 -0.501033
0.152542 0.820513 3.53317 1.26304 -0.863708
0.20339 0.820513 4.61549 1.4357 -1.16748
0.254237 0.820513 5.39369 1.5301 -1.26756
0.305085 0.820513 5.42162 1.63765 -1.19639
0.355932 0.820513 5.09778 1.69071 -1.00752
0.40678 0.820513 4.52999 1.66934 -0.761158
0.457627 0.820513 3.64186 1.57934 -0.508782
0.508475 0.820513 2.70271 1.41921 -0.265992
0.559322 0.820513 2.12688 1.19284 -0.0386135
0.610169 0.820513 1.99407 0.922941 0.15137
0.661017 0.820513 2.24017 0.637983 0.284437
0.711864 0.820513 2.77571 0.378461 0.362616
0.762712 0.820513 3.37619 0.192286 0.395718
0.813559 0.820513 3.74741 0.0945543 0.387807
0.864407 0.820513 3.81655 0.0484143 0.329271
0.915254 0.820513 3.80379 0.0144524 0.208715
0.966102 0.820513 3.88521 0 0
1.01695 0.820513 0 0 0
1.0678 0.820513 0 0 0
1.11864 0.820513 0 0 0
1.16949 0.820513 0 0 0
1.22034 0.820513 0 0 0
1.27119 0.820513 0 0 0
1.32203 0.820513 0 0 0
1.37288 0.820513 0 0 0
1.42373 0.820513 0 0 0
1.47458 0.820513 0 0 0
1.52542 0.820513 0 0 0
1.57627 0.820513 0 0 0
1.62712 0.820513 0 0 0
1.67797 0.820513 0 0 0
1.72881 0.820513 0 0 0
1.77966 0.820513 0 0 0
1.83051 0.820513 0 0 0
1.88136 0.820513 0 0 0
1.9322 0.820513 0 0 0
1.98305 0.820513 0 0 0
2.0339 0.820513 0.999996 0 0
2.08475 0.820513 1.00002 7.7254e-06 -3.07967e-05
2.13559 0.820513 1.00003 2.05687e-05 -5.21825e-05
2.18644 0.820513 1.00004 3.13218e-05 -6.08599e-05
2.23729 0.820513 1.00004 3.70262e-05 -5.93912e-05
2.28814 0.820513 1.00003 3.77845e-05 -5.2135e-05
2.33898 0.820513 1.00003 3.50409e-05 -4.26623e-05
2.38983 0.820513 1.00002 3.03864e-05 -3.32119e-05
2.44068 0.820513 1.00002 2.50701e-05 -2.4908e-05
2.49153 0.820513 1.00001 1.99009e-05 -1.8145e-05
2.54237 0.820513 1.00001 1.53144e-05 -1.29123e-05
2.59322 0.820513 1.00001 1.14837e-05 -9.01218e-06
2.64407 0.820513 1.00001 8.41952e-06 -6.18765e-06
2.69492 0.820513 1 6.04603e-06 -4.18849e-06
2.74576 0.820513 1 4.25021e-06 -2.79922e-06
2.79661 0.820513 1 2.91102e-06 -1.84601e-06
2.84746 0.820513 1 1.91414e-06 -1.19264e-06
2.89831 0.820513 1 1.15711e-06 -7.30738e-07
2.94915 0.820513 1 5.48139e-07 -3.66061e-07
3 0.820513 1 0 0

0 0.871795 2 1 0
0.0508475 0.871795 1.05151 1.27072 0.0551912
0.101695 0.871795 0.692731 1.66294 -0.126998
0.152542 0.871795 0.628564 2.14449 -0.440338
0.20339 0.871795 1.51191 2.30125 -1.05761
0.254237 0.871795 3.60017 1.76874 -1.37352
0.305085 0.871795 4.47443 1.82442 -1.43748
0.355932 0.871795 4.33243 1.94553 -1.34053
0.40678 0.871795 4.05935 1.93378 -1.10578
0.457627 0.871795 4.11468 1.77744 -0.771918
0.508475 0.871795 4.31173 1.55642 -0.39104
0.559322 0.871795 4.14366 1.31755 -0.0580082
0.610169 0.871795 3.69628 1.04423 0.165958
0.661017 0.871795 3.44422 0.739457 0.30225
0.711864 0.871795 3.49359 0.45325 0.385156
0.762712 0.871795 3.71111 0.242721 0.4308
0.813559 0.871795 3.8258 0.123654 0.433868
0.864407 0.871795 3.82642 0.0633599 0.378467
0.915254 0.871795 3.76711 0.0219838 0.247895
0.966102 0.871795 3.81582 0 0
1.01695 0.871795 0 0 0
1.0678 0.871795 0 0 0
1.11864 0.871795 0 0 0
1.16949 0.871795 0 0 0
1.22034 0.871795 0 0 0
1.27119 0.871795 0 0 0
1.32203 0.871795 0 0 0
1.37288 0.871795 0 0 0
1.42373 0.871795 0 0 0
1.47458 0.871795 0 0 0
1.52542 0.871795 0 0 0
1.57627 0.871795 0 0 0
1.62712 0.871795 0 0 0
1.67797 0.871795 0 0 0
1.72881 0.871795 0 0 0
1.77966 0.871795 0 0 0
1.83051 0.871795 0 0 0
1.88136 0.871795 0 0 0
1.9322 0.871795 0 0 0
1.98305 0.871795 0 0 0
2.0339 0.871795 0.99998 0 0
2.08475 0.871795 1.00003 2.10722e-05 -5.68076e-05
2.13559 0.871795 1.00005 4.78132e-05 -8.97119e-05
2.18644 0.871795 1.00006 6.45169e-05 -9.81209e-05
2.23729 0.871795 1.00006 6.96589e-05 -9.05526e-05
2.28814 0.871795 1.00005 6.62634e-05 -7.58586e-05
2.33898 0.871795 1.00004 5.81208e-05 -5.97104e-05
2.38983 0.871795 1.00004 4.81784e-05 -4.50024e-05
2.44068 0.871795 1.00003 3.83021e-05 -3.28446e-05
2.49153 0.871795 1.00002 2.94783e-05 -2.33808e-05
2.54237 0.871795 1.00001 2.20996e-05 -1.63124e-05
2.59322 0.871795 1.00001 1.62063e-05 -1.11921e-05
2.64407 0.871795 1.00001 1.16563e-05 -7.57029e-06
2.69492 0.871795 1.00001 8.23263e-06 -5.05744e-06
2.74576 0.871795 1 5.70466e-06 -3.34092e-06
2.79661 0.871795 1 3.85881e-06 -2.18097e-06
2.84746 0.871795 1 2.51025e-06 -1.39707e-06
2.89831 0.871795 1 1.50346e-06 -8.50547e-07
2.94915 0.871795 1 7.06307e-07 -4.24613e-07
3 0.871795 1 0 0

0 0.923077 2 1 0
0.0508475 0.923077 0.0404423 1.723 0.0375562
0.101695 0.923077 0.0310343 2.69333 -0.0928629
0.152542 0.923077 0.0134335 4.31636 -0.228088
0.20339 0.923077 0.0970491 6.16966 -0.878958
0.254237 0.923077 1.87204 2.15934 -1.43355
0.305085 0.923077 4.44812 1.86967 -1.55367
0.355932 0.923077 4.33419 2.15405 -1.60269
0.40678 0.923077 3.06245 2.36407 -1.59421
0.457627 0.923077 1.9289 2.39534 -1.51482
0.508475 0.923077 1.47268 2.17366 -1.18011
0.559322 0.923077 1.56427 1.71186 -0.491014
0.610169 0.923077 1.94343 1.17906 0.0573901
0.661017 0.923077 2.3941 0.741572 0.336551
0.711864 0.923077 2.83928 0.433655 0.458777
0.762712 0.923077 3.21206 0.23835 0.50737
0.813559 0.923077 3.40521 0.133738 0.505587
0.864407 0.923077 3.38708 0.0798834 0.439771
0.915254 0.923077 3.26484 0.0276596 0.293339
0.966102 0.923077 3.41721 0 0
1.01695 0.923077 0 0 0
1.0678 0.923077 0 0 0
1.11864 0.923077 0 0 0
1.16949 0.923077 0 0 0
1.22034 0.923077 0 0 0
1.27119 0.923077 0 0 0
1.32203 0.923077 0 0 0
1.37288 0.923077 0 0 0
1.42373 0.923077 0 0 0
1.47458 0.923077 0 0 0
1.52542 0.923077 0 0 0
1.57627 0.923077 0 0 0
1.62712 0.923077 0 0 0
1.67797 0.923077 0 0 0
1.72881 0.923077 0 0 0
1.77966 0.923077 0 0 0
1.83051 0.923077 0 0 0
1.88136 0.923077 0 0 0
1.9322 0.923077 0 0 0
1.98305 0.923077 0 0 0
2.0339 0.923077 0.999908 0 0
2.08475 0.923077 1.00006 5.87039e-05 -0.000109902
2.13559 0.923077 1.00009 0.000111245 -0.000155043
2.18644 0.923077 1.0001 0.000130687 -0.000154948
2.23729 0.923077 1.0001 0.00012773 -0.00013347
2.28814 0.923077 1.00008 0.000112792 -0.000106059
2.33898 0.923077 1.00007 9.34219e-05 -8.0111e-05
2.38983 0.923077 1.00005 7.40117e-05 -5.84284e-05
2.44068 0.923077 1.00004 5.67268e-05 -4.15214e-05
2.49153 0.923077 1.00003 4.23654e-05 -2.89125e-05
2.54237 0.923077 1.00002 3.09738e-05 -1.98009e-05
2.59322 0.923077 1.00001 2.22371e-05 -1.3372e-05
2.64407 0.923077 1.00001 1.57066e-05 -8.9217e-06
2.69492 0.923077 1.00001 1.09217e-05 -5.88931e-06
2.74576 0.923077 1 7.46678e-06 -3.8497e-06
2.79661 0.923077 1 4.99247e-06 -2.49011e-06
2.84746 0.923077 1 3.21553e-06 -1.58281e-06
2.89831 0.923077 1 1.9095e-06 -9.58051e-07
2.94915 0.923077 1 8.90234e-07 -4.76775e-07
3 0.923077 1 0 0

0 0.974359 2 1 0
0.0508475 0.974359 0.00108386 1.65752 -0.107077
0.101695 0.974359 0.121295 2.92415 -0.334366
0.152542 0.974359 0.0210562 6.43845 -0.398983
0.20339 0.974359 0.0235811 15.7065 -0.121113
0.254237 0.974359 3.25194 1.114 -0.844401
0.305085 0.974359 82.1968 1.6332 -0.119253
0.355932 0.974359 116.02 2.14623 -0.0269365
0.40678 0.974359 93.028 2.53376 -0.0134913
0.457627 0.974359 54.6136 2.84492 -0.0196957
0.508475 0.974359 25.052 3.00854 -0.0217348
0.559322 0.974359 10.5696 2.7356 0.0391377
0.610169 0.974359 5.01606 1.88857 0.205018
0.661017 0.974359 3.31951 1.03313 0.384674
0.711864 0.974359 3.01238 0.529737 0.499349
0.762712 0.974359 3.13493 0.277652 0.557309
0.813559 0.974359 3.23834 0.15758 0.569204
0.864407 0.974359 3.31487 0.101769 0.512668
0.915254 0.974359 3.2097 0.0384018 0.374651
0.966102 0.974359 3.77719 0 0
1.01695 0.974359 0 0 0
1.0678 0.974359 0 0 0
1.11864 0.974359 0 0 0
1.16949 0.974359 0 0 0
1.22034 0.974359 0 0 0
1.27119 0.974359 0 0 0
1.32203 0.974359 0 0 0
1.37288 0.974359 0 0 0
1.42373 0.974359 0 0 0
1.47458 0.974359 0 0 0
1.52542 0.974359 0 0 0
1.57627 0.974359 0 0 0
1.62712 0.974359 0 0 0
1.67797 0.974359 0 0 0
1.72881 0.974359 0 0 0
1.77966 0.974359 0 0 0
1.83051 0.974359 0 0 0
1.88136 0.974359 0 0 0
1.9322 0.974359 0 0 0
1.98305 0.974359 0 0 0
2.0339 0.974359 0.999536 0 0
2.08475 0.974359 1.0001 0.000180926 -0.000233362
2.13559 0.974359 1.00017 0.00025676 -0.000265866
2.18644 0.974359 1.00018 0.000256148 -0.000234258
2.23729 0.974359 1.00015 0.000224924 -0.000186275
2.28814 0.974359 1.00012 0.000184122 -0.000140098
2.33898 0.974359 1.0001 0.00014415 -0.000101668
2.38983 0.974359 1.00007 0.000109348 -7.19244e-05
2.44068 0.974359 1.00005 8.09734e-05 -4.9898e-05
2.49153 0.974359 1.00004 5.88066e-05 -3.40741e-05
2.54237 0.974359 1.00003 4.20114e-05 -2.29607e-05
2.59322 0.974359 1.00002 2.95812e-05 -1.52945e-05
2.64407 0.974359 1.00001 2.05517e-05 -1.00845e-05
2.69492 0.974359 1.00001 1.40897e-05 -6.58856e-06
2.74576 0.974359 1.00001 9.51584e-06 -4.26789e-06
2.79661 0.974359 1 6.29607e-06 -2.73877e-06
2.84746 0.974359 1 4.01885e-06 -1.72923e-06
2.89831 0.974359 1 2.36829e-06 -1.04139e-06
2.94915 0.974359 1 1.09661e-06 -5.16819e-07
3 0.974359 1 0 0

0 1.02564 0.00148897 0 0
0.0508475 1.02564 0.0149141 0.550089 -0.156597
0.101695 1.02564 0.833023 0.649003 -0.389101
0.152542 1.02564 4.44612 1.52184 -0.116293
0.20339 1.02564 6.81147 2.04117 0.15794
0.254237 1.02564 5.91772 1.45189 0.977275
0.305085 1.02564 7.47863 1.74805 1.46169
0.355932 1.02564 7.00069 2.0917 1.56708
0.40678 1.02564 5.47751 2.325 1.56975
0.457627 1.02564 4.08649 2.39418 1.49875
0.508475 1.02564 3.3045 2.24012 1.23989
0.559322 1.02564 2.98938 1.84273 0.86812
0.610169 1.02564 2.79263 1.30679 0.641729
0.661017 1.02564 2.68626 0.824427 0.578845
0.711864 1.02564 2.71783 0.492571 0.594548
0.762712 1.02564 2.8541 0.303177 0.626581
0.813559 1.02564 2.87391 0.214449 0.64166
0.864407 1.02564 2.88457 0.199938 0.605141
0.915254 1.02564 2.3951 0.185422 0.512696
0.966102 1.02564 2.68715 0.219222 0.295128
1.01695 1.02564 0.458646 0 0
1.0678 1.02564 1.07741 0 0
1.11864 1.02564 1.15445 0 0
1.16949 1.02564 1.1494 0 0
1.22034 1.02564 1.13177 0 0
1.27119 1.02564 1.11129 0 0
1.32203 1.02564 1.09105 0 0
1.37288 1.02564 1.07265 0 0
1.42373 1.02564 1.0568 0 0
1.47458 1.02564 1.04369 0 0
1.52542 1.02564 1.03313 0 0
1.57627 1.02564 1.02482 0 0
1.62712 1.02564 1.0184 0 0
1.67797 1.02564 1.0135 0 0
1.72881 1.02564 1.00982 0 0
1.77966 1.02564 1.00708 0 0
1.83051 1.02564 1.00507 0 0
1.88136 1.02564 1.00361 0 0
1.9322 1.02564 1.00258 0 0
1.98305 1.02564 1.00203 0 0
2.0339 1.02564 1.00013 0.000626916 -0.000419772
2.08475 1.02564 1.00044 0.000638151 -0.000470174
2.13559 1.02564 1.00038 0.000575251 -0.000407649
2.18644 1.02564 1.00032 0.000474292 -0.000319232
2.23729 1.02564 1.00025 0.000373048 -0.000237333
2.28814 1.02564 1.00018 0.000284091 -0.000170785
2.33898 1.02564 1.00013 0.000211263 -0.000120098
2.38983 1.02564 1.0001 0.000154175 -8.29696e-05
2.44068 1.02564 1.00007 0.000110765 -5.64965e-05
2.49153 1.02564 1.00005 7.85044e-05 -3.79995e-05
2.54237 1.02564 1.00003 5.49671e-05 -2.52841e-05
2.59322 1.02564 1.00002 3.8056e-05 -1.66616e-05
2.64407 1.02564 1.00002 2.60627e-05 -1.08836e-05
2.69492 1.02564 1.00001 1.76489e-05 -7.05235e-06
2.74576 1.02564 1.00001 1.17935e-05 -4.53506e-06
2.79661 1.02564 1 7.73183e-06 -2.89148e-06
2.84746 1.02564 1 4.89671e-06 -1.81563e-06
2.89831 1.02564 1 2.86635e-06 -1.08885e-06
2.94915 1.02564 1 1.31936e-06 -5.39126e-07
3 1.02564 1 0 0

0 1.07692 0.593947 0 0
0.0508475 1.07692 0.0871536 0.232839 -0.0588828
0.101695 1.07692 0.277342 0.259616 0.0615604
0.152542 1.07692 1.75713 0.535873 0.622857
0.20339 1.07692 3.03566 0.924521 1.11846
0.254237 1.07692 4.21167 1.24938 1.55192
0.305085 1.07692 4.71066 1.6181 1.74673
0.355932 1.07692 4.48115 1.88982 1.74323
0.40678 1.07692 3.97096 2.01069 1.62089
0.457627 1.07692 3.44473 1.95245 1.4006
0.508475 1.07692 2.97369 1.71699 1.11237
0.559322 1.07692 2.62883 1.36306 0.855233
0.610169 1.07692 2.43593 0.988492 0.703177
0.661017 1.07692 2.40258 0.673689 0.647633
0.711864 1.07692 2.46187 0.449971 0.650706
0.762712 1.07692 2.585 0.31975 0.673329
0.813559 1.07692 2.5718 0.262743 0.68491
0.864407 1.07692 2.62077 0.274302 0.651938
0.915254 1.07692 2.15001 0.286512 0.564006
0.966102 1.07692 2.39683 0.331396 0.401254
1.01695 1.07692 1.42976 0.299268 0.12372
1.0678 1.07692 1.38321 0.214525 0.052947
1.11864 1.07692 1.28897 0.170799 0.0226385
1.16949 1.07692 1.23073 0.139405 0.00548537
1.22034 1.07692 1.18841 0.115462 -0.0040803
1.27119 1.07692 1.15378 0.0958684 -0.00885083
1.32203 1.07692 1.12402 0.0790568 -0.010669
1.37288 1.07692 1.09847 0.0643999 -0.0107598
1.42373 1.07692 1.07696 0.0517056 -0.00992014
1.47458 1.07692 1.05929 0.0409034 -0.00865384
1.52542 1.07692 1.04509 0.031904 -0.00726573
1.57627 1.07692 1.0339 0.024562 -0.00592864
1.62712 1.07692 1.02523 0.0186863 -0.00473016
1.67797 1.07692 1.0186 0.0140639 -0.00370514
1.72881 1.07692 1.01359 0.0104823 -0.0028575
1.77966 1.07692 1.00985 0.00774484 -0.00217464
1.83051 1.07692 1.00708 0.00568001 -0.00163674
1.88136 1.07692 1.00504 0.00414523 -0.00122313
1.9322 1.07692 1.00353 0.00302949 -0.000919181
1.98305 1.07692 1.0024 0.00226222 -0.000736655
2.0339 1.07692 1.0014 0.00179894 -0.000772792
2.08475 1.07692 1.00099 0.00136945 -0.00064597
2.13559 1.07692 1.0007 0.00103084 -0.00050328
2.18644 1.07692 1.0005 0.000764804 -0.000373372
2.23729 1.07692 1.00036 0.000560373 -0.000268469
2.28814 1.07692 1.00026 0.00040575 -0.000188741
2.33898 1.07692 1.00018 0.000290557 -0.000130415
2.38983 1.07692 1.00013 0.000205912 -8.88528e-05
2.44068 1.07692 1.00009 0.000144499 -5.98149e-05
2.49153 1.07692 1.00006 0.000100458 -3.98451e-05
2.54237 1.07692 1.00004 6.92136e-05 -2.62921e-05
2.59322 1.07692 1.00003 4.72676e-05 -1.71994e-05
2.64407 1.07692 1.00002 3.19925e-05 -1.11618e-05
2.69492 1.07692 1.00001 2.14446e-05 -7.19005e-06
2.74576 1.07692 1.00001 1.42035e-05 -4.59888e-06
2.79661 1.07692 1.00001 9.24055e-06 -2.91801e-06
2.84746 1.07692 1 5.81367e-06 -1.82459e-06
2.89831 1.07692 1 3.38395e-06 -1.09068e-06
2.94915 1.07692 1 1.54982e-06 -5.39057e-07
3 1.07692 1 0 0

0 1.12821 0.486136 0 0
0.0508475 1.12821 0.38547 0.0783743 0.00240365
0.101695 1.12821 0.411598 0.0909718 0.211913
0.152542 1.12821 1.23705 0.247336 0.746287
0.20339 1.12821 2.0686 0.608486 1.29184
0.254237 1.12821 2.76125 1.00601 1.64397
0.305085 1.12821 3.12258 1.3326 1.74239
0.355932 1.12821 3.16813 1.52334 1.66282
0.40678 1.12821 3.00929 1.56304 1.47881
0.457627 1.12821 2.73399 1.46087 1.24076
0.508475 1.12821 2.44634 1.25274 1.00251
0.559322 1.12821 2.24866 0.997888 0.819597
0.610169 1.12821 2.16168 0.75286 0.71445
0.661017 1.12821 2.17954 0.552069 0.675603
0.711864 1.12821 2.24172 0.407859 0.67871
0.762712 1.12821 2.34865 0.326791 0.696739
0.813559 1.12821 2.31884 0.29678 0.703815
0.864407 1.12821 2.39761 0.324387 0.674752
0.915254 1.12821 1.98648 0.353134 0.592746
0.966102 1.12821 2.16255 0.40036 0.468257
1.01695 1.12821 1.54421 0.414586 0.26216
1.0678 1.12821 1.42414 0.34752 0.148289
1.11864 1.12821 1.34911 0.292493 0.0796807
1.16949 1.12821 1.29273 0.247615 0.0386276
1.22034 1.12821 1.24302 0.209448 0.0144217
1.27119 1.12821 1.19821 0.175667 0.000737025
1.32203 1.12821 1.15877 0.145378 -0.00640066
1.37288 1.12821 1.1251 0.118455 -0.00954937
1.42373 1.12821 1.09714 0.0949942 -0.0103611
1.47458 1.12821 1.07448 0.0750259 -0.00989014
1.52542 1.12821 1.05646 0.058423 -0.00879351
1.57627 1.12821 1.04237 0.0449121 -0.00746646
1.62712 1.12821 1.0315 0.0341256 -0.00613427
1.67797 1.12821 1.02322 0.0256576 -0.00491457
1.72881 1.12821 1.01698 0.0191071 -0.00385905
1.77966 1.12821 1.01232 0.0141066 -0.00298097
1.83051 1.12821 1.00887 0.0103359 -0.00227319
1.88136 1.12821 1.00633 0.00752743 -0.00172018
1.9322 1.12821 1.00447 0.00546447 -0.00130697
1.98305 1.12821 1.0031 0.00397482 -0.00102521
2.0339 1.12821 1.00204 0.00289685 -0.000864671
2.08475 1.12821 1.00141 0.00208766 -0.000684293
2.13559 1.12821 1.00098 0.0014976 -0.000518566
2.18644 1.12821 1.00068 0.00106819 -0.00037935
2.23729 1.12821 1.00047 0.000757517 -0.000270318
2.28814 1.12821 1.00033 0.000533872 -0.000188756
2.33898 1.12821 1.00023 0.000373797 -0.000129684
2.38983 1.12821 1.00016 0.000259947 -8.79079e-05
2.44068 1.12821 1.00011 0.000179521 -5.8904e-05
2.49153 1.12821 1.00007 0.000123107 -3.90683e-05
2.54237 1.12821 1.00005 8.38204e-05 -2.56743e-05
2.59322 1.12821 1.00003 5.66556e-05 -1.67301e-05
2.64407 1.12821 1.00002 3.80015e-05 -1.0817e-05
2.69492 1.12821 1.00001 2.52703e-05 -6.94319e-06
2.74576 1.12821 1.00001 1.66203e-05 -4.42585e-06
2.79661 1.12821 1.00001 1.07466e-05 -2.79917e-06
2.84746 1.12821 1 6.72521e-06 -1.7452e-06
2.89831 1.12821 1 3.89666e-06 -1.04081e-06
2.94915 1.12821 1 1.77739e-06 -5.13747e-07
3 1.12821 1 0 0

0 1.17949 0.761257 0 0
0.0508475 1.17949 0.652653 0.0188572 0.033146
0.101695 1.17949 0.750834 0.0235484 0.233894
0.152542 1.17949 1.17378 0.135274 0.655067
0.20339 1.17949 1.69501 0.402294 1.10351
0.254237 1.17949 2.13185 0.717161 1.38774
0.305085 1.17949 2.38829 0.964403 1.46016
0.355932 1.17949 2.45125 1.09464 1.38373
0.40678 1.17949 2.36444 1.10695 1.22796
0.457627 1.17949 2.20653 1.02398 1.04611
0.508475 1.17949 2.0614 0.882765 0.881888
0.559322 1.17949 1.97891 0.723181 0.764275
0.610169 1.17949 1.96071 0.574581 0.699542
0.661017 1.17949 2.00189 0.453712 0.678386
0.711864 1.17949 2.05987 0.367558 0.684437
0.762712 1.17949 2.14865 0.324016 0.69952
0.813559 1.17949 2.12042 0.315245 0.702104
0.864407 1.17949 2.19819 0.350266 0.677119
0.915254 1.17949 1.89546 0.38733 0.60174
0.966102 1.17949 1.98629 0.43002 0.502577
1.01695 1.17949 1.62771 0.455296 0.34169
1.0678 1.17949 1.5049 0.417223 0.223133
1.11864 1.17949 1.42147 0.370517 0.139848
1.16949 1.17949 1.35235 0.323871 0.08372
1.22034 1.17949 1.29075 0.278969 0.0469128
1.27119 1.17949 1.23587 0.236316 0.0235188
1.32203 1.17949 1.18807 0.196601 0.00924377
1.37288 1.17949 1.1476 0.16061 0.00100978
1.42373 1.17949 1.11424 0.128946 -0.00334438
1.47458 1.17949 1.08736 0.101878 -0.00529772
1.52542 1.17949 1.0661 0.079333 -0.00583511
1.57627 1.17949 1.04955 0.0609783 -0.00559367
1.62712 1.17949 1.03682 0.0463263 -0.00497238
1.67797 1.17949 1.02715 0.0348269 -0.00421115
1.72881 1.17949 1.01987 0.0259338 -0.00344643
1.77966 1.17949 1.01443 0.0191452 -0.00274946
1.83051 1.17949 1.0104 0.0140238 -0.00215204
1.88136 1.17949 1.00744 0.0102028 -0.00166376
1.9322 1.17949 1.00527 0.00738201 -0.00128294
1.98305 1.17949 1.00369 0.00531884 -0.00100133
2.0339 1.17949 1.00254 0.00381155 -0.000800527
2.08475 1.17949 1.00175 0.00270969 -0.000621394
2.13559 1.17949 1.00121 0.00191506 -0.000467934
2.18644 1.17949 1.00083 0.00134602 -0.000342346
2.23729 1.17949 1.00057 0.000941118 -0.00024448
2.28814 1.17949 1.00039 0.000654543 -0.000171131
2.33898 1.17949 1.00027 0.000452753 -0.00011781
2.38983 1.17949 1.00018 0.000311404 -7.99653e-05
2.44068 1.17949 1.00012 0.000212931 -5.36187e-05
2.49153 1.17949 1.00008 0.000144719 -3.55667e-05
2.54237 1.17949 1.00006 9.77461e-05 -2.33643e-05
2.59322 1.17949 1.00004 6.55917e-05 -1.5213e-05
2.64407 1.17949 1.00002 4.37092e-05 -9.82515e-06
2.69492 1.17949 1.00002 2.88956e-05 -6.29788e-06
2.74576 1.17949 1.00001 1.89047e-05 -4.00816e-06
2.79661 1.17949 1.00001 1.21664e-05 -2.53066e-06
2.84746 1.17949 1 7.58247e-06 -1.57511e-06
2.89831 1.17949 1 4.37778e-06 -9.38029e-07
2.94915 1.17949 1 1.99055e-06 -4.62648e-07
3 1.17949 1 0 0

0 1.23077 0.954666 0 0
0.0508475 1.23077 0.910013 -0.00179335 0.0504449
0.101695 1.23077 1.01995 0.00286616 0.220282
0.152542 1.23077 1.25669 0.0811486 0.518547
0.20339 1.23077 1.55999 0.254608 0.834488
0.254237 1.23077 1.80956 0.46396 1.04462
0.305085 1.23077 1.9491 0.63192 1.11222
0.355932 1.23077 1.97749 0.722017 1.07307
0.40678 1.23077 1.9316 0.734609 0.977054
0.457627 1.23077 1.86294 0.688866 0.86598
0.508475 1.23077 1.81121 0.610418 0.769873
0.559322 1.23077 1.79485 0.52236 0.7043
0.610169 1.23077 1.81213 0.440331 0.671099
0.661017 1.23077 1.86065 0.374189 0.664279
0.711864 1.23077 1.91329 0.329212 0.673093
0.762712 1.23077 1.98382 0.312588 0.685702
0.813559 1.23077 1.96815 0.319472 0.684853
0.864407 1.23077 2.02677 0.356878 0.662965
0.915254 1.23077 1.83073 0.396642 0.596947
0.966102 1.23077 1.86356 0.435551 0.514857
1.01695 1.23077 1.65205 0.462497 0.389049
1.0678 1.23077 1.54289 0.444818 0.280289
1.11864 1.23077 1.4608 0.410188 0.194475
1.16949 1.23077 1.38904 0.368035 0.130492
1.22034 1.23077 1.32304 0.322541 0.0845791
1.27119 1.23077 1.26286 0.27632 0.0526884
1.32203 1.23077 1.20975 0.231555 0.0312188
1.37288 1.23077 1.16453 0.190047 0.0172264
1.42373 1.23077 1.12722 0.153041 0.00843263
1.47458 1.23077 1.09719 0.12116 0.00314676
1.52542 1.23077 1.07349 0.0944837 0.000157135
1.57627 1.23077 1.05507 0.072704 -0.00137851
1.62712 1.23077 1.04093 0.0552857 -0.00202954
1.67797 1.23077 1.03019 0.0415966 -0.0021703
1.72881 1.23077 1.02211 0.0309983 -0.00203975
1.77966 1.23077 1.01608 0.0228993 -0.00178536
1.83051 1.23077 1.01161 0.0167816 -0.00149436
1.88136 1.23077 1.00832 0.0122091 -0.00121555
1.9322 1.23077 1.00591 0.00882411 -0.000973529
1.98305 1.23077 1.00417 0.0063385 -0.000776768
2.0339 1.23077 1.0029 0.00452255 -0.000620657
2.08475 1.23077 1.00202 0.00320309 -0.000484702
2.13559 1.23077 1.00139 0.00225364 -0.00036846
2.18644 1.23077 1.00096 0.00157592 -0.000272587
2.23729 1.23077 1.00066 0.00109569 -0.000196804
2.28814 1.23077 1.00045 0.000757567 -0.000139119
2.33898 1.23077 1.00031 0.000520904 -9.65746e-05
2.38983 1.23077 1.00021 0.000356188 -6.60007e-05
2.44068 1.23077 1.00014 0.000242184 -4.44953e-05
2.49153 1.23077 1.00009 0.00016372 -2.96378e-05
2.54237 1.23077 1.00006 0.000110023 -1.95294e-05
2.59322 1.23077 1.00004 7.34816e-05 -1.27434e-05
2.64407 1.23077 1.00003 4.87519e-05 -8.24138e-06
2.69492 1.23077 1.00002 3.20982e-05 -5.28637e-06
2.74576 1.23077 1.00001 2.09215e-05 -3.36486e-06
2.79661 1.23077 1.00001 1.34188e-05 -2.12384e-06
2.84746 1.23077 1.00001 8.33783e-06 -1.3211e-06
2.89831 1.23077 1 4.80128e-06 -7.8625e-07
2.94915 1.23077 1 2.17804e-06 -3.87656e-07
3 1.23077 1 0 0

0 1.28205 1.05677 0 0
0.0508475 1.28205 1.03613 -0.00694472 0.0628874
0.101695 1.28205 1.12516 -0.00351405 0.200145
0.152542 1.28205 1.26756 0.0473967 0.404499
0.20339 1.28205 1.43709 0.152496 0.614352
0.254237 1.28205 1.57183 0.280064 0.761669
0.305085 1.28205 1.64852 0.38685 0.823463
0.355932 1.28205 1.67264 0.449955 0.817553
0.40678 1.28205 1.66638 0.468411 0.774328
0.457627 1.28205 1.65414 0.453291 0.720839
0.508475 1.28205 1.65231 0.419003 0.675379
0.559322 1.28205 1.66831 0.378124 0.646642
0.610169 1.28205 1.70114 0.339526 0.635579
0.661017 1.28205 1.74929 0.309703 0.638791
0.711864 1.28205 1.79672 0.2929 0.6494
0.762712 1.28205 1.85151 0.294617 0.659734
0.813559 1.28205 1.8501 0.312193 0.65685
0.864407 1.28205 1.88777 0.34957 0.637044
0.915254 1.28205 1.77339 0.388941 0.58165
0.966102 1.28205 1.77499 0.425027 0.512656
1.01695 1.28205 1.64678 0.450937 0.413303
1.0678 1.28205 1.55739 0.445629 0.318345
1.11864 1.28205 1.48131 0.421663 0.236779
1.16949 1.28205 1.40999 0.386041 0.170998
1.22034 1.28205 1.34202 0.343339 0.120196
1.27119 1.28205 1.27897 0.297242 0.0822928
1.32203 1.28205 1.22288 0.25096 0.0548569
1.37288 1.28205 1.17495 0.207097 0.0355456
1.42373 1.28205 1.13533 0.167451 0.0223113
1.47458 1.28205 1.10344 0.132988 0.0134783
1.52542 1.28205 1.07826 0.103973 0.00774251
1.57627 1.28205 1.05869 0.0801794 0.00412893
1.62712 1.28205 1.04366 0.0610861 0.00193252
1.67797 1.28205 1.03224 0.0460395 0.000657764
1.72881 1.28205 1.02364 0.0343628 -3.48559e-05
1.77966 1.28205 1.01721 0.0254206 -0.000372468
1.83051 1.28205 1.01245 0.018652 -0.00050343
1.88136 1.28205 1.00894 0.0135819 -0.000522118
1.9322 1.28205 1.00637 0.00981978 -0.000486409
1.98305 1.28205 1.00451 0.00705111 -0.000429275
2.0339 1.28205 1.00316 0.00502755 -0.000366291
2.08475 1.28205 1.0022 0.00355894 -0.000300547
2.13559 1.28205 1.00153 0.00250203 -0.000237576
2.18644 1.28205 1.00105 0.0017475 -0.000181481
2.23729 1.28205 1.00072 0.00121293 -0.00013454
2.28814 1.28205 1.00049 0.000836855 -9.72059e-05
2.33898 1.28205 1.00034 0.000574012 -6.87008e-05
2.38983 1.28205 1.00023 0.000391451 -4.76434e-05
2.44068 1.28205 1.00015 0.000265412 -3.25017e-05
2.49153 1.28205 1.0001 0.000178908 -2.18547e-05
2.54237 1.28205 1.00007 0.000119885 -1.45086e-05
2.59322 1.28205 1.00004 7.98434e-05 -9.52173e-06
2.64407 1.28205 1.00003 5.28282e-05 -6.18441e-06
2.69492 1.28205 1.00002 3.46911e-05 -3.97909e-06
2.74576 1.28205 1.00001 2.25558e-05 -2.53782e-06
2.79661 1.28205 1.00001 1.44339e-05 -1.6036e-06
2.84746 1.28205 1.00001 8.94999e-06 -9.97912e-07
2.89831 1.28205 1 5.14444e-06 -5.93922e-07
2.94915 1.28205 1 2.33001e-06 -2.92852e-07
3 1.28205 1 0 0

0 1.33333 1.11576 0 0
0.0508475 1.33333 1.11098 -0.00829937 0.0653736
0.101695 1.33333 1.16893 -0.00684169 0.173841
0.152542 1.33333 1.24986 0.0235101 0.314878
0.20339 1.33333 1.34373 0.0840681 0.454898
0.254237 1.33333 1.41978 0.158569 0.559231
0.305085 1.33333 1.47015 0.224755 0.615473
0.355932 1.33333 1.49837 0.269644 0.632055
0.40678 1.33333 1.5148 0.291377 0.62538
0.457627 1.33333 1.52986 0.294888 0.610709
0.508475 1.33333 1.55052 0.287287 0.598382
0.559322 1.33333 1.58002 0.275165 0.593413
0.610169 1.33333 1.61778 0.263694 0.596589
0.661017 1.33333 1.66239 0.257192 0.60607
0.711864 1.33333 1.70475 0.25889 0.617521
0.762712 1.33333 1.74766 0.272499 0.625874
0.813559 1.33333 1.75666 0.296712 0.622108
0.864407 1.33333 1.77955 0.333016 0.603962
0.915254 1.33333 1.71838 0.370545 0.558691
0.966102 1.33333 1.70667 0.404112 0.500674
1.01695 1.33333 1.62535 0.428255 0.421273
1.0678 1.33333 1.55329 0.429827 0.340228
1.11864 1.33333 1.48401 0.413681 0.265916
1.16949 1.33333 1.41499 0.38428 0.202056
1.22034 1.33333 1.3474 0.345714 0.14966
1.27119 1.33333 1.284 0.301961 0.108253
1.32203 1.33333 1.2273 0.256714 0.0765792
1.37288 1.33333 1.1787 0.213021 0.0530448
1.42373 1.33333 1.13846 0.173029 0.0360099
1.47458 1.33333 1.106 0.137951 0.0239672
1.52542 1.33333 1.08033 0.108219 0.0156353
1.57627 1.33333 1.06034 0.0837052 0.00998605
1.62712 1.33333 1.04497 0.0639459 0.00622955
1.67797 1.33333 1.03327 0.0483149 0.00378007
1.72881 1.33333 1.02444 0.0361435 0.0022152
1.77966 1.33333 1.01783 0.0267938 0.00123748
1.83051 1.33333 1.01292 0.0196965 0.000641692
1.88136 1.33333 1.00929 0.0143659 0.000289073
1.9322 1.33333 1.00664 0.0104001 8.77689e-05
1.98305 1.33333 1.00471 0.00747495 -2.12449e-05
2.0339 1.33333 1.00332 0.00533408 -7.43078e-05
2.08475 1.33333 1.00232 0.00377913 -9.26295e-05
2.13559 1.33333 1.00161 0.00265875 -9.10821e-05
2.18644 1.33333 1.00112 0.00185787 -7.96688e-05
2.23729 1.33333 1.00077 0.00128975 -6.47651e-05
2.28814 1.33333 1.00052 0.000889699 -5.00038e-05
2.33898 1.33333 1.00036 0.000609948 -3.7135e-05
2.38983 1.33333 1.00024 0.000415625 -2.67455e-05
2.44068 1.33333 1.00016 0.000281511 -1.87871e-05
2.49153 1.33333 1.00011 0.00018953 -1.29236e-05
2.54237 1.33333 1.00007 0.000126832 -8.73255e-06
2.59322 1.33333 1.00005 8.43491e-05 -5.80954e-06
2.64407 1.33333 1.00003 5.57268e-05 -3.8123e-06
2.69492 1.33333 1.00002 3.654e-05 -2.47133e-06
2.74576 1.33333 1.00001 2.3723e-05 -1.58434e-06
2.79661 1.33333 1.00001 1.51595e-05 -1.00431e-06
2.84746 1.33333 1.00001 9.38775e-06 -6.25992e-07
2.89831 1.33333 1 5.38995e-06 -3.72807e-07
2.94915 1.33333 1 2.43887e-06 -1.83918e-07
3 1.33333 1 0 0

0 1.38462 1.15095 0 0
0.0508475 1.38462 1.15177 -0.00916108 0.0619486
0.101695 1.38462 1.18793 -0.0105843 0.147281
0.152542 1.38462 1.23451 0.00542047 0.24763
0.20339 1.38462 1.28891 0.0387751 0.34541
0.254237 1.38462 1.33626 0.0815406 0.423491
0.305085 1.38462 1.37405 0.122716 0.475473
0.355932 1.38462 1.40355 0.155225 0.504955
0.40678 1.38462 1.42906 0.177127 0.519956
0.457627 1.38462 1.45489 0.190049 0.528343
0.508475 1.38462 1.48394 0.197104 0.535668
0.559322 1.38462 1.5175 0.20157 0.544808
0.610169 1.38462 1.55501 0.206394 0.556364
0.661017 1.38462 1.59506 0.214317 0.5693
0.711864 1.38462 1.63247 0.227583 0.580876
0.762712 1.38462 1.66701 0.24844 0.587659
0.813559 1.38462 1.68143 0.276234 0.583731
0.864407 1.38462 1.69605 0.310973 0.56727
0.915254 1.38462 1.66541 0.346034 0.530595
0.966102 1.38462 1.64952 0.376962 0.481936
1.01695 1.38462 1.59408 0.399013 0.417599
1.0678 1.38462 1.53472 0.40389 0.348893
1.11864 1.38462 1.4717 0.392823 0.282563
1.16949 1.38462 1.40606 0.368469 0.222559
1.22034 1.38462 1.34071 0.334242 0.170874
1.27119 1.38462 1.27906 0.293976 0.128135
1.32203 1.38462 1.2238 0.251415 0.0940336
1.37288 1.38462 1.17635 0.209717 0.0676691
1.42373 1.38462 1.13697 0.171146 0.0478427
1.47458 1.38462 1.10512 0.137034 0.0332877
1.52542 1.38462 1.07986 0.107922 0.0228234
1.57627 1.38462 1.06014 0.083779 0.0154362
1.62712 1.38462 1.04493 0.0642176 0.0103047
1.67797 1.38462 1.03332 0.0486715 0.00679163
1.72881 1.38462 1.02453 0.0365155 0.00441856
1.77966 1.38462 1.01794 0.0271418 0.00283563
1.83051 1.38462 1.01303 0.0200012 0.00179236
1.88136 1.38462 1.00939 0.0146202 0.00111273
1.9322 1.38462 1.00673 0.0106049 0.000675125
1.98305 1.38462 1.00479 0.00763535 0.000397041
2.0339 1.38462 1.00338 0.00545723 0.000223515
2.08475 1.38462 1.00237 0.00387235 0.000118451
2.13559 1.38462 1.00165 0.0027283 5.73289e-05
2.18644 1.38462 1.00114 0.00190895 2.35968e-05
2.23729 1.38462 1.00079 0.00132665 6.27344e-06
2.28814 1.38462 1.00054 0.000915915 -1.6881e-06
2.33898 1.38462 1.00037 0.000628273 -4.62684e-06
2.38983 1.38462 1.00025 0.000428242 -5.08994e-06
2.44068 1.38462 1.00017 0.000290075 -4.49186e-06
2.49153 1.38462 1.00011 0.000195267 -3.56498e-06
2.54237 1.38462 1.00007 0.000130629 -2.65205e-06
2.59322 1.38462 1.00005 8.68336e-05 -1.88635e-06
2.64407 1.38462 1.00003 5.73351e-05 -1.29724e-06
2.69492 1.38462 1.00002 3.75697e-05 -8.68528e-07
2.74576 1.38462 1.00001 2.43743e-05 -5.68667e-07
2.79661 1.38462 1.00001 1.55645e-05 -3.64921e-07
2.84746 1.38462 1.00001 9.63204e-06 -2.28719e-07
2.89831 1.38462 1 5.52697e-06 -1.36419e-07
2.94915 1.38462 1 2.49978e-06 -6.73974e-08
3 1.38462 1 0 0

0 1.4359 1.17189 0 0
0.0508475 1.4359 1.1739 -0.0101854 0.0563396
0.101695 1.4359 1.19645 -0.0147161 0.12486
0.152542 1.4359 1.22514 -0.00838728 0.20007
0.20339 1.4359 1.25969 0.00877063 0.273065
0.254237 1.4359 1.29275 0.0331 0.335395
0.305085 1.4359 1.32344 0.0592469 0.383648
0.355932 1.4359 1.35187 0.0833557 0.419047
0.40678 1.4359 1.37968 0.103785 0.445153
0.457627 1.4359 1.40848 0.12069 0.465732
0.508475 1.4359 1.43935 0.13518 0.483603
0.559322 1.4359 1.47259 0.148734 0.500327
0.610169 1.4359 1.50753 0.162915 0.516256
0.661017 1.4359 1.54287 0.179327 0.530721
0.711864 1.4359 1.57549 0.199356 0.541946
0.762712 1.4359 1.60394 0.224197 0.54756
0.813559 1.4359 1.61979 0.253397 0.543811
0.864407 1.4359 1.62992 0.286234 0.529108
0.915254 1.4359 1.61454 0.3185 0.499189
0.966102 1.4359 1.59771 0.346501 0.458277
1.01695 1.4359 1.55593 0.366142 0.405255
1.0678 1.4359 1.50498 0.372013 0.346785
1.11864 1.4359 1.4473 0.363859 0.288032
1.16949 1.4359 1.38578 0.34328 0.23271
1.22034 1.4359 1.32413 0.313096 0.183234
1.27119 1.4359 1.26593 0.276791 0.140889
1.32203 1.4359 1.21376 0.237879 0.106016
1.37288 1.4359 1.16891 0.199367 0.0782488
1.42373 1.4359 1.1316 0.163448 0.0567757
1.47458 1.4359 1.10133 0.131452 0.0405798
1.52542 1.4359 1.07723 0.103967 0.028621
1.57627 1.4359 1.05835 0.0810355 0.0199489
1.62712 1.4359 1.04372 0.0623523 0.0137569
1.67797 1.4359 1.03251 0.0474276 0.0093944
1.72881 1.4359 1.024 0.0357017 0.00635676
1.77966 1.4359 1.0176 0.0266198 0.00426359
1.83051 1.4359 1.01281 0.0196731 0.00283478
1.88136 1.4359 1.00926 0.0144186 0.00186783
1.9322 1.4359 1.00665 0.010484 0.00121877
1.98305 1.4359 1.00474 0.00756498 0.000786653
2.0339 1.4359 1.00336 0.0054181 0.000501663
2.08475 1.4359 1.00236 0.00385212 0.000315921
2.13559 1.4359 1.00165 0.00271909 0.00019648
2.18644 1.4359 1.00114 0.00190579 0.000120764
2.23729 1.4359 1.00079 0.00132653 7.3445e-05
2.28814 1.4359 1.00054 0.000917082 4.42682e-05
2.33898 1.4359 1.00037 0.000629801 2.64948e-05
2.38983 1.4359 1.00025 0.000429684 1.57801e-05
2.44068 1.4359 1.00017 0.000291263 9.37478e-06
2.49153 1.4359 1.00011 0.00019617 5.56914e-06
2.54237 1.4359 1.00007 0.000131278 3.31641e-06
2.59322 1.4359 1.00005 8.72807e-05 1.98442e-06
2.64407 1.4359 1.00003 5.76329e-05 1.19565e-06
2.69492 1.4359 1.00002 3.77624e-05 7.26613e-07
2.74576 1.4359 1.00001 2.44956e-05 4.45751e-07
2.79661 1.4359 1.00001 1.56389e-05 2.75655e-07
2.84746 1.4359 1.00001 9.67609e-06 1.70342e-07
2.89831 1.4359 1 5.55142e-06 1.01532e-07
2.94915 1.4359 1 2.51081e-06 5.00614e-08
3 1.4359 1 0 0

0 1.48718 1.18325 0 0
0.0508475 1.48718 1.18557 -0.0114905 0.0510894
0.101695 1.48718 1.2005 -0.0188157 0.108105
0.152542 1.48718 1.2202 -0.0188257 0.16788
0.20339 1.48718 1.24475 -0.0112245 0.226016
0.254237 1.48718 1.2704 0.00244301 0.278293
0.305085 1.48718 1.29665 0.0195764 0.32278
0.355932 1.48718 1.32317 0.0380187 0.359641
0.40678 1.48718 1.35041 0.0564931 0.390259
0.457627 1.48718 1.37883 0.074588 0.41627
0.508475 1.48718 1.40862 0.0924733 0.438982
0.559322 1.48718 1.4396 0.110662 0.459135
0.610169 1.48718 1.47105 0.129858 0.476841
0.661017 1.48718 1.50178 0.150872 0.491581
0.711864 1.48718 1.52973 0.174418 0.502145
0.762712 1.48718 1.55317 0.200976 0.506864
0.813559 1.48718 1.56771 0.230067 0.503363
0.864407 1.48718 1.57457 0.260666 0.490301
0.915254 1.48718 1.56515 0.289873 0.465395
0.966102 1.48718 1.54771 0.31464 0.430619
1.01695 1.48718 1.51259 0.331554 0.386036
1.0678 1.48718 1.46701 0.336976 0.335781
1.11864 1.48718 1.41401 0.330229 0.2838
1.16949 1.48718 1.35716 0.312395 0.233412
1.22034 1.48718 1.30032 0.285831 0.18711
1.27119 1.48718 1.24682 0.253588 0.146482
1.32203 1.48718 1.19891 0.218794 0.11224
1.37288 1.48718 1.15769 0.184143 0.0843726
1.42373 1.48718 1.1233 0.151628 0.0623654
1.47458 1.48718 1.09529 0.122488 0.0454245
1.52542 1.48718 1.0729 0.0973044 0.0326621
1.57627 1.48718 1.05527 0.0761675 0.0232212
1.62712 1.48718 1.04156 0.0588478 0.0163444
1.67797 1.48718 1.031 0.0449368 0.011401
1.72881 1.48718 1.02296 0.0339512 0.00788768
1.77966 1.48718 1.01688 0.0254017 0.00541547
1.83051 1.48718 1.01232 0.018833 0.00369118
1.88136 1.48718 1.00893 0.0138438 0.0024981
1.9322 1.48718 1.00643 0.0100936 0.00167864
1.98305 1.48718 1.00459 0.00730173 0.00111978
2.0339 1.48718 1.00326 0.00524188 0.00074141
2.08475 1.48718 1.0023 0.00373511 0.000487257
2.13559 1.48718 1.00161 0.00264201 0.000317955
2.18644 1.48718 1.00112 0.0018554 0.000206122
2.23729 1.48718 1.00077 0.0012938 0.000132849
2.28814 1.48718 1.00053 0.000895928 8.51998e-05
2.33898 1.48718 1.00036 0.00061618 5.44177e-05
2.38983 1.48718 1.00024 0.000420934 3.46437e-05
2.44068 1.48718 1.00016 0.000285647 2.19993e-05
2.49153 1.48718 1.00011 0.000192565 1.39429e-05
2.54237 1.48718 1.00007 0.000128963 8.82398e-06
2.59322 1.48718 1.00005 8.57936e-05 5.57812e-06
2.64407 1.48718 1.00003 5.66771e-05 3.52313e-06
2.69492 1.48718 1.00002 3.71488e-05 2.22359e-06
2.74576 1.48718 1.00001 2.41034e-05 1.40222e-06
2.79661 1.48718 1.00001 1.53911e-05 8.82214e-07
2.84746 1.48718 1.00001 9.52418e-06 5.49656e-07
2.89831 1.48718 1 5.46528e-06 3.28443e-07
2.94915 1.48718 1 2.47266e-06 1.62338e-07
3 1.48718 1 0 0

0 1.53846 1.18742 0 0
0.0508475 1.53846 1.19061 -0.0130384 0.0470736
0.101695 1.53846 1.20194 -0.0226321 0.0963449
0.152542 1.53846 1.21743 -0.0266667 0.14628
0.20339 1.53846 1.23702 -0.0246418 0.194842
0.254237 1.53846 1.25872 -0.0171246 0.239941
0.305085 1.53846 1.28206 -0.00539994 0.280455
0.355932 1.53846 1.3066 0.00925993 0.316169
0.40678 1.53846 1.33225 0.0258769 0.34747
0.457627 1.53846 1.35893 0.0438658 0.374942
0.508475 1.53846 1.38645 0.0629745 0.399075
0.559322 1.53846 1.41439 0.0832039 0.420114
0.610169 1.53846 1.442 0.104732 0.437972
0.661017 1.53846 1.46821 0.127834 0.452183
0.711864 1.53846 1.49148 0.15273 0.46186
0.762712 1.53846 1.51016 0.179428 0.465794
0.813559 1.53846 1.52162 0.207342 0.462432
0.864407 1.53846 1.52505 0.235345 0.4507
0.915254 1.53846 1.51638 0.261251 0.42936
0.966102 1.53846 1.49778 0.282551 0.39929
1.01695 1.53846 1.46563 0.296522 0.361032
1.0678 1.53846 1.42373 0.300691 0.317369
1.11864 1.53846 1.37513 0.294447 0.271385
1.16949 1.53846 1.32341 0.278661 0.225969
1.22034 1.53846 1.27209 0.25533 0.183484
1.27119 1.53846 1.22402 0.227057 0.145563
1.32203 1.53846 1.18106 0.196509 0.113071
1.37288 1.53846 1.14404 0.165998 0.0861971
1.42373 1.53846 1.11307 0.137248 0.0646309
1.47458 1.53846 1.08774 0.111351 0.0477623
1.52542 1.53846 1.06739 0.0888464 0.0348509
1.57627 1.53846 1.05129 0.0698503 0.0251476
1.62712 1.53846 1.0387 0.0541961 0.0179675
1.67797 1.53846 1.02897 0.0415529 0.0127245
1.72881 1.53846 1.02152 0.0315155 0.00893953
1.77966 1.53846 1.01587 0.0236648 0.00623418
1.83051 1.53846 1.01161 0.0176047 0.00431752
1.88136 1.53846 1.00844 0.0129817 0.00297037
1.9322 1.53846 1.00609 0.00949267 0.0020304
1.98305 1.53846 1.00436 0.00688562 0.00137903
2.0339 1.53846 1.0031 0.00495563 0.000930697
2.08475 1.53846 1.00219 0.00353948 0.000624203
2.13559 1.53846 1.00154 0.00250918 0.000416112
2.18644 1.53846 1.00107 0.00176577 0.000275795
2.23729 1.53846 1.00074 0.00123367 0.000181809
2.28814 1.53846 1.00051 0.000855812 0.000119253
2.33898 1.53846 1.00035 0.000589547 7.78619e-05
2.38983 1.53846 1.00024 0.000403331 5.0623e-05
2.44068 1.53846 1.00016 0.000274058 3.27852e-05
2.49153 1.53846 1.00011 0.000184965 2.11557e-05
2.54237 1.53846 1.00007 0.000123996 1.36046e-05
2.59322 1.53846 1.00005 8.25593e-05 8.72004e-06
2.64407 1.53846 1.00003 5.45795e-05 5.57175e-06
2.69492 1.53846 1.00002 3.57953e-05 3.54948e-06
2.74576 1.53846 1.00001 2.32368e-05 2.25432e-06
2.79661 1.53846 1.00001 1.4844e-05 1.42555e-06
2.84746 1.53846 1.00001 9.1893e-06 8.91165e-07
2.89831 1.53846 1 5.2754e-06 5.33685e-07
2.94915 1.53846 1 2.38816e-06 2.64279e-07
3 1.53846 1 0 0

0 1.58974 1.18595 0 0
0.0508475 1.58974 1.19078 -0.0147061 0.0440739
0.101695 1.58974 1.20105 -0.026032 0.0878799
0.152542 1.58974 1.21499 -0.032522 0.130986
0.20339 1.58974 1.23232 -0.0336618 0.17266
0.254237 1.58974 1.25194 -0.0296312 0.211975
0.305085 1.58974 1.27338 -0.0211161 0.248323
0.355932 1.58974 1.29615 -0.00893962 0.281428
0.40678 1.58974 1.31995 0.00612671 0.311272
0.457627 1.58974 1.34444 0.0234717 0.337941
0.508475 1.58974 1.36925 0.0426625 0.361498
0.559322 1.58974 1.39383 0.0634303 0.381893
0.610169 1.58974 1.41746 0.0856333 0.398897
0.661017 1.58974 1.43915 0.109194 0.412055
0.711864 1.58974 1.45763 0.13399 0.420659
0.762712 1.58974 1.47146 0.15972 0.423795
0.813559 1.58974 1.47877 0.18569 0.420392
0.864407 1.58974 1.47829 0.210768 0.409627
0.915254 1.58974 1.46785 0.233196 0.390807
0.966102 1.58974 1.44773 0.250944 0.364368
1.01695 1.58974 1.41696 0.261936 0.331034
1.0678 1.58974 1.37805 0.264533 0.292858
1.11864 1.58974 1.33383 0.258362 0.252321
1.16949 1.58974 1.28749 0.244225 0.211888
1.22034 1.58974 1.24199 0.22382 0.173664
1.27119 1.58974 1.19962 0.199316 0.13917
1.32203 1.58974 1.16181 0.17292 0.109272
1.37288 1.58974 1.1292 0.146541 0.0842425
1.42373 1.58974 1.10182 0.121616 0.0639027
1.47458 1.58974 1.07933 0.0990738 0.0477868
1.52542 1.58974 1.06118 0.0793876 0.0352891
1.57627 1.58974 1.04674 0.0626817 0.0257723
1.62712 1.58974 1.0354 0.048839 0.0186371
1.67797 1.58974 1.02659 0.0375979 0.0133584
1.72881 1.58974 1.01981 0.0286265 0.00949796
1.77966 1.58974 1.01465 0.0215742 0.00670323
1.83051 1.58974 1.01075 0.0161046 0.00469811
1.88136 1.58974 1.00783 0.0119136 0.00327113
1.9322 1.58974 1.00566 0.00873761 0.00226313
1.98305 1.58974 1.00407 0.00635546 0.00155606
2.0339 1.58974 1.0029 0.00458584 0.00106339
2.08475 1.58974 1.00205 0.00328322 0.000722364
2.13559 1.58974 1.00144 0.00233272 0.000487832
2.18644 1.58974 1.001 0.00164502 0.000327573
2.23729 1.58974 1.0007 0.00115155 0.000218752
2.28814 1.58974 1.00048 0.000800283 0.000145309
2.33898 1.58974 1.00033 0.00055221 9.60341e-05
2.38983 1.58974 1.00022 0.000378361 6.31586e-05
2.44068 1.58974 1.00015 0.000257445 4.1342e-05
2.49153 1.58974 1.0001 0.000173967 2.69379e-05
2.54237 1.58974 1.00007 0.000116751 1.74745e-05
2.59322 1.58974 1.00004 7.78109e-05 1.12866e-05
2.64407 1.58974 1.00003 5.14839e-05 7.25935e-06
2.69492 1.58974 1.00002 3.37899e-05 4.65033e-06
2.74576 1.58974 1.00001 2.19491e-05 2.96706e-06
2.79661 1.58974 1.00001 1.40296e-05 1.88323e-06
2.84746 1.58974 1.00001 8.69002e-06 1.18084e-06
2.89831 1.58974 1 4.99187e-06 7.08962e-07
2.94915 1.58974 1 2.26164e-06 3.51897e-07
3 1.58974 1 0 0

0 1.64103 1.18014 0 0
0.0508475 1.64103 1.18711 -0.0163321 0.0414711
0.101695 1.64103 1.19781 -0.0289143 0.0809149
0.152542 1.64103 1.21167 -0.0368073 0.11864
0.20339 1.64103 1.22828 -0.0396301 0.154692
0.254237 1.64103 1.24694 -0.0374821 0.188847
0.305085 1.64103 1.26717 -0.0308146 0.220867
0.355932 1.64103 1.28847 -0.0202399 0.250548
0.40678 1.64103 1.31045 -0.00640406 0.277745
0.457627 1.64103 1.33265 0.0100991 0.302327
0.508475 1.64103 1.35461 0.0287642 0.324143
0.559322 1.64103 1.37574 0.0491808 0.342973
0.610169 1.64103 1.39533 0.0710149 0.358496
0.661017 1.64103 1.41247 0.0939634 0.370255
0.711864 1.64103 1.42609 0.117677 0.377644
0.762712 1.64103 1.43495 0.14166 0.379939
0.813559 1.64103 1.43767 0.16515 0.376367
0.864407 1.64103 1.43309 0.187066 0.366319
0.915254 1.64103 1.42005 0.205966 0.34942
0.966102 1.64103 1.39853 0.220259 0.325988
1.01695 1.64103 1.36875 0.228443 0.296805
1.0678 1.64103 1.33271 0.229493 0.26351
1.11864 1.64103 1.29288 0.223295 0.228127
1.16949 1.64103 1.25192 0.210617 0.192717
1.22034 1.64103 1.21215 0.192896 0.159066
1.27119 1.64103 1.17534 0.171902 0.128494
1.32203 1.64103 1.14253 0.149414 0.101779
1.37288 1.64103 1.1142 0.126969 0.0792062
1.42373 1.64103 1.09035 0.105729 0.0606765
1.47458 1.64103 1.07066 0.0864568 0.0458361
1.52542 1.64103 1.0547 0.0695546 0.0341984
1.57627 1.64103 1.04194 0.0551413 0.0252351
1.62712 1.64103 1.03187 0.0431371 0.0184377
1.67797 1.64103 1.02402 0.0333385 0.0133513
1.72881 1.64103 1.01795 0.0254788 0.00958947
1.77966 1.64103 1.01331 0.0192703 0.0068357
1.83051 1.64103 1.00979 0.0144329 0.00483836
1.88136 1.64103 1.00715 0.0107102 0.00340169
1.9322 1.64103 1.00518 0.00787792 0.00237622
1.98305 1.64103 1.00373 0.00574564 0.00164951
2.0339 1.64103 1.00266 0.00415622 0.00113803
2.08475 1.64103 1.00189 0.00298256 0.00078043
2.13559 1.64103 1.00133 0.0021237 0.000532031
2.18644 1.64103 1.00093 0.00150064 0.000360588
2.23729 1.64103 1.00064 0.00105244 0.000242999
2.28814 1.64103 1.00044 0.000732681 0.000162844
2.33898 1.64103 1.0003 0.000506374 0.000108533
2.38983 1.64103 1.00021 0.000347466 7.19499e-05
2.44068 1.64103 1.00014 0.000236741 4.74478e-05
2.49153 1.64103 1.00009 0.000160172 3.11288e-05
2.54237 1.64103 1.00006 0.000107611 2.03193e-05
2.59322 1.64103 1.00004 7.17898e-05 1.31977e-05
2.64407 1.64103 1.00003 4.75416e-05 8.53087e-06
2.69492 1.64103 1.00002 3.12269e-05 5.48883e-06
2.74576 1.64103 1.00001 2.02985e-05 3.51551e-06
2.79661 1.64103 1.00001 1.29831e-05 2.23896e-06
2.84746 1.64103 1 8.04723e-06 1.40829e-06
2.89831 1.64103 1 4.62618e-06 8.48126e-07
2.94915 1.64103 1 2.09809e-06 4.22294e-07
3 1.64103 1 0 0

0 1.69231 1.17121 0 0
0.0508475 1.69231 1.1804 -0.0177512 0.0386732
0.101695 1.69231 1.19234 -0.0311703 0.0740218
0.152542 1.69231 1.20698 -0.0397504 0.106868
0.20339 1.69231 1.22375 -0.0433328 0.13777
0.254237 1.69231 1.24215 -0.0420946 0.166963
0.305085 1.69231 1.26167 -0.0364408 0.194487
0.355932 1.69231 1.28181 -0.0269044 0.220257
0.40678 1.69231 1.30211 -0.0140654 0.244115
0.457627 1.69231 1.32208 0.00150665 0.265858
0.508475 1.69231 1.3412 0.0192814 0.285232
0.559322 1.69231 1.35889 0.0387768 0.301934
0.610169 1.69231 1.37446 0.0595478 0.315589
0.661017 1.69231 1.38711 0.0811548 0.325741
0.711864 1.69231 1.39593 0.10311 0.331852
0.762712 1.69231 1.39995 0.124815 0.333333
0.813559 1.69231 1.39816 0.145488 0.329609
0.864407 1.69231 1.38978 0.164149 0.320255
0.915254 1.69231 1.37426 0.179632 0.305108
0.966102 1.69231 1.3518 0.19074 0.28449
1.01695 1.69231 1.32315 0.196455 0.259187
1.0678 1.69231 1.29002 0.196201 0.230551
1.11864 1.69231 1.25447 0.190066 0.200233
1.16949 1.69231 1.21858 0.178781 0.169907
1.22034 1.69231 1.18413 0.163543 0.14103
1.27119 1.69231 1.15242 0.145773 0.114685
1.32203 1.69231 1.12421 0.126876 0.0915259
1.37288 1.69231 1.09983 0.108059 0.0718129
1.42373 1.69231 1.07924 0.0902449 0.055492
1.47458 1.69231 1.06218 0.0740419 0.0422983
1.52542 1.69231 1.0483 0.0597808 0.0318496
1.57627 1.69231 1.03715 0.047568 0.02372
1.62712 1.69231 1.02832 0.0373498 0.0174912
1.67797 1.69231 1.0214 0.0289699 0.0127821
1.72881 1.69231 1.01603 0.0222169 0.00926359
1.77966 1.69231 1.01191 0.0168587 0.00666202
1.83051 1.69231 1.00878 0.0126658 0.00475644
1.88136 1.69231 1.00643 0.0094263 0.00337257
1.9322 1.69231 1.00466 0.00695227 0.00237552
1.98305 1.69231 1.00336 0.00508325 0.00166249
2.0339 1.69231 1.0024 0.00368562 0.00115618
2.08475 1.69231 1.00171 0.00265056 0.000799111
2.13559 1.69231 1.0012 0.00189107 0.00054896
2.18644 1.69231 1.00084 0.00133873 0.000374855
2.23729 1.69231 1.00058 0.0009405 0.000254454
2.28814 1.69231 1.0004 0.000655786 0.000171716
2.33898 1.69231 1.00028 0.000453892 0.000115214
2.38983 1.69231 1.00019 0.000311872 7.68635e-05
2.44068 1.69231 1.00013 0.000212751 5.09904e-05
2.49153 1.69231 1.00008 0.000144101 3.36386e-05
2.54237 1.69231 1.00006 9.69126e-05 2.20699e-05
2.59322 1.69231 1.00004 6.47115e-05 1.4402e-05
2.64407 1.69231 1.00002 4.28893e-05 9.34903e-06
2.69492 1.69231 1.00002 2.8192e-05 6.03857e-06
2.74576 1.69231 1.00001 1.83384e-05 3.88138e-06
2.79661 1.69231 1.00001 1.17374e-05 2.48033e-06
2.84746 1.69231 1 7.28053e-06 1.5655e-06
2.89831 1.69231 1 4.18926e-06 9.46412e-07
2.94915 1.69231 1 1.90233e-06 4.73308e-07
3 1.69231 1 0 0

0 1.74359 1.16021 0 0
0.0508475 1.74359 1.17139 -0.0188047 0.0352862
0.101695 1.74359 1.185 -0.032653 0.0662625
0.152542 1.74359 1.2009 -0.0413931 0.094165
0.20339 1.74359 1.21841 -0.0451411 0.119928
0.254237 1.74359 1.23704 -0.0442319 0.144104
0.305085 1.74359 1.25625 -0.0391187 0.166941
0.355932 1.74359 1.27552 -0.0303225 0.188461
0.40678 1.74359 1.29436 -0.0183898 0.208546
0.457627 1.74359 1.31225 -0.00386588 0.226978
0.508475 1.74359 1.32867 0.0127199 0.243476
0.559322 1.74359 1.34304 0.0308577 0.257701
0.610169 1.74359 1.35476 0.0500482 0.269264
0.661017 1.74359 1.36313 0.0697814 0.277725
0.711864 1.74359 1.36746 0.0895041 0.282605
0.762712 1.74359 1.36703 0.108584 0.283422
0.813559 1.74359 1.36122 0.126279 0.279749
0.864407 1.74359 1.34962 0.14174 0.271312
0.915254 1.74359 1.33217 0.15406 0.258088
0.966102 1.74359 1.30931 0.162385 0.240426
1.01695 1.74359 1.282 0.166074 0.219059
1.0678 1.74359 1.25171 0.164866 0.1951
1.11864 1.74359 1.22008 0.158979 0.169869
1.16949 1.74359 1.18872 0.149084 0.144683
1.22034 1.74359 1.15895 0.136164 0.120684
1.27119 1.74359 1.1317 0.12134 0.0987232
1.32203 1.74359 1.10752 0.1057 0.0793238
1.37288 1.74359 1.08661 0.0901787 0.0627042
1.42373 1.74359 1.06891 0.0754887 0.0488395
1.47458 1.74359 1.05422 0.0621072 0.0375365
1.52542 1.74359 1.04222 0.0502971 0.0285041
1.57627 1.74359 1.03255 0.0401483 0.0214104
1.62712 1.74359 1.02487 0.0316243 0.0159232
1.67797 1.74359 1.01883 0.0246058 0.0117349
1.72881 1.74359 1.01413 0.0189271 0.00857564
1.77966 1.74359 1.01052 0.0144036 0.0062177
1.83051 1.74359 1.00777 0.0108507 0.00447465
1.88136 1.74359 1.00569 0.00809594 0.00319744
1.9322 1.74359 1.00414 0.00598519 0.00226921
1.98305 1.74359 1.00298 0.00438574 0.00159977
2.0339 1.74359 1.00213 0.00318633 0.00112052
2.08475 1.74359 1.00152 0.00229576 0.000779844
2.13559 1.74359 1.00107 0.00164076 0.000539334
2.18644 1.74359 1.00075 0.00116337 0.000370682
2.23729 1.74359 1.00052 0.000818504 0.000253203
2.28814 1.74359 1.00036 0.000571491 0.000171903
2.33898 1.74359 1.00025 0.000396038 0.000116004
2.38983 1.74359 1.00017 0.000272428 7.78134e-05
2.44068 1.74359 1.00011 0.000186036 5.18867e-05
2.49153 1.74359 1.00008 0.000126125 3.43955e-05
2.54237 1.74359 1.00005 8.48956e-05 2.26683e-05
2.59322 1.74359 1.00003 5.6731e-05 1.48544e-05
2.64407 1.74359 1.00002 3.76262e-05 9.68011e-06
2.69492 1.74359 1.00001 2.47484e-05 6.275e-06
2.74576 1.74359 1.00001 1.61084e-05 4.04722e-06
2.79661 1.74359 1.00001 1.03169e-05 2.59528e-06
2.84746 1.74359 1 6.40467e-06 1.64444e-06
2.89831 1.74359 1 3.6895e-06 9.99028e-07
2.94915 1.74359 1 1.6782e-06 5.02831e-07
3 1.74359 1 0 0

0 1.79487 1.14781 0 0
0.0508475 1.79487 1.16062 -0.0193148 0.0311255
0.101695 1.79487 1.17623 -0.0331083 0.0571301
0.152542 1.79487 1.1938 -0.0415312 0.0797032
0.20339 1.79487 1.21252 -0.0450239 0.100099
0.254237 1.79487 1.23181 -0.044117 0.119086
0.305085 1.79487 1.25109 -0.0393449 0.137042
0.355932 1.79487 1.26982 -0.0312358 0.154068
0.40678 1.79487 1.28748 -0.020308 0.170086
0.457627 1.79487 1.30356 -0.00707203 0.184902
0.508475 1.79487 1.31753 0.00796802 0.198243
0.559322 1.79487 1.32888 0.0243104 0.209783
0.610169 1.79487 1.33708 0.0414482 0.219148
0.661017 1.79487 1.34158 0.0588568 0.225936
0.711864 1.79487 1.3419 0.075978 0.229735
0.762712 1.79487 1.33761 0.0922047 0.230155
0.813559 1.79487 1.32842 0.106877 0.226883
0.864407 1.79487 1.31428 0.119301 0.219754
0.915254 1.79487 1.29545 0.128801 0.208824
0.966102 1.79487 1.27258 0.134804 0.194436
1.01695 1.79487 1.24663 0.136948 0.17722
1.0678 1.79487 1.21887 0.135172 0.158062
1.11864 1.79487 1.19061 0.129761 0.137973
1.16949 1.79487 1.16306 0.121303 0.117952
1.22034 1.79487 1.13719 0.110587 0.0988566
1.27119 1.79487 1.11366 0.0984816 0.08133
1.32203 1.79487 1.09284 0.085815 0.0657734
1.37288 1.79487 1.07486 0.0732934 0.0523631
1.42373 1.79487 1.05964 0.0614565 0.0410941
1.47458 1.79487 1.04699 0.0506672 0.0318328
1.52542 1.79487 1.03664 0.0411281 0.0243679
1.57627 1.79487 1.02828 0.0329104 0.0184527
1.62712 1.79487 1.02163 0.0259882 0.0138351
1.67797 1.79487 1.01639 0.0202707 0.0102781
1.72881 1.79487 1.01232 0.0156301 0.00757048
1.77966 1.79487 1.00918 0.0119219 0.0055314
1.83051 1.79487 1.00678 0.0090007 0.00401075
1.88136 1.79487 1.00497 0.00672923 0.00288693
1.9322 1.79487 1.00361 0.00498419 0.00206336
1.98305 1.79487 1.00261 0.00365861 0.00146463
2.0339 1.79487 1.00186 0.00266231 0.00103266
2.08475 1.79487 1.00132 0.00192103 0.000723285
2.13559 1.79487 1.00093 0.00137479 0.000503298
2.18644 1.79487 1.00065 0.000976001 0.000347964
2.23729 1.79487 1.00045 0.000687453 0.000239035
2.28814 1.79487 1.00031 0.000480485 0.000163167
2.33898 1.79487 1.00021 0.000333286 0.000110679
2.38983 1.79487 1.00015 0.000229459 7.46073e-05
2.44068 1.79487 1.0001 0.000156814 4.99807e-05
2.49153 1.79487 1.00007 0.000106389 3.32774e-05
2.54237 1.79487 1.00004 7.1656e-05 2.20219e-05
2.59322 1.79487 1.00003 4.79108e-05 1.44865e-05
2.64407 1.79487 1.00002 3.17927e-05 9.47459e-06
2.69492 1.79487 1.00001 2.09216e-05 6.16286e-06
2.74576 1.79487 1.00001 1.36245e-05 3.98828e-06
2.79661 1.79487 1.00001 8.73165e-06 2.56672e-06
2.84746 1.79487 1 5.4257e-06 1.63366e-06
2.89831 1.79487 1 3.13046e-06 9.98937e-07
2.94915 1.79487 1 1.42755e-06 5.0765e-07
3 1.79487 1 0 0

0 1.84615 1.13396 0 0
0.0508475 1.84615 1.14831 -0.0190055 0.02613
0.101695 1.84615 1.16642 -0.0320109 0.0463829
0.152542 1.84615 1.18618 -0.0395398 0.0631222
0.20339 1.84615 1.20661 -0.0424189 0.0778851
0.254237 1.84615 1.22703 -0.041369 0.0915394
0.305085 1.84615 1.24681 -0.0369813 0.104499
0.355932 1.84615 1.26542 -0.0297644 0.116893
0.40678 1.84615 1.28231 -0.0201832 0.128677
0.457627 1.84615 1.29698 -0.00868559 0.139693
0.508475 1.84615 1.30894 0.00428161 0.14971
0.559322 1.84615 1.31773 0.0182641 0.158445
0.610169 1.84615 1.3229 0.0327939 0.165577
0.661017 1.84615 1.32408 0.047384 0.170767
0.711864 1.84615 1.321 0.0615241 0.173677
0.762712 1.84615 1.31347 0.0746813 0.174002
0.813559 1.84615 1.30151 0.0863094 0.171515
0.864407 1.84615 1.28536 0.0958754 0.166117
0.915254 1.84615 1.2655 0.102904 0.157885
0.966102 1.84615 1.24268 0.107038 0.147105
1.01695 1.84615 1.21786 0.108103 0.134269
1.0678 1.84615 1.1921 0.106153 0.120029
1.11864 1.84615 1.16648 0.101479 0.105116
1.16949 1.84615 1.1419 0.0945717 0.0902429
1.22034 1.84615 1.11907 0.086042 0.0760216
1.27119 1.84615 1.09848 0.0765405 0.0629142
1.32203 1.84615 1.08035 0.0666779 0.0512154
1.37288 1.84615 1.06473 0.0569706 0.0410631
1.42373 1.84615 1.05154 0.047812 0.0324674
1.47458 1.84615 1.04059 0.0394671 0.0253451
1.52542 1.84615 1.03164 0.0320841 0.0195546
1.57627 1.84615 1.02441 0.0257151 0.0149252
1.62712 1.84615 1.01866 0.0203405 0.0112786
1.67797 1.84615 1.01413 0.0158924 0.00844419
1.72881 1.84615 1.01061 0.0122743 0.00626721
1.77966 1.84615 1.0079 0.00937712 0.00461327
1.83051 1.84615 1.00583 0.00709004 0.00336922
1.88136 1.84615 1.00427 0.00530816 0.00244212
1.9322 1.84615 1.0031 0.00393671 0.00175722
1.98305 1.84615 1.00224 0.00289314 0.00125542
2.0339 1.84615 1.0016 0.00210758 0.000890678
2.08475 1.84615 1.00113 0.00152225 0.000627578
2.13559 1.84615 1.0008 0.00109038 0.000439208
2.18644 1.84615 1.00056 0.000774715 0.000305323
2.23729 1.84615 1.00039 0.000546075 0.000210845
2.28814 1.84615 1.00027 0.000381922 0.000144645
2.33898 1.84615 1.00018 0.000265074 9.85831e-05
2.38983 1.84615 1.00012 0.000182593 6.67547e-05
2.44068 1.84615 1.00008 0.000124844 4.49119e-05
2.49153 1.84615 1.00006 8.4734e-05 3.00239e-05
2.54237 1.84615 1.00004 5.70915e-05 1.99448e-05
2.59322 1.84615 1.00002 3.81849e-05 1.31675e-05
2.64407 1.84615 1.00002 2.53462e-05 8.64128e-06
2.69492 1.84615 1.00001 1.66844e-05 5.63923e-06
2.74576 1.84615 1.00001 1.08692e-05 3.66146e-06
2.79661 1.84615 1 6.97023e-06 2.36524e-06
2.84746 1.84615 1 4.33653e-06 1.51331e-06
2.89831 1.84615 1 2.50819e-06 9.3346e-07
2.94915 1.84615 1 1.14897e-06 4.81514e-07
3 1.84615 1 0 0

0 1.89744 1.11686 0 0
0.0508475 1.89744 1.13382 -0.0173141 0.0201009
0.101695 1.89744 1.15588 -0.0282382 0.0337875
0.152542 1.89744 1.17872 -0.0340486 0.0443199
0.20339 1.89744 1.20157 -0.0359739 0.0534013
0.254237 1.89744 1.22371 -0.0348131 0.0618006
0.305085 1.89744 1.24455 -0.0311145 0.0698535
0.355932 1.89744 1.26358 -0.025295 0.0776642
0.40678 1.89744 1.28025 -0.0177133 0.0852049
0.457627 1.89744 1.29408 -0.00871111 0.0923655
0.508475 1.89744 1.3046 0.00136561 0.0989796
0.559322 1.89744 1.31139 0.0121571 0.10484
0.610169 1.89744 1.31412 0.0232862 0.10971
0.661017 1.89744 1.31257 0.034358 0.11334
0.711864 1.89744 1.30662 0.0449636 0.115479
0.762712 1.89744 1.29636 0.0546877 0.115907
0.813559 1.89744 1.28203 0.0631239 0.114463
0.864407 1.89744 1.2641 0.0698991 0.111077
0.915254 1.89744 1.24322 0.0747069 0.105804
0.966102 1.89744 1.22021 0.0773459 0.0988363
1.01695 1.89744 1.196 0.0777544 0.0904971
1.0678 1.89744 1.17154 0.0760291 0.0812102
1.11864 1.89744 1.14769 0.0724196 0.0714459
1.16949 1.89744 1.12519 0.067295 0.061662
1.22034 1.89744 1.10456 0.0610936 0.0522551
1.27119 1.89744 1.08612 0.0542674 0.0435292
1.32203 1.89744 1.07001 0.0472339 0.0356846
1.37288 1.89744 1.05622 0.0403426 0.028823
1.42373 1.89744 1.04462 0.0338581 0.0229643
1.47458 1.89744 1.03504 0.0279578 0.0180669
1.52542 1.89744 1.02723 0.0227401 0.0140491
1.57627 1.89744 1.02095 0.0182383 0.0108074
1.62712 1.89744 1.01597 0.0144373 0.00823041
1.67797 1.89744 1.01206 0.011289 0.00620902
1.72881 1.89744 1.00903 0.00872583 0.00464255
1.77966 1.89744 1.0067 0.00667131 0.00344202
1.83051 1.89744 1.00493 0.00504784 0.00253133
1.88136 1.89744 1.0036 0.00378176 0.0018471
1.9322 1.89744 1.00261 0.00280641 0.00133763
1.98305 1.89744 1.00188 0.00206362 0.000961545
2.0339 1.89744 1.00134 0.00150404 0.000686204
2.08475 1.89744 1.00095 0.00108681 0.000486226
2.13559 1.89744 1.00066 0.000778779 0.000342111
2.18644 1.89744 1.00046 0.000553508 0.000239042
2.23729 1.89744 1.00032 0.000390265 0.000165879
2.28814 1.89744 1.00022 0.000273016 0.000114325
2.33898 1.89744 1.00015 0.000189527 7.82621e-05
2.38983 1.89744 1.0001 0.000130575 5.32162e-05
2.44068 1.89744 1.00007 8.92905e-05 3.59454e-05
2.49153 1.89744 1.00005 6.06095e-05 2.412e-05
2.54237 1.89744 1.00003 4.08402e-05 1.60798e-05
2.59322 1.89744 1.00002 2.7317e-05 1.06515e-05
2.64407 1.89744 1.00001 1.81333e-05 7.01254e-06
2.69492 1.89744 1.00001 1.19375e-05 4.59053e-06
2.74576 1.89744 1.00001 7.77873e-06 2.99008e-06
2.79661 1.89744 1 4.99169e-06 1.93895e-06
2.84746 1.89744 1 3.11104e-06 1.24804e-06
2.89831 1.89744 1 1.80708e-06 7.78982e-07
2.94915 1.89744 1 8.35638e-07 4.11559e-07
3 1.89744 1 0 0

0 1.94872 1.08839 0 0
0.0508475 1.94872 1.11784 -0.0127422 0.0124554
0.101695 1.94872 1.14451 -0.0192452 0.0187128
0.152542 1.94872 1.17182 -0.0223804 0.0232117
0.20339 1.94872 1.19784 -0.0231624 0.0270943
0.254237 1.94872 1.22234 -0.0222003 0.0307499
0.305085 1.94872 1.24485 -0.0198279 0.0343306
0.355932 1.94872 1.26493 -0.0162777 0.0378817
0.40678 1.94872 1.28206 -0.0117423 0.0413888
0.457627 1.94872 1.29577 -0.00640799 0.0447988
0.508475 1.94872 1.30559 -0.000469715 0.0480289
0.559322 1.94872 1.31115 0.00586316 0.0509723
0.610169 1.94872 1.31217 0.0123659 0.0535033
0.661017 1.94872 1.30854 0.0188005 0.0554841
0.711864 1.94872 1.30031 0.0249212 0.0567753
0.762712 1.94872 1.28774 0.0304818 0.0572496
0.813559 1.94872 1.27127 0.0352486 0.0568097
0.864407 1.94872 1.25156 0.0390157 0.0554058
0.915254 1.94872 1.2294 0.0416249 0.0530512
0.966102 1.94872 1.20569 0.0429849 0.0498298
1.01695 1.94872 1.18137 0.043086 0.0458921
1.0678 1.94872 1.15733 0.0420055 0.0414397
1.11864 1.94872 1.13434 0.0399 0.0366999
1.16949 1.94872 1.11297 0.0369845 0.0318975
1.22034 1.94872 1.09365 0.0335051 0.0272315
1.27119 1.94872 1.07658 0.0297095 0.0228588
1.32203 1.94872 1.06183 0.025823 0.0188876
1.37288 1.94872 1.04932 0.0220317 0.0153787
1.42373 1.94872 1.0389 0.0184755 0.0123522
1.47458 1.94872 1.03035 0.0152468 0.00979666
1.52542 1.94872 1.02344 0.0123961 0.00767918
1.57627 1.94872 1.01792 0.00993909 0.00595385
1.62712 1.94872 1.01358 0.00786609 0.00456909
1.67797 1.94872 1.01019 0.00614988 0.00347269
1.72881 1.94872 1.00759 0.00475305 0.00261533
1.77966 1.94872 1.0056 0.00363364 0.0019525
1.83051 1.94872 1.0041 0.00274919 0.00144547
1.88136 1.94872 1.00297 0.00205949 0.00106146
1.9322 1.94872 1.00214 0.00152821 0.000773356
1.98305 1.94872 1.00153 0.00112363 0.000559133
2.0339 1.94872 1.00109 0.000818862 0.000401217
2.08475 1.94872 1.00076 0.00059164 0.000285777
2.13559 1.94872 1.00053 0.000423899 0.000202072
2.18644 1.94872 1.00037 0.00030124 0.000141858
2.23729 1.94872 1.00026 0.000212366 9.888e-05
2.28814 1.94872 1.00017 0.000148541 6.84384e-05
2.33898 1.94872 1.00012 0.000103099 4.70389e-05
2.38983 1.94872 1.00008 7.10182e-05 3.21076e-05
2.44068 1.94872 1.00005 4.8555e-05 2.17661e-05
2.49153 1.94872 1.00004 3.29524e-05 1.46557e-05
2.54237 1.94872 1.00002 2.21999e-05 9.80226e-06
2.59322 1.94872 1.00002 1.48461e-05 6.51334e-06
2.64407 1.94872 1.00001 9.85331e-06 4.30084e-06
2.69492 1.94872 1.00001 6.48596e-06 2.82354e-06
2.74576 1.94872 1 4.22686e-06 1.84467e-06
2.79661 1.94872 1 2.71445e-06 1.2007e-06
2.84746 1.94872 1 1.69614e-06 7.77945e-07
2.89831 1.94872 1 9.92824e-07 4.93216e-07
2.94915 1.94872 1 4.69583e-07 2.71644e-07
3 1.94872 1 0 0

0 2 1 0 0
0.0508475 2 1.09205 0 0
0.101695 2 1.13459 0 0
0.152542 2 1.16789 0 0
0.20339 2 1.19778 0 0
0.254237 2 1.22523 0 0
0.305085 2 1.25013 0 0
0.355932 2 1.2721 0 0
0.40678 2 1.29062 0 0
0.457627 2 1.30512 0 0
0.508475 2 1.31509 0 0
0.559322 2 1.32013 0 0
0.610169 2 1.31999 0 0
0.661017 2 1.31464 0 0
0.711864 2 1.30426 0 0
0.762712 2 1.28926 0 0
0.813559 2 1.27029 0 0
0.864407 2 1.2482 0 0
0.915254 2 1.22394 0 0
0.966102 2 1.19856 0 0
1.01695 2 1.17306 0 0
1.0678 2 1.14834 0 0
1.11864 2 1.12514 0 0
1.16949 2 1.10397 0 0
1.22034 2 1.08515 0 0
1.27119 2 1.06879 0 0
1.32203 2 1.05488 0 0
1.37288 2 1.04326 0 0
1.42373 2 1.03371 0 0
1.47458 2 1.02599 0 0
1.52542 2 1.01984 0 0
1.57627 2 1.015 0 0
1.62712 2 1.01123 0 0
1.67797 2 1.00834 0 0
1.72881 2 1.00613 0 0
1.77966 2 1.00448 0 0
1.83051 2 1.00324 0 0
1.88136 2 1.00233 0 0
1.9322 2 1.00166 0 0
1.98305 2 1.00117 0 0
2.0339 2 1.00082 0 0
2.08475 2 1.00057 0 0
2.13559 2 1.0004 0 0
2.18644 2 1.00027 0 0
2.23729 2 1.00019 0 0
2.28814 2 1.00013 0 0
2.33898 2 1.00008 0 0
2.38983 2 1.00006 0 0
2.44068 2 1.00004 0 0
2.49153 2 1.00002 0 0
2.54237 2 1.00002 0 0
2.59322 2 1.00001 0 0
2.64407 2 1.00001 0 0
2.69492 2 1 0 0
2.74576 2 1 0 0
2.79661 2 1 0 0
2.84746 2 1 0 0
2.89831 2 1 0 0
2.94915 2 1 0 0
3 2 1 0 0

