0 0 3 0.5 0
0.0508475 0 3.04461 0 0
0.101695 0 2.73002 0 0
0.152542 0 2.48631 0 0
0.20339 0 2.31505 0 0
0.254237 0 2.19897 0 0
0.305085 0 2.12242 0 0
0.355932 0 2.07551 0 0
0.40678 0 2.05082 0 0
0.457627 0 2.04314 0 0
0.508475 0 2.04946 0 0
0.559322 0 2.06877 0 0
0.610169 0 2.10155 0 0
0.661017 0 2.14879 0 0
0.711864 0 2.20989 0 0
0.762712 0 2.27817 0 0
0.813559 0 2.33302 0 0
0.864407 0 2.31522 0 0
0.915254 0 2.08152 0 0
0.966102 0 1 0 0
1.01695 0 0 0 0
1.0678 0 0 0 0
1.11864 0 0 0 0
1.16949 0 0 0 0
1.22034 0 0 0 0
1.27119 0 0 0 0
1.32203 0 0 0 0
1.37288 0 0 0 0
1.42373 0 0 0 0
1.47458 0 0 0 0
1.52542 0 0 0 0
1.57627 0 0 0 0
1.62712 0 0 0 0
1.67797 0 0 0 0
1.72881 0 0 0 0
1.77966 0 0 0 0
1.83051 0 0 0 0
1.88136 0 0 0 0
1.9322 0 0 0 0
1.98305 0 0 0 0
2.0339 0 1 0 0
2.08475 0 1 -2.49996e-10 -1.93903e-09
2.13559 0 1 -3.0787e-10 -3.59855e-09
2.18644 0 1 -1.98924e-10 -4.89564e-09
2.23729 0 1 2.42641e-11 -5.78353e-09
2.28814 0 1 3.02358e-10 -6.25462e-09
2.33898 0 1 5.80952e-10 -6.33994e-09
2.38983 0 1 8.18277e-10 -6.10184e-09
2.44068 0 1 9.88667e-10 -5.62168e-09
2.49153 0 1 1.08226e-09 -4.98621e-09
2.54237 0 1 1.10208e-09 -4.27583e-09
2.59322 0 1 1.05971e-09 -3.55671e-09
2.64407 0 1 9.70964e-10 -2.87699e-09
2.69492 0 1 8.52121e-10 -2.26642e-09
2.74576 0 1 7.17271e-10 -1.73832e-09
2.79661 0 1 5.76703e-10 -1.29248e-09
2.84746 0 1 4.36122e-10 -9.1802e-10
2.89831 0 1 2.9642e-10 -5.95723e-10
2.94915 0 1 1.53805e-10 -2.99736e-10
3 0 1 0 0

0 0.0512821 3 0.5 0
0.0508475 0.0512821 3.92572 0.338969 0.0426308
0.101695 0.0512821 3.28153 0.34259 0.0459212
0.152542 0.0512821 2.97469 0.314724 0.0404399
0.20339 0.0512821 2.71534 0.289168 0.0326774
0.254237 0.0512821 2.52656 0.26414 0.0254669
0.305085 0.0512821 2.38512 0.241413 0.019672
0.355932 0.0512821 2.2795 0.220956 0.0152984
0.40678 0.0512821 2.20252 0.202418 0.0119733
0.457627 0.0512821 2.15048 0.185322 0.00914001
0.508475 0.0512821 2.12152 0.169127 0.00610035
0.559322 0.0512821 2.11467 0.153242 0.00200978
0.610169 0.0512821 2.12942 0.137103 -0.00411143
0.661017 0.0512821 2.1651 0.120417 -0.013305
0.711864 0.0512821 2.21966 0.103552 -0.0264205
0.762712 0.0512821 2.28564 0.0877375 -0.0435642
0.813559 0.0512821 2.3502 0.0751292 -0.0628475
0.864407 0.0512821 2.3715 0.0649999 -0.0787243
0.915254 0.0512821 2.34854 0.0534884 -0.074872
0.966102 0.0512821 2.07884 0 0
1.01695 0.0512821 0 0 0
1.0678 0.0512821 0 0 0
1.11864 0.0512821 0 0 0
1.16949 0.0512821 0 0 0
1.22034 0.0512821 0 0 0
1.27119 0.0512821 0 0 0
1.32203 0.0512821 0 0 0
1.37288 0.0512821 0 0 0
1.42373 0.0512821 0 0 0
1.47458 0.0512821 0 0 0
1.52542 0.0512821 0 0 0
1.57627 0.0512821 0 0 0
1.62712 0.0512821 0 0 0
1.67797 0.0512821 0 0 0
1.72881 0.0512821 0 0 0
1.77966 0.0512821 0 0 0
1.83051 0.0512821 0 0 0
1.88136 0.0512821 0 0 0
1.9322 0.0512821 0 0 0
1.98305 0.0512821 0 0 0
2.0339 0.0512821 1 0 0
2.08475 0.0512821 1 -2.49996e-10 -1.93903e-09
2.13559 0.0512821 1 -3.0787e-10 -3.59855e-09
2.18644 0.0512821 1 -1.98924e-10 -4.89564e-09
2.23729 0.0512821 1 2.42641e-11 -5.78353e-09
2.28814 0.0512821 1 3.02358e-10 -6.25462e-09
2.33898 0.0512821 1 5.80952e-10 -6.33994e-09
2.38983 0.0512821 1 8.18277e-10 -6.10184e-09
2.44068 0.0512821 1 9.88667e-10 -5.62168e-09
2.49153 0.0512821 1 1.08226e-09 -4.98621e-09
2.54237 0.0512821 1 1.10208e-09 -4.27583e-09
2.59322 0.0512821 1 1.05971e-09 -3.55671e-09
2.64407 0.0512821 1 9.70964e-10 -2.87699e-09
2.69492 0.0512821 1 8.52121e-10 -2.26642e-09
2.74576 0.0512821 1 7.17271e-10 -1.73832e-09
2.79661 0.0512821 1 5.76703e-10 -1.29248e-09
2.84746 0.0512821 1 4.36122e-10 -9.1802e-10
2.89831 0.0512821 1 2.9642e-10 -5.95723e-10
2.94915 0.0512821 1 1.53805e-10 -2.99736e-10
3 0.0512821 1 0 0

0 0.102564 3 0.5 0
0.0508475 0.102564 3.08975 0.478874 0.109605
0.101695 0.102564 2.82432 0.490503 0.120257
0.152542 0.102564 2.62153 0.4816 0.111256
0.20339 0.102564 2.45167 0.46385 0.0938369
0.254237 0.102564 2.32013 0.44084 0.0760745
0.305085 0.102564 2.22218 0.415815 0.0604955
0.355932 0.102564 2.15322 0.390645 0.0477424
0.40678 0.102564 2.10849 0.366248 0.0375012
0.457627 0.102564 2.08371 0.342731 0.0289173
0.508475 0.102564 2.07595 0.319516 0.0207412
0.559322 0.102564 2.08429 0.29552 0.0114034
0.610169 0.102564 2.10969 0.26941 -0.000904825
0.661017 0.102564 2.15451 0.24001 -0.0180662
0.711864 0.102564 2.22085 0.206885 -0.0415081
0.762712 0.102564 2.30823 0.170987 -0.071006
0.813559 0.102564 2.40722 0.134535 -0.101899
0.864407 0.102564 2.4992 0.0994089 -0.121802
0.915254 0.102564 2.53227 0.0602597 -0.101706
0.966102 0.102564 2.4887 0 0
1.01695 0.102564 0 0 0
1.0678 0.102564 0 0 0
1.11864 0.102564 0 0 0
1.16949 0.102564 0 0 0
1.22034 0.102564 0 0 0
1.27119 0.102564 0 0 0
1.32203 0.102564 0 0 0
1.37288 0.102564 0 0 0
1.42373 0.102564 0 0 0
1.47458 0.102564 0 0 0
1.52542 0.102564 0 0 0
1.57627 0.102564 0 0 0
1.62712 0.102564 0 0 0
1.67797 0.102564 0 0 0
1.72881 0.102564 0 0 0
1.77966 0.102564 0 0 0
1.83051 0.102564 0 0 0
1.88136 0.102564 0 0 0
1.9322 0.102564 0 0 0
1.98305 0.102564 0 0 0
2.0339 0.102564 1 0 0
2.08475 0.102564 1 -4.72432e-10 -2.62444e-09
2.13559 0.102564 1 -5.60948e-10 -4.83159e-09
2.18644 0.102564 1 -3.67862e-10 -6.54054e-09
2.23729 0.102564 1 1.67302e-12 -7.69545e-09
2.28814 0.102564 1 4.4606e-10 -8.28899e-09
2.33898 0.102564 1 8.78533e-10 -8.36637e-09
2.38983 0.102564 1 1.23603e-09 -8.01546e-09
2.44068 0.102564 1 1.48271e-09 -7.34908e-09
2.49153 0.102564 1 1.608e-09 -6.48569e-09
2.54237 0.102564 1 1.62086e-09 -5.53339e-09
2.59322 0.102564 1 1.5424e-09 -4.57949e-09
2.64407 0.102564 1 1.39882e-09 -3.68615e-09
2.69492 0.102564 1 1.21575e-09 -2.89063e-09
2.74576 0.102564 1 1.0146e-09 -2.20843e-09
2.79661 0.102564 1 8.10416e-10 -1.63758e-09
2.84746 0.102564 1 6.11059e-10 -1.16264e-09
2.89831 0.102564 1 4.16798e-10 -7.57351e-10
2.94915 0.102564 1 2.19673e-10 -3.85652e-10
3 0.102564 1 0 0

0 0.153846 3 0.5 0
0.0508475 0.153846 2.96593 0.528451 0.0920238
0.101695 0.153846 2.83763 0.556415 0.125575
0.152542 0.153846 2.70416 0.569263 0.13108
0.20339 0.153846 2.57218 0.56968 0.121901
0.254237 0.153846 2.45575 0.560309 0.107162
0.305085 0.153846 2.35777 0.544507 0.0915376
0.355932 0.153846 2.27754 0.524854 0.0770891
0.40678 0.153846 2.2136 0.502896 0.0642402
0.457627 0.153846 2.16538 0.479151 0.0524072
0.508475 0.153846 2.13379 0.453221 0.0403926
0.559322 0.153846 2.12115 0.423926 0.0265987
0.610169 0.153846 2.13091 0.389488 0.00915648
0.661017 0.153846 2.1676 0.347957 -0.0138642
0.711864 0.153846 2.23588 0.298028 -0.0437545
0.762712 0.153846 2.33871 0.240319 -0.0795413
0.813559 0.153846 2.4703 0.178156 -0.114686
0.864407 0.153846 2.61325 0.117148 -0.133366
0.915254 0.153846 2.7163 0.0589198 -0.106742
0.966102 0.153846 2.74997 0 0
1.01695 0.153846 0 0 0
1.0678 0.153846 0 0 0
1.11864 0.153846 0 0 0
1.16949 0.153846 0 0 0
1.22034 0.153846 0 0 0
1.27119 0.153846 0 0 0
1.32203 0.153846 0 0 0
1.37288 0.153846 0 0 0
1.42373 0.153846 0 0 0
1.47458 0.153846 0 0 0
1.52542 0.153846 0 0 0
1.57627 0.153846 0 0 0
1.62712 0.153846 0 0 0
1.67797 0.153846 0 0 0
1.72881 0.153846 0 0 0
1.77966 0.153846 0 0 0
1.83051 0.153846 0 0 0
1.88136 0.153846 0 0 0
1.9322 0.153846 0 0 0
1.98305 0.153846 0 0 0
2.0339 0.153846 1 0 0
2.08475 0.153846 1 -8.47119e-10 -4.06598e-09
2.13559 0.153846 1 -9.81793e-10 -7.45993e-09
2.18644 0.153846 1 -6.11747e-10 -1.00616e-08
2.23729 0.153846 1 5.97586e-11 -1.17873e-08
2.28814 0.153846 1 8.4458e-10 -1.26311e-08
2.33898 0.153846 1 1.58806e-09 -1.26726e-08
2.38983 0.153846 1 2.18295e-09 -1.20594e-08
2.44068 0.153846 1 2.57336e-09 -1.09763e-08
2.49153 0.153846 1 2.74892e-09 -9.61256e-09
2.54237 0.153846 1 2.73255e-09 -8.13659e-09
2.59322 0.153846 1 2.56631e-09 -6.68068e-09
2.64407 0.153846 1 2.29856e-09 -5.3357e-09
2.69492 0.153846 1 1.97447e-09 -4.15323e-09
2.74576 0.153846 1 1.63021e-09 -3.15183e-09
2.79661 0.153846 1 1.29014e-09 -2.32451e-09
2.84746 0.153846 1 9.65995e-10 -1.6451e-09
2.89831 0.153846 1 6.56526e-10 -1.07215e-09
2.94915 0.153846 1 3.46373e-10 -5.49194e-10
3 0.153846 1 0 0

0 0.205128 3 0.5 0
0.0508475 0.205128 2.73761 0.56136 0.0816453
0.101695 0.205128 2.64751 0.592939 0.128221
0.152542 0.205128 2.55431 0.615953 0.147812
0.20339 0.205128 2.45454 0.62938 0.14932
0.254237 0.205128 2.35914 0.633016 0.140758
0.305085 0.205128 2.27437 0.628344 0.127412
0.355932 0.205128 2.20329 0.617183 0.112301
0.40678 0.205128 2.14749 0.600959 0.0967887
0.457627 0.205128 2.10813 0.580333 0.081106
0.508475 0.205128 2.08647 0.555013 0.0646991
0.559322 0.205128 2.08452 0.523651 0.0464212
0.610169 0.205128 2.10565 0.483926 0.0246871
0.661017 0.205128 2.15547 0.433038 -0.0022355
0.711864 0.205128 2.24091 0.36886 -0.0353856
0.762712 0.205128 2.36898 0.292091 -0.0733199
0.813559 0.205128 2.53523 0.207948 -0.10877
0.864407 0.205128 2.72432 0.126945 -0.125726
0.915254 0.205128 2.86949 0.0566789 -0.0982157
0.966102 0.205128 2.94481 0 0
1.01695 0.205128 0 0 0
1.0678 0.205128 0 0 0
1.11864 0.205128 0 0 0
1.16949 0.205128 0 0 0
1.22034 0.205128 0 0 0
1.27119 0.205128 0 0 0
1.32203 0.205128 0 0 0
1.37288 0.205128 0 0 0
1.42373 0.205128 0 0 0
1.47458 0.205128 0 0 0
1.52542 0.205128 0 0 0
1.57627 0.205128 0 0 0
1.62712 0.205128 0 0 0
1.67797 0.205128 0 0 0
1.72881 0.205128 0 0 0
1.77966 0.205128 0 0 0
1.83051 0.205128 0 0 0
1.88136 0.205128 0 0 0
1.9322 0.205128 0 0 0
1.98305 0.205128 0 0 0
2.0339 0.205128 1 0 0
2.08475 0.205128 1 -1.42674e-09 -6.67502e-09
2.13559 0.205128 1 -1.59602e-09 -1.22363e-08
2.18644 0.205128 1 -8.82424e-10 -1.64636e-08
2.23729 0.205128 1 3.41194e-10 -1.92101e-08
2.28814 0.205128 1 1.73181e-09 -2.04729e-08
2.33898 0.205128 1 3.01359e-09 -2.04025e-08
2.38983 0.205128 1 4.00319e-09 -1.92662e-08
2.44068 0.205128 1 4.61405e-09 -1.73882e-08
2.49153 0.205128 1 4.84191e-09 -1.50922e-08
2.54237 0.205128 1 4.73957e-09 -1.26575e-08
2.59322 0.205128 1 4.38961e-09 -1.02963e-08
2.64407 0.205128 1 3.88121e-09 -8.14784e-09
2.69492 0.205128 1 3.29409e-09 -6.28585e-09
2.74576 0.205128 1 2.68952e-09 -4.73082e-09
2.79661 0.205128 1 2.10688e-09 -3.46397e-09
2.84746 0.205128 1 1.56341e-09 -2.43835e-09
2.89831 0.205128 1 1.05466e-09 -1.58502e-09
2.94915 0.205128 1 5.53278e-10 -8.12849e-10
3 0.205128 1 0 0

0 0.25641 3 0.5 0
0.0508475 0.25641 2.61776 0.581859 0.0652808
0.101695 0.25641 2.54196 0.614568 0.11407
0.152542 0.25641 2.48133 0.641012 0.142475
0.20339 0.25641 2.41291 0.661613 0.153698
0.254237 0.25641 2.34165 0.674671 0.153004
0.305085 0.25641 2.2739 0.679855 0.144951
0.355932 0.25641 2.2139 0.677717 0.132752
0.40678 0.25641 2.16419 0.668917 0.118312
0.457627 0.25641 2.12671 0.653647 0.102446
0.508475 0.25641 2.10373 0.63123 0.0850977
0.559322 0.25641 2.09888 0.599888 0.0655146
0.610169 0.25641 2.11766 0.55674 0.042454
0.661017 0.25641 2.16841 0.498349 0.0145284
0.711864 0.25641 2.26111 0.422162 -0.0189392
0.762712 0.25641 2.40606 0.329431 -0.0561864
0.813559 0.25641 2.59903 0.227723 -0.0900624
0.864407 0.25641 2.82181 0.132005 -0.105916
0.915254 0.25641 2.99765 0.0544045 -0.0823309
0.966102 0.25641 3.09386 0 0
1.01695 0.25641 0 0 0
1.0678 0.25641 0 0 0
1.11864 0.25641 0 0 0
1.16949 0.25641 0 0 0
1.22034 0.25641 0 0 0
1.27119 0.25641 0 0 0
1.32203 0.25641 0 0 0
1.37288 0.25641 0 0 0
1.42373 0.25641 0 0 0
1.47458 0.25641 0 0 0
1.52542 0.25641 0 0 0
1.57627 0.25641 0 0 0
1.62712 0.25641 0 0 0
1.67797 0.25641 0 0 0
1.72881 0.25641 0 0 0
1.77966 0.25641 0 0 0
1.83051 0.25641 0 0 0
1.88136 0.25641 0 0 0
1.9322 0.25641 0 0 0
1.98305 0.25641 0 0 0
2.0339 0.25641 1 0 0
2.08475 0.25641 1 -2.31175e-09 -1.11766e-08
2.13559 0.25641 1 -2.45266e-09 -2.0491e-08
2.18644 0.25641 1 -1.07871e-09 -2.75147e-08
2.23729 0.25641 1 1.13816e-09 -3.19749e-08
2.28814 0.25641 1 3.58038e-09 -3.38783e-08
2.33898 0.25641 1 5.76214e-09 -3.35164e-08
2.38983 0.25641 1 7.37599e-09 -3.13846e-08
2.44068 0.25641 1 8.29483e-09 -2.80662e-08
2.49153 0.25641 1 8.53826e-09 -2.41249e-08
2.54237 0.25641 1 8.22135e-09 -2.00319e-08
2.59322 0.25641 1 7.50305e-09 -1.61315e-08
2.64407 0.25641 1 6.54523e-09 -1.26387e-08
2.69492 0.25641 1 5.48613e-09 -9.65631e-09
2.74576 0.25641 1 4.42745e-09 -7.20126e-09
2.79661 0.25641 1 3.43105e-09 -5.22978e-09
2.84746 0.25641 1 2.52082e-09 -3.65695e-09
2.89831 0.25641 1 1.68525e-09 -2.36699e-09
2.94915 0.25641 1 8.7703e-10 -1.21249e-09
3 0.25641 1 0 0

0 0.307692 3 0.5 0
0.0508475 0.307692 2.527 0.598053 0.052411
0.101695 0.307692 2.44058 0.631777 0.0988179
0.152542 0.307692 2.39163 0.658169 0.131806
0.20339 0.307692 2.34124 0.681154 0.150576
0.254237 0.307692 2.28624 0.699224 0.157606
0.305085 0.307692 2.23059 0.710968 0.156057
0.355932 0.307692 2.17859 0.715719 0.148649
0.40678 0.307692 2.13379 0.713146 0.137289
0.457627 0.307692 2.09945 0.702717 0.123053
0.508475 0.307692 2.07912 0.683223 0.106269
0.559322 0.307692 2.07759 0.652432 0.0866451
0.610169 0.307692 2.10147 0.606996 0.0634354
0.661017 0.307692 2.16045 0.543009 0.0357526
0.711864 0.307692 2.26615 0.457702 0.00333569
0.762712 0.307692 2.43071 0.353031 -0.0319259
0.813559 0.307692 2.64893 0.238757 -0.0635676
0.864407 0.307692 2.89887 0.133421 -0.0792272
0.915254 0.307692 3.0955 0.0521112 -0.0623949
0.966102 0.307692 3.20115 0 0
1.01695 0.307692 0 0 0
1.0678 0.307692 0 0 0
1.11864 0.307692 0 0 0
1.16949 0.307692 0 0 0
1.22034 0.307692 0 0 0
1.27119 0.307692 0 0 0
1.32203 0.307692 0 0 0
1.37288 0.307692 0 0 0
1.42373 0.307692 0 0 0
1.47458 0.307692 0 0 0
1.52542 0.307692 0 0 0
1.57627 0.307692 0 0 0
1.62712 0.307692 0 0 0
1.67797 0.307692 0 0 0
1.72881 0.307692 0 0 0
1.77966 0.307692 0 0 0
1.83051 0.307692 0 0 0
1.88136 0.307692 0 0 0
1.9322 0.307692 0 0 0
1.98305 0.307692 0 0 0
2.0339 0.307692 1 0 0
2.08475 0.307692 1 -3.6408e-09 -1.88128e-08
2.13559 0.307692 1 -3.56973e-09 -3.45086e-08
2.18644 0.307692 1 -9.30144e-10 -4.62411e-08
2.23729 0.307692 1 3.06936e-09 -5.34965e-08
2.28814 0.307692 1 7.32259e-09 -5.63129e-08
2.33898 0.307692 1 1.09839e-08 -5.52619e-08
2.38983 0.307692 1 1.3551e-08 -5.12705e-08
2.44068 0.307692 1 1.48547e-08 -4.53918e-08
2.49153 0.307692 1 1.49827e-08 -3.86097e-08
2.54237 0.307692 1 1.4177e-08 -3.1717e-08
2.59322 0.307692 1 1.27382e-08 -2.52681e-08
2.64407 0.307692 1 1.09551e-08 -1.95878e-08
2.69492 0.307692 1 9.06259e-09 -1.48122e-08
2.74576 0.307692 1 7.22509e-09 -1.09391e-08
2.79661 0.307692 1 5.53595e-09 -7.87423e-09
2.84746 0.307692 1 4.0247e-09 -5.46552e-09
2.89831 0.307692 1 2.66459e-09 -3.51937e-09
2.94915 0.307692 1 1.3744e-09 -1.79894e-09
3 0.307692 1 0 0

0 0.358974 3 0.5 0
0.0508475 0.358974 2.46342 0.611143 0.0421261
0.101695 0.358974 2.36245 0.646686 0.0837514
0.152542 0.358974 2.31641 0.672164 0.117674
0.20339 0.358974 2.27735 0.694897 0.141067
0.254237 0.358974 2.23544 0.714571 0.15422
0.305085 0.358974 2.19146 0.729571 0.15879
0.355932 0.358974 2.14878 0.738485 0.15668
0.40678 0.358974 2.11106 0.740167 0.14949
0.457627 0.358974 2.082 0.733375 0.138318
0.508475 0.358974 2.06574 0.716311 0.123722
0.559322 0.358974 2.06772 0.686244 0.105757
0.610169 0.358974 2.09547 0.639364 0.0840865
0.661017 0.358974 2.15996 0.571386 0.0582486
0.711864 0.358974 2.27446 0.479471 0.0283037
0.762712 0.358974 2.45273 0.366323 -0.00390525
0.813559 0.358974 2.68855 0.243618 -0.0329297
0.864407 0.358974 2.95606 0.132536 -0.0490638
0.915254 0.358974 3.16497 0.0499445 -0.0406496
0.966102 0.358974 3.27247 0 0
1.01695 0.358974 0 0 0
1.0678 0.358974 0 0 0
1.11864 0.358974 0 0 0
1.16949 0.358974 0 0 0
1.22034 0.358974 0 0 0
1.27119 0.358974 0 0 0
1.32203 0.358974 0 0 0
1.37288 0.358974 0 0 0
1.42373 0.358974 0 0 0
1.47458 0.358974 0 0 0
1.52542 0.358974 0 0 0
1.57627 0.358974 0 0 0
1.62712 0.358974 0 0 0
1.67797 0.358974 0 0 0
1.72881 0.358974 0 0 0
1.77966 0.358974 0 0 0
1.83051 0.358974 0 0 0
1.88136 0.358974 0 0 0
1.9322 0.358974 0 0 0
1.98305 0.358974 0 0 0
2.0339 0.358974 1 0 0
2.08475 0.358974 1 -5.57256e-09 -3.168e-08
2.13559 0.358974 1 -4.82744e-09 -5.81509e-08
2.18644 0.358974 1 2.33458e-10 -7.7732e-08
2.23729 0.358974 1 7.42617e-09 -8.9459e-08
2.28814 0.358974 1 1.47734e-08 -9.34652e-08
2.33898 0.358974 1 2.08215e-08 -9.08825e-08
2.38983 0.358974 1 2.47783e-08 -8.34508e-08
2.44068 0.358974 1 2.64611e-08 -7.30688e-08
2.49153 0.358974 1 2.61269e-08 -6.14432e-08
2.54237 0.358974 1 2.42703e-08 -4.98926e-08
2.59322 0.358974 1 2.14503e-08 -3.92926e-08
2.64407 0.358974 1 1.81723e-08 -3.01175e-08
2.69492 0.358974 1 1.48264e-08 -2.25275e-08
2.74576 0.358974 1 1.167e-08 -1.64661e-08
2.79661 0.358974 1 8.83638e-09 -1.17418e-08
2.84746 0.358974 1 6.35404e-09 -8.0855e-09
2.89831 0.358974 1 4.1643e-09 -5.17677e-09
2.94915 0.358974 1 2.12798e-09 -2.63918e-09
3 0.358974 1 0 0

0 0.410256 3 0.5 0
0.0508475 0.410256 2.41497 0.622237 0.0343985
0.101695 0.410256 2.29833 0.660431 0.0709307
0.152542 0.410256 2.24879 0.685356 0.103829
0.20339 0.410256 2.21421 0.706858 0.129675
0.254237 0.410256 2.18033 0.726078 0.147385
0.305085 0.410256 2.14486 0.741803 0.157337
0.355932 0.410256 2.10969 0.752375 0.160538
0.40678 0.410256 2.07806 0.756132 0.158089
0.457627 0.410256 2.05383 0.751271 0.150897
0.508475 0.410256 2.04156 0.73548 0.139558
0.559322 0.410256 2.04732 0.705583 0.124328
0.610169 0.410256 2.07939 0.657398 0.105184
0.661017 0.410256 2.1497 0.586407 0.0820299
0.711864 0.410256 2.27251 0.489854 0.0551943
0.762712 0.410256 2.46229 0.371181 0.0263842
0.813559 0.410256 2.71142 0.243573 -0.00012289
0.864407 0.410256 2.99022 0.129894 -0.0174
0.915254 0.410256 3.20579 0.0478141 -0.018363
0.966102 0.410256 3.31113 0 0
1.01695 0.410256 0 0 0
1.0678 0.410256 0 0 0
1.11864 0.410256 0 0 0
1.16949 0.410256 0 0 0
1.22034 0.410256 0 0 0
1.27119 0.410256 0 0 0
1.32203 0.410256 0 0 0
1.37288 0.410256 0 0 0
1.42373 0.410256 0 0 0
1.47458 0.410256 0 0 0
1.52542 0.410256 0 0 0
1.57627 0.410256 0 0 0
1.62712 0.410256 0 0 0
1.67797 0.410256 0 0 0
1.72881 0.410256 0 0 0
1.77966 0.410256 0 0 0
1.83051 0.410256 0 0 0
1.88136 0.410256 0 0 0
1.9322 0.410256 0 0 0
1.98305 0.410256 0 0 0
2.0339 0.410256 1 0 0
2.08475 0.410256 1 -8.22383e-09 -5.33086e-08
2.13559 0.410256 1 -5.72127e-09 -9.79254e-08
2.18644 0.410256 1 3.96519e-09 -1.305e-07
2.23729 0.410256 1 1.68588e-08 -1.49243e-07
2.28814 0.410256 1 2.94323e-08 -1.54559e-07
2.33898 0.410256 1 3.92285e-08 -1.4871e-07
2.38983 0.410256 1 4.50637e-08 -1.34963e-07
2.44068 0.410256 1 4.68535e-08 -1.16726e-07
2.49153 0.410256 1 4.52436e-08 -9.6927e-08
2.54237 0.410256 1 4.12195e-08 -7.77218e-08
2.59322 0.410256 1 3.58005e-08 -6.0456e-08
2.64407 0.410256 1 2.98521e-08 -4.57845e-08
2.69492 0.410256 1 2.40039e-08 -3.38527e-08
2.74576 0.410256 1 1.86425e-08 -2.4476e-08
2.79661 0.410256 1 1.39428e-08 -1.72813e-08
2.84746 0.410256 1 9.91284e-09 -1.18003e-08
2.89831 0.410256 1 6.42922e-09 -7.509e-09
2.94915 0.410256 1 3.25396e-09 -3.81693e-09
3 0.410256 1 0 0

0 0.461538 3 0.5 0
0.0508475 0.461538 2.37679 0.631809 0.0286288
0.101695 0.461538 2.24575 0.673232 0.0605721
0.152542 0.461538 2.18986 0.698368 0.0915997
0.20339 0.461538 2.15535 0.718636 0.118476
0.254237 0.461538 2.12561 0.736437 0.139412
0.305085 0.461538 2.09605 0.75122 0.153835
0.355932 0.461538 2.06712 0.761466 0.161934
0.40678 0.461538 2.04135 0.765331 0.164248
0.457627 0.461538 2.0224 0.760687 0.161386
0.508475 0.461538 2.0149 0.744871 0.153855
0.559322 0.461538 2.02511 0.714379 0.142002
0.610169 0.461538 2.06167 0.664778 0.126024
0.661017 0.461538 2.13701 0.591445 0.106111
0.711864 0.461538 2.26598 0.491821 0.0827875
0.762712 0.461538 2.46315 0.37001 0.0575356
0.813559 0.461538 2.71974 0.240272 0.0333665
0.864407 0.461538 3.00315 0.126303 0.0144371
0.915254 0.461538 3.2204 0.0458435 0.00363702
0.966102 0.461538 3.32141 0 0
1.01695 0.461538 0 0 0
1.0678 0.461538 0 0 0
1.11864 0.461538 0 0 0
1.16949 0.461538 0 0 0
1.22034 0.461538 0 0 0
1.27119 0.461538 0 0 0
1.32203 0.461538 0 0 0
1.37288 0.461538 0 0 0
1.42373 0.461538 0 0 0
1.47458 0.461538 0 0 0
1.52542 0.461538 0 0 0
1.57627 0.461538 0 0 0
1.62712 0.461538 0 0 0
1.67797 0.461538 0 0 0
1.72881 0.461538 0 0 0
1.77966 0.461538 0 0 0
1.83051 0.461538 0 0 0
1.88136 0.461538 0 0 0
1.9322 0.461538 0 0 0
1.98305 0.461538 0 0 0
2.0339 0.461538 1 0 0
2.08475 0.461538 1 -1.14902e-08 -8.96655e-08
2.13559 0.461538 1 -4.7932e-09 -1.6482e-07
2.18644 0.461538 1 1.3718e-08 -2.18766e-07
2.23729 0.461538 1 3.67351e-08 -2.48246e-07
2.28814 0.461538 1 5.7993e-08 -2.54406e-07
2.33898 0.461538 1 7.34407e-08 -2.41796e-07
2.38983 0.461538 1 8.1467e-08 -2.16548e-07
2.44068 0.461538 1 8.24037e-08 -1.84726e-07
2.49153 0.461538 1 7.77406e-08 -1.51282e-07
2.54237 0.461538 1 6.93902e-08 -1.19659e-07
2.59322 0.461538 1 5.91694e-08 -9.18451e-08
2.64407 0.461538 1 4.85209e-08 -6.86693e-08
2.69492 0.461538 1 3.84247e-08 -5.01568e-08
2.74576 0.461538 1 2.94285e-08 -3.58507e-08
2.79661 0.461538 1 2.17304e-08 -2.50501e-08
2.84746 0.461538 1 1.52702e-08 -1.69542e-08
2.89831 0.461538 1 9.79882e-09 -1.07188e-08
2.94915 0.461538 1 4.91112e-09 -5.43119e-09
3 0.461538 1 0 0

0 0.512821 3 0.5 0
0.0508475 0.512821 2.34557 0.640203 0.0243594
0.101695 0.512821 2.20166 0.685196 0.0525787
0.152542 0.512821 2.13812 0.711306 0.0817098
0.20339 0.512821 2.10067 0.730778 0.108976
0.254237 0.512821 2.07172 0.746896 0.132297
0.305085 0.512821 2.04531 0.759801 0.150441
0.355932 0.512821 2.02054 0.768343 0.162904
0.40678 0.512821 1.99904 0.770767 0.169682
0.457627 0.512821 1.98408 0.764846 0.171052
0.508475 0.512821 1.98036 0.747735 0.167404
0.559322 0.512821 1.99445 0.715758 0.159136
0.610169 0.512821 2.03529 0.66439 0.14661
0.661017 0.512821 2.11543 0.58907 0.130228
0.711864 0.512821 2.24961 0.487549 0.110612
0.762712 0.512821 2.45169 0.364503 0.0889096
0.813559 0.512821 2.71167 0.234816 0.0668041
0.864407 0.512821 2.995 0.122262 0.0457739
0.915254 0.512821 3.21061 0.0440842 0.0249412
0.966102 0.512821 3.30666 0 0
1.01695 0.512821 0 0 0
1.0678 0.512821 0 0 0
1.11864 0.512821 0 0 0
1.16949 0.512821 0 0 0
1.22034 0.512821 0 0 0
1.27119 0.512821 0 0 0
1.32203 0.512821 0 0 0
1.37288 0.512821 0 0 0
1.42373 0.512821 0 0 0
1.47458 0.512821 0 0 0
1.52542 0.512821 0 0 0
1.57627 0.512821 0 0 0
1.62712 0.512821 0 0 0
1.67797 0.512821 0 0 0
1.72881 0.512821 0 0 0
1.77966 0.512821 0 0 0
1.83051 0.512821 0 0 0
1.88136 0.512821 0 0 0
1.9322 0.512821 0 0 0
1.98305 0.512821 0 0 0
2.0339 0.512821 1 0 0
2.08475 0.512821 1 -1.45814e-08 -1.50919e-07
2.13559 0.512821 1 1.65481e-09 -2.77494e-07
2.18644 0.512821 1 3.69745e-08 -3.66309e-07
2.23729 0.512821 1 7.78182e-08 -4.11633e-07
2.28814 0.512821 1 1.13157e-07 -4.16554e-07
2.33898 0.512821 1 1.36578e-07 -3.90274e-07
2.38983 0.512821 1 1.46287e-07 -3.44259e-07
2.44068 0.512821 1 1.43816e-07 -2.89176e-07
2.49153 0.512821 1 1.32405e-07 -2.33233e-07
2.54237 0.512821 1 1.1566e-07 -1.81757e-07
2.59322 0.512821 1 9.67331e-08 -1.37528e-07
2.64407 0.512821 1 7.79459e-08 -1.01432e-07
2.69492 0.512821 1 6.0751e-08 -7.31384e-08
2.74576 0.512821 1 4.58576e-08 -5.1653e-08
2.79661 0.512821 1 3.34184e-08 -3.57009e-08
2.84746 0.512821 1 2.32043e-08 -2.39399e-08
2.89831 0.512821 1 1.47298e-08 -1.50323e-08
2.94915 0.512821 1 7.30985e-09 -7.59103e-09
3 0.512821 1 0 0

0 0.564103 3 0.5 0
0.0508475 0.564103 2.31938 0.647659 0.0212036
0.101695 0.564103 2.1641 0.696392 0.0466548
0.152542 0.564103 2.09252 0.724077 0.0743938
0.20339 0.564103 2.05038 0.743247 0.102081
0.254237 0.564103 2.02008 0.757699 0.127506
0.305085 0.564103 1.99517 0.768158 0.148986
0.355932 0.564103 1.97421 0.77396 0.165502
0.40678 0.564103 1.95831 0.773667 0.176605
0.457627 0.564103 1.94997 0.765222 0.18224
0.508475 0.564103 1.95279 0.745825 0.182588
0.559322 0.564103 1.9723 0.711771 0.177976
0.610169 0.564103 2.01691 0.658527 0.168848
0.661017 0.564103 2.09914 0.58166 0.155784
0.711864 0.564103 2.23391 0.479268 0.139504
0.762712 0.564103 2.43477 0.356483 0.120829
0.813559 0.564103 2.69147 0.228429 0.100151
0.864407 0.564103 2.96891 0.118377 0.076436
0.915254 0.564103 3.1794 0.0426949 0.0454344
0.966102 0.564103 3.27024 0 0
1.01695 0.564103 0 0 0
1.0678 0.564103 0 0 0
1.11864 0.564103 0 0 0
1.16949 0.564103 0 0 0
1.22034 0.564103 0 0 0
1.27119 0.564103 0 0 0
1.32203 0.564103 0 0 0
1.37288 0.564103 0 0 0
1.42373 0.564103 0 0 0
1.47458 0.564103 0 0 0
1.52542 0.564103 0 0 0
1.57627 0.564103 0 0 0
1.62712 0.564103 0 0 0
1.67797 0.564103 0 0 0
1.72881 0.564103 0 0 0
1.77966 0.564103 0 0 0
1.83051 0.564103 0 0 0
1.88136 0.564103 0 0 0
1.9322 0.564103 0 0 0
1.98305 0.564103 0 0 0
2.0339 0.564103 1 0 0
2.08475 0.564103 1 -1.48795e-08 -2.5463e-07
2.13559 0.564103 1 2.24418e-08 -4.67905e-07
2.18644 0.564103 1 8.96916e-08 -6.12967e-07
2.23729 0.564103 1 1.61509e-07 -6.80298e-07
2.28814 0.564103 1 2.1882e-07 -6.77958e-07
2.33898 0.564103 1 2.52164e-07 -6.24593e-07
2.38983 0.564103 1 2.60642e-07 -5.41474e-07
2.44068 0.564103 1 2.48762e-07 -4.47049e-07
2.49153 0.564103 1 2.23224e-07 -3.54557e-07
2.54237 0.564103 1 1.90619e-07 -2.71888e-07
2.59322 0.564103 1 1.56218e-07 -2.02602e-07
2.64407 0.564103 1 1.23592e-07 -1.47285e-07
2.69492 0.564103 1 9.47437e-08 -1.04775e-07
2.74576 0.564103 1 7.04524e-08 -7.30755e-08
2.79661 0.564103 1 5.06513e-08 -4.99398e-08
2.84746 0.564103 1 3.47445e-08 -3.31675e-08
2.89831 0.564103 1 2.18155e-08 -2.06788e-08
2.94915 0.564103 1 1.07192e-08 -1.0405e-08
3 0.564103 1 0 0

0 0.615385 3 0.5 0
0.0508475 0.615385 2.29711 0.654357 0.0188128
0.101695 0.615385 2.13158 0.706925 0.0424559
0.152542 0.615385 2.05152 0.736619 0.0696712
0.20339 0.615385 2.00288 0.755881 0.0982908
0.254237 0.615385 1.96836 0.76878 0.125869
0.305085 0.615385 1.94091 0.776589 0.15027
0.355932 0.615385 1.91771 0.779188 0.16999
0.40678 0.615385 1.89878 0.775494 0.184246
0.457627 0.615385 1.88708 0.763605 0.192894
0.508475 0.615385 1.88808 0.740824 0.196226
0.559322 0.615385 1.9091 0.703631 0.194741
0.610169 0.615385 1.95888 0.647818 0.189004
0.661017 0.615385 2.04853 0.569394 0.179614
0.711864 0.615385 2.19046 0.466949 0.167128
0.762712 0.615385 2.39513 0.345887 0.151777
0.813559 0.615385 2.65084 0.221052 0.132549
0.864407 0.615385 2.92246 0.114567 0.106019
0.915254 0.615385 3.12735 0.0415866 0.0649866
0.966102 0.615385 3.21382 0 0
1.01695 0.615385 0 0 0
1.0678 0.615385 0 0 0
1.11864 0.615385 0 0 0
1.16949 0.615385 0 0 0
1.22034 0.615385 0 0 0
1.27119 0.615385 0 0 0
1.32203 0.615385 0 0 0
1.37288 0.615385 0 0 0
1.42373 0.615385 0 0 0
1.47458 0.615385 0 0 0
1.52542 0.615385 0 0 0
1.57627 0.615385 0 0 0
1.62712 0.615385 0 0 0
1.67797 0.615385 0 0 0
1.72881 0.615385 0 0 0
1.77966 0.615385 0 0 0
1.83051 0.615385 0 0 0
1.88136 0.615385 0 0 0
1.9322 0.615385 0 0 0
1.98305 0.615385 0 0 0
2.0339 0.615385 1 0 0
2.08475 0.615385 1 -5.19461e-09 -4.31742e-07
2.13559 0.615385 1 7.79584e-08 -7.91425e-07
2.18644 0.615385 1 2.05568e-07 -1.0256e-06
2.23729 0.615385 1 3.30033e-07 -1.12017e-06
2.28814 0.615385 1 4.19467e-07 -1.09562e-06
2.33898 0.615385 1 4.61779e-07 -9.89601e-07
2.38983 0.615385 1 4.6014e-07 -8.41055e-07
2.44068 0.615385 1 4.25775e-07 -6.81119e-07
2.49153 0.615385 1 3.71909e-07 -5.30342e-07
2.54237 0.615385 1 3.10113e-07 -3.99681e-07
2.59322 0.615385 1 2.48803e-07 -2.93021e-07
2.64407 0.615385 1 1.93124e-07 -2.09809e-07
2.69492 0.615385 1 1.4553e-07 -1.47166e-07
2.74576 0.615385 1 1.06563e-07 -1.01321e-07
2.79661 0.615385 1 7.55616e-08 -6.84418e-08
2.84746 0.615385 1 5.11969e-08 -4.50081e-08
2.89831 0.615385 1 3.17951e-08 -2.78556e-08
2.94915 0.615385 1 1.54687e-08 -1.39638e-08
3 0.615385 1 0 0

0 0.666667 3 0.5 0
0.0508475 0.666667 2.27865 0.660373 0.0168449
0.101695 0.666667 2.10392 0.716804 0.0397686
0.152542 0.666667 2.01586 0.748605 0.0679027
0.20339 0.666667 1.96178 0.767811 0.0988151
0.254237 0.666667 1.92602 0.778595 0.129648
0.305085 0.666667 1.9033 0.782718 0.157968
0.355932 0.666667 1.89227 0.780786 0.182054
0.40678 0.666667 1.89203 0.772552 0.200804
0.457627 0.666667 1.9007 0.756815 0.213617
0.508475 0.666667 1.91706 0.731196 0.220379
0.559322 0.666667 1.94367 0.69212 0.221461
0.610169 0.666667 1.98867 0.635228 0.217642
0.661017 0.666667 2.0657 0.556588 0.209914
0.711864 0.666667 2.19061 0.455122 0.199093
0.762712 0.666667 2.37612 0.33649 0.185127
0.813559 0.666667 2.61264 0.215211 0.165792
0.864407 0.666667 2.86674 0.112168 0.135418
0.915254 0.666667 3.06022 0.0412752 0.0840516
0.966102 0.666667 3.14148 0 0
1.01695 0.666667 0 0 0
1.0678 0.666667 0 0 0
1.11864 0.666667 0 0 0
1.16949 0.666667 0 0 0
1.22034 0.666667 0 0 0
1.27119 0.666667 0 0 0
1.32203 0.666667 0 0 0
1.37288 0.666667 0 0 0
1.42373 0.666667 0 0 0
1.47458 0.666667 0 0 0
1.52542 0.666667 0 0 0
1.57627 0.666667 0 0 0
1.62712 0.666667 0 0 0
1.67797 0.666667 0 0 0
1.72881 0.666667 0 0 0
1.77966 0.666667 0 0 0
1.83051 0.666667 0 0 0
1.88136 0.666667 0 0 0
1.9322 0.666667 0 0 0
1.98305 0.666667 0 0 0
2.0339 0.666667 1 0 0
2.08475 0.666667 1 3.28417e-08 -7.38326e-07
2.13559 0.666667 1 2.14724e-07 -1.34538e-06
2.18644 0.666667 1 4.55361e-07 -1.71646e-06
2.23729 0.666667 1 6.66004e-07 -1.83619e-06
2.28814 0.666667 1 7.96801e-07 -1.75524e-06
2.33898 0.666667 1 8.37528e-07 -1.54892e-06
2.38983 0.666667 1 8.0339e-07 -1.28697e-06
2.44068 0.666667 1 7.19637e-07 -1.02012e-06
2.49153 0.666667 1 6.11078e-07 -7.78529e-07
2.54237 0.666667 1 4.97018e-07 -5.7591e-07
2.59322 0.666667 1 3.90048e-07 -4.15033e-07
2.64407 0.666667 1 2.96858e-07 -2.9251e-07
2.69492 0.666667 1 2.19799e-07 -2.02218e-07
2.74576 0.666667 1 1.58436e-07 -1.37392e-07
2.79661 0.666667 1 1.10784e-07 -9.17138e-08
2.84746 0.666667 1 7.41383e-08 -5.97081e-08
2.89831 0.666667 1 4.55427e-08 -3.66774e-08
2.94915 0.666667 1 2.19411e-08 -1.83152e-08
3 0.666667 1 0 0

0 0.717949 3 0.5 0
0.0508475 0.717949 2.26379 0.665821 0.0146805
0.101695 0.717949 2.07801 0.726373 0.0380119
0.152542 0.717949 1.97636 0.760481 0.0684997
0.20339 0.717949 1.90671 0.779724 0.102337
0.254237 0.717949 1.8527 0.7887 0.135575
0.305085 0.717949 1.80609 0.789874 0.165242
0.355932 0.717949 1.76343 0.784188 0.189737
0.40678 0.717949 1.72786 0.771291 0.208688
0.457627 0.717949 1.70803 0.749964 0.222412
0.508475 0.717949 1.71321 0.718379 0.231333
0.559322 0.717949 1.74966 0.67403 0.235783
0.610169 0.717949 1.82095 0.613736 0.236132
0.661017 0.717949 1.93116 0.534445 0.232879
0.711864 0.717949 2.08609 0.435418 0.226324
0.762712 0.717949 2.2908 0.321841 0.215655
0.813559 0.717949 2.53357 0.206807 0.197326
0.864407 0.717949 2.78364 0.109039 0.16363
0.915254 0.717949 2.9711 0.0408951 0.102341
0.966102 0.717949 3.0496 0 0
1.01695 0.717949 0 0 0
1.0678 0.717949 0 0 0
1.11864 0.717949 0 0 0
1.16949 0.717949 0 0 0
1.22034 0.717949 0 0 0
1.27119 0.717949 0 0 0
1.32203 0.717949 0 0 0
1.37288 0.717949 0 0 0
1.42373 0.717949 0 0 0
1.47458 0.717949 0 0 0
1.52542 0.717949 0 0 0
1.57627 0.717949 0 0 0
1.62712 0.717949 0 0 0
1.67797 0.717949 0 0 0
1.72881 0.717949 0 0 0
1.77966 0.717949 0 0 0
1.83051 0.717949 0 0 0
1.88136 0.717949 0 0 0
1.9322 0.717949 0 0 0
1.98305 0.717949 0 0 0
2.0339 0.717949 1 0 0
2.08475 0.717949 1 1.44979e-07 -1.27989e-06
2.13559 0.717949 1 5.38731e-07 -2.30367e-06
2.18644 0.717949 1 9.87114e-07 -2.87343e-06
2.23729 0.717949 1 1.32929e-06 -2.99173e-06
2.28814 0.717949 1 1.49807e-06 -2.78065e-06
2.33898 0.717949 1 1.50125e-06 -2.38778e-06
2.38983 0.717949 1 1.3838e-06 -1.93378e-06
2.44068 0.717949 1 1.19804e-06 -1.49699e-06
2.49153 0.717949 1 9.8772e-07 -1.11802e-06
2.54237 0.717949 1 7.82875e-07 -8.1092e-07
2.59322 0.717949 1 6.00557e-07 -5.74027e-07
2.64407 0.717949 1 4.47957e-07 -3.98039e-07
2.69492 0.717949 1 3.25798e-07 -2.71135e-07
2.74576 0.717949 1 2.31147e-07 -1.81768e-07
2.79661 0.717949 1 1.59375e-07 -1.199e-07
2.84746 0.717949 1 1.05351e-07 -7.72742e-08
2.89831 0.717949 1 6.40239e-08 -4.71114e-08
2.94915 0.717949 1 3.05504e-08 -2.34333e-08
3 0.717949 1 0 0

0 0.769231 3 0.5 0
0.0508475 0.769231 2.26092 0.669778 0.0124173
0.101695 0.769231 2.06982 0.733833 0.0394907
0.152542 0.769231 1.9684 0.768286 0.077234
0.20339 0.769231 1.91234 0.784353 0.119338
0.254237 0.769231 1.8905 0.787563 0.160673
0.305085 0.769231 1.89704 0.781954 0.197783
0.355932 0.769231 1.92252 0.770426 0.228372
0.40678 0.769231 1.95209 0.754218 0.251099
0.457627 0.769231 1.97193 0.732404 0.265735
0.508475 0.769231 1.97829 0.702119 0.273135
0.559322 0.769231 1.98019 0.659482 0.274846
0.610169 0.769231 1.99461 0.600606 0.272582
0.661017 0.769231 2.04072 0.522691 0.26773
0.711864 0.769231 2.135 0.425781 0.260751
0.762712 0.769231 2.28737 0.315524 0.25015
0.813559 0.769231 2.48799 0.204455 0.230849
0.864407 0.769231 2.70683 0.109704 0.192739
0.915254 0.769231 2.87595 0.0422255 0.121156
0.966102 0.769231 2.9488 0 0
1.01695 0.769231 0 0 0
1.0678 0.769231 0 0 0
1.11864 0.769231 0 0 0
1.16949 0.769231 0 0 0
1.22034 0.769231 0 0 0
1.27119 0.769231 0 0 0
1.32203 0.769231 0 0 0
1.37288 0.769231 0 0 0
1.42373 0.769231 0 0 0
1.47458 0.769231 0 0 0
1.52542 0.769231 0 0 0
1.57627 0.769231 0 0 0
1.62712 0.769231 0 0 0
1.67797 0.769231 0 0 0
1.72881 0.769231 0 0 0
1.77966 0.769231 0 0 0
1.83051 0.769231 0 0 0
1.88136 0.769231 0 0 0
1.9322 0.769231 0 0 0
1.98305 0.769231 0 0 0
2.0339 0.769231 1 0 0
2.08475 0.769231 1 4.457e-07 -2.26487e-06
2.13559 0.769231 1 1.29342e-06 -3.98197e-06
2.18644 0.769231 1 2.10935e-06 -4.80711e-06
2.23729 0.769231 1 2.62417e-06 -4.83155e-06
2.28814 0.769231 1 2.78141e-06 -4.33958e-06
2.33898 0.769231 1 2.65136e-06 -3.6102e-06
2.38983 0.769231 1 2.34378e-06 -2.84105e-06
2.44068 0.769231 1 1.95822e-06 -2.14346e-06
2.49153 0.769231 1 1.56581e-06 -1.56447e-06
2.54237 0.769231 1 1.20857e-06 -1.11169e-06
2.59322 0.769231 1 9.05866e-07 -7.72625e-07
2.64407 0.769231 1 6.62067e-07 -5.27004e-07
2.69492 0.769231 1 4.72957e-07 -3.5371e-07
2.74576 0.769231 1 3.3029e-07 -2.33998e-07
2.79661 0.769231 1 2.24594e-07 -1.52549e-07
2.84746 0.769231 1 1.46677e-07 -9.73424e-08
2.89831 0.769231 1 8.82089e-08 -5.89057e-08
2.94915 0.769231 1 4.17021e-08 -2.91852e-08
3 0.769231 1 0 0

0 0.820513 3 0.5 0
0.0508475 0.820513 2.24624 0.674346 0.00501636
0.101695 0.820513 2.00542 0.743974 0.0360744
0.152542 0.820513 1.83545 0.780248 0.0788619
0.20339 0.820513 1.69473 0.795113 0.122683
0.254237 0.820513 1.57442 0.795241 0.162831
0.305085 0.820513 1.477 0.784639 0.198705
0.355932 0.820513 1.41206 0.76549 0.230595
0.40678 0.820513 1.38923 0.739146 0.257609
0.457627 0.820513 1.41129 0.706402 0.278139
0.508475 0.820513 1.47284 0.667026 0.291362
0.559322 0.820513 1.56439 0.619308 0.297888
0.610169 0.820513 1.67817 0.560283 0.299314
0.661017 0.820513 1.81256 0.486914 0.297328
0.711864 0.820513 1.97175 0.398245 0.292681
0.762712 0.820513 2.16129 0.298232 0.283646
0.813559 0.820513 2.37432 0.196938 0.264193
0.864407 0.820513 2.58973 0.108885 0.221992
0.915254 0.820513 2.7482 0.0431617 0.140202
0.966102 0.820513 2.82406 0 0
1.01695 0.820513 0 0 0
1.0678 0.820513 0 0 0
1.11864 0.820513 0 0 0
1.16949 0.820513 0 0 0
1.22034 0.820513 0 0 0
1.27119 0.820513 0 0 0
1.32203 0.820513 0 0 0
1.37288 0.820513 0 0 0
1.42373 0.820513 0 0 0
1.47458 0.820513 0 0 0
1.52542 0.820513 0 0 0
1.57627 0.820513 0 0 0
1.62712 0.820513 0 0 0
1.67797 0.820513 0 0 0
1.72881 0.820513 0 0 0
1.77966 0.820513 0 0 0
1.83051 0.820513 0 0 0
1.88136 0.820513 0 0 0
1.9322 0.820513 0 0 0
1.98305 0.820513 0 0 0
2.0339 0.820513 0.999999 0 0
2.08475 0.820513 1 1.23114e-06 -4.12873e-06
2.13559 0.820513 1 3.04651e-06 -6.95962e-06
2.18644 0.820513 1 4.45978e-06 -8.01534e-06
2.23729 0.820513 1 5.11421e-06 -7.6967e-06
2.28814 0.820513 1 5.08076e-06 -6.63366e-06
2.33898 0.820513 1 4.59409e-06 -5.32218e-06
2.38983 0.820513 1 3.88707e-06 -4.05818e-06
2.44068 0.820513 1 3.13022e-06 -2.97892e-06
2.49153 0.820513 1 2.4258e-06 -2.12294e-06
2.54237 0.820513 1 1.82271e-06 -1.47733e-06
2.59322 0.820513 1 1.33479e-06 -1.00804e-06
2.64407 0.820513 1 9.55995e-07 -6.76474e-07
2.69492 0.820513 1 6.7094e-07 -4.47503e-07
2.74576 0.820513 1 4.61341e-07 -2.92255e-07
2.79661 0.820513 1 3.09492e-07 -1.88377e-07
2.84746 0.820513 1 1.99767e-07 -1.19056e-07
2.89831 0.820513 1 1.18934e-07 -7.15282e-08
2.94915 0.820513 1 5.57324e-08 -3.53039e-08
3 0.820513 1 0 0

0 0.871795 3 0.5 0
0.0508475 0.871795 2.40408 0.662554 0.0132074
0.101695 0.871795 2.22409 0.730351 0.0723481
0.152542 0.871795 2.15929 0.757725 0.141662
0.20339 0.871795 2.16025 0.763199 0.203195
0.254237 0.871795 2.18386 0.758572 0.250387
0.305085 0.871795 2.18895 0.749524 0.282748
0.355932 0.871795 2.1532 0.736334 0.302833
0.40678 0.871795 2.08372 0.716741 0.314271
0.457627 0.871795 2.00427 0.688852 0.320345
0.508475 0.871795 1.93718 0.651748 0.323319
0.559322 0.871795 1.89689 0.604541 0.324493
0.610169 0.871795 1.89173 0.545752 0.324587
0.661017 0.871795 1.92799 0.47388 0.323934
0.711864 0.871795 2.00973 0.388919 0.321996
0.762712 0.871795 2.13986 0.294643 0.315894
0.813559 0.871795 2.30592 0.199137 0.298078
0.864407 0.871795 2.49162 0.11429 0.253791
0.915254 0.871795 2.63228 0.0468955 0.163405
0.966102 0.871795 2.70374 0 0
1.01695 0.871795 0 0 0
1.0678 0.871795 0 0 0
1.11864 0.871795 0 0 0
1.16949 0.871795 0 0 0
1.22034 0.871795 0 0 0
1.27119 0.871795 0 0 0
1.32203 0.871795 0 0 0
1.37288 0.871795 0 0 0
1.42373 0.871795 0 0 0
1.47458 0.871795 0 0 0
1.52542 0.871795 0 0 0
1.57627 0.871795 0 0 0
1.62712 0.871795 0 0 0
1.67797 0.871795 0 0 0
1.72881 0.871795 0 0 0
1.77966 0.871795 0 0 0
1.83051 0.871795 0 0 0
1.88136 0.871795 0 0 0
1.9322 0.871795 0 0 0
1.98305 0.871795 0 0 0
2.0339 0.871795 0.999997 0 0
2.08475 0.871795 1 3.32321e-06 -7.85158e-06
2.13559 0.871795 1.00001 7.14457e-06 -1.22972e-05
2.18644 0.871795 1.00001 9.32891e-06 -1.32405e-05
2.23729 0.871795 1.00001 9.79442e-06 -1.19954e-05
2.28814 0.871795 1.00001 9.07796e-06 -9.84805e-06
2.33898 0.871795 1.00001 7.76452e-06 -7.58849e-06
2.38983 0.871795 1 6.27864e-06 -5.59473e-06
2.44068 0.871795 1 4.87018e-06 -3.99225e-06
2.49153 0.871795 1 3.6575e-06 -2.77754e-06
2.54237 0.871795 1 2.67594e-06 -1.89345e-06
2.59322 0.871795 1 1.9154e-06 -1.26911e-06
2.64407 0.871795 1 1.34506e-06 -8.38486e-07
2.69492 0.871795 1 9.2797e-07 -5.47104e-07
2.74576 0.871795 1 6.28639e-07 -3.52984e-07
2.79661 0.871795 1 4.16306e-07 -2.25107e-07
2.84746 0.871795 1 2.65739e-07 -1.40993e-07
2.89831 0.871795 1 1.56715e-07 -8.4136e-08
2.94915 0.871795 1 7.28308e-08 -4.13765e-08
3 0.871795 1 0 0

0 0.923077 3 0.5 0
0.0508475 0.923077 1.85943 0.678113 -0.0704756
0.101695 0.923077 1.36855 0.741943 0.0149998
0.152542 0.923077 1.12383 0.756974 0.116357
0.20339 0.923077 1.01918 0.746925 0.20653
0.254237 0.923077 1.00559 0.724566 0.277517
0.305085 0.923077 1.05615 0.697544 0.327484
0.355932 0.923077 1.14881 0.669913 0.357782
0.40678 0.923077 1.26123 0.64266 0.37239
0.457627 0.923077 1.37487 0.614465 0.376431
0.508475 0.923077 1.48006 0.582699 0.374512
0.559322 0.923077 1.57642 0.544287 0.370009
0.610169 0.923077 1.67009 0.496351 0.365149
0.661017 0.923077 1.77015 0.436891 0.361122
0.711864 0.923077 1.88629 0.36577 0.357775
0.762712 0.923077 2.02362 0.285935 0.351764
0.813559 0.923077 2.17841 0.203287 0.335003
0.864407 0.923077 2.33421 0.126093 0.288226
0.915254 0.923077 2.42726 0.0528385 0.189749
0.966102 0.923077 2.56282 0 0
1.01695 0.923077 0 0 0
1.0678 0.923077 0 0 0
1.11864 0.923077 0 0 0
1.16949 0.923077 0 0 0
1.22034 0.923077 0 0 0
1.27119 0.923077 0 0 0
1.32203 0.923077 0 0 0
1.37288 0.923077 0 0 0
1.42373 0.923077 0 0 0
1.47458 0.923077 0 0 0
1.52542 0.923077 0 0 0
1.57627 0.923077 0 0 0
1.62712 0.923077 0 0 0
1.67797 0.923077 0 0 0
1.72881 0.923077 0 0 0
1.77966 0.923077 0 0 0
1.83051 0.923077 0 0 0
1.88136 0.923077 0 0 0
1.9322 0.923077 0 0 0
1.98305 0.923077 0 0 0
2.0339 0.923077 0.999986 0 0
2.08475 0.923077 1.00001 9.2967e-06 -1.56722e-05
2.13559 0.923077 1.00001 1.68265e-05 -2.18156e-05
2.18644 0.923077 1.00001 1.9203e-05 -2.13859e-05
2.23729 0.923077 1.00001 1.82746e-05 -1.80384e-05
2.28814 0.923077 1.00001 1.57283e-05 -1.40199e-05
2.33898 0.923077 1.00001 1.27014e-05 -1.03508e-05
2.38983 0.923077 1.00001 9.81224e-06 -7.37533e-06
2.44068 0.923077 1 7.33426e-06 -5.11877e-06
2.49153 0.923077 1 5.34208e-06 -3.48035e-06
2.54237 0.923077 1 3.80952e-06 -2.32704e-06
2.59322 0.923077 1 2.66811e-06 -1.53413e-06
2.64407 0.923077 1 1.83902e-06 -9.99165e-07
2.69492 0.923077 1 1.24849e-06 -6.43825e-07
2.74576 0.923077 1 8.34051e-07 -4.1083e-07
2.79661 0.923077 1 5.45718e-07 -2.59477e-07
2.84746 0.923077 1 3.44766e-07 -1.61199e-07
2.89831 0.923077 1 2.01547e-07 -9.56023e-08
2.94915 0.923077 1 9.29553e-08 -4.68595e-08
3 0.923077 1 0 0

0 0.974359 3 0.5 0
0.0508475 0.974359 4.90051 0.479744 0.210571
0.101695 0.974359 3.73034 0.649026 0.273065
0.152542 0.974359 2.96937 0.70812 0.295224
0.20339 0.974359 2.43342 0.716877 0.3098
0.254237 0.974359 2.0678 0.699171 0.324872
0.305085 0.974359 1.83245 0.669399 0.340638
0.355932 0.974359 1.69585 0.63613 0.355173
0.40678 0.974359 1.62916 0.603454 0.366715
0.457627 0.974359 1.60811 0.571856 0.374486
0.508475 0.974359 1.61604 0.53947 0.378731
0.559322 0.974359 1.64435 0.503466 0.380446
0.610169 0.974359 1.69 0.461076 0.38102
0.661017 0.974359 1.75484 0.410515 0.38168
0.711864 0.974359 1.83898 0.351366 0.382785
0.762712 0.974359 1.95101 0.286069 0.381853
0.813559 0.974359 2.06952 0.216646 0.371867
0.864407 0.974359 2.24702 0.150145 0.334975
0.915254 0.974359 2.31724 0.0701604 0.238768
0.966102 0.974359 2.78593 0 0
1.01695 0.974359 0 0 0
1.0678 0.974359 0 0 0
1.11864 0.974359 0 0 0
1.16949 0.974359 0 0 0
1.22034 0.974359 0 0 0
1.27119 0.974359 0 0 0
1.32203 0.974359 0 0 0
1.37288 0.974359 0 0 0
1.42373 0.974359 0 0 0
1.47458 0.974359 0 0 0
1.52542 0.974359 0 0 0
1.57627 0.974359 0 0 0
1.62712 0.974359 0 0 0
1.67797 0.974359 0 0 0
1.72881 0.974359 0 0 0
1.77966 0.974359 0 0 0
1.83051 0.974359 0 0 0
1.88136 0.974359 0 0 0
1.9322 0.974359 0 0 0
1.98305 0.974359 0 0 0
2.0339 0.974359 0.999934 0 0
2.08475 0.974359 1.00001 2.88249e-05 -3.42391e-05
2.13559 0.974359 1.00002 3.93908e-05 -3.82578e-05
2.18644 0.974359 1.00002 3.82518e-05 -3.29662e-05
2.23729 0.974359 1.00002 3.27162e-05 -2.56085e-05
2.28814 0.974359 1.00002 2.60968e-05 -1.8804e-05
2.33898 0.974359 1.00001 1.99115e-05 -1.3318e-05
2.38983 0.974359 1.00001 1.4721e-05 -9.19337e-06
2.44068 0.974359 1.00001 1.0625e-05 -6.22264e-06
2.49153 0.974359 1 7.5216e-06 -4.14558e-06
2.54237 0.974359 1 5.23842e-06 -2.72527e-06
2.59322 0.974359 1 3.5965e-06 -1.77104e-06
2.64407 0.974359 1 2.43713e-06 -1.13928e-06
2.69492 0.974359 1 1.63051e-06 -7.26219e-07
2.74576 0.974359 1 1.07557e-06 -4.59018e-07
2.79661 0.974359 1 6.96113e-07 -2.87502e-07
2.84746 0.974359 1 4.35699e-07 -1.77349e-07
2.89831 0.974359 1 2.52707e-07 -1.04617e-07
2.94915 0.974359 1 1.1576e-07 -5.11287e-08
3 0.974359 1 0 0

0 1.02564 0.00353024 0 0
0.0508475 1.02564 0.269499 0.177025 0.442812
0.101695 1.02564 0.715928 0.314229 0.511166
0.152542 1.02564 1.02256 0.416758 0.501977
0.20339 1.02564 1.2031 0.481022 0.476205
0.254237 1.02564 1.31249 0.513745 0.451871
0.305085 1.02564 1.38224 0.524842 0.433802
0.355932 1.02564 1.43089 0.522465 0.422087
0.40678 1.02564 1.46976 0.512056 0.415
0.457627 1.02564 1.50551 0.496396 0.410543
0.508475 1.02564 1.54234 0.476164 0.407326
0.559322 1.02564 1.58376 0.450832 0.404867
0.610169 1.02564 1.63262 0.419537 0.403438
0.661017 1.02564 1.69221 0.382029 0.403602
0.711864 1.02564 1.76209 0.339211 0.405304
0.762712 1.02564 1.84391 0.294503 0.406695
0.813559 1.02564 1.91603 0.252182 0.401433
0.864407 1.02564 1.97693 0.220184 0.378179
0.915254 1.02564 1.91521 0.194731 0.311954
0.966102 1.02564 1.78113 0.170948 0.18758
1.01695 1.02564 0.769958 0 0
1.0678 1.02564 1.02223 0 0
1.11864 1.02564 1.04897 0 0
1.16949 1.02564 1.04421 0 0
1.22034 1.02564 1.03585 0 0
1.27119 1.02564 1.02804 0 0
1.32203 1.02564 1.02148 0 0
1.37288 1.02564 1.0162 0 0
1.42373 1.02564 1.01206 0 0
1.47458 1.02564 1.00888 0 0
1.52542 1.02564 1.00647 0 0
1.57627 1.02564 1.00467 0 0
1.62712 1.02564 1.00334 0 0
1.67797 1.02564 1.00237 0 0
1.72881 1.02564 1.00167 0 0
1.77966 1.02564 1.00117 0 0
1.83051 1.02564 1.00081 0 0
1.88136 1.02564 1.00056 0 0
1.9322 1.02564 1.00039 0 0
1.98305 1.02564 1.00029 0 0
2.0339 1.02564 1.00002 0.00010085 -6.49176e-05
2.08475 1.02564 1.00006 0.000101595 -7.08757e-05
2.13559 1.02564 1.00005 8.93139e-05 -5.9822e-05
2.18644 1.02564 1.00004 7.18129e-05 -4.56425e-05
2.23729 1.02564 1.00003 5.50352e-05 -3.30656e-05
2.28814 1.02564 1.00002 4.08294e-05 -2.31886e-05
2.33898 1.02564 1.00002 2.95768e-05 -1.58929e-05
2.38983 1.02564 1.00001 2.10263e-05 -1.0702e-05
2.44068 1.02564 1.00001 1.47162e-05 -7.10372e-06
2.49153 1.02564 1.00001 1.01619e-05 -4.658e-06
2.54237 1.02564 1 6.93323e-06 -3.02182e-06
2.59322 1.02564 1 4.67844e-06 -1.9417e-06
2.64407 1.02564 1 3.12383e-06 -1.23687e-06
2.69492 1.02564 1 2.06351e-06 -7.81659e-07
2.74576 1.02564 1 1.3463e-06 -4.90291e-07
2.79661 1.02564 1 8.63083e-07 -3.05015e-07
2.84746 1.02564 1 5.35831e-07 -1.87063e-07
2.89831 1.02564 1 3.08658e-07 -1.09859e-07
2.94915 1.02564 1 1.40555e-07 -5.35604e-08
3 1.02564 1 0 0

0 1.07692 0.596482 0 0
0.0508475 1.07692 0.5925 0.0681521 0.178172
0.101695 1.07692 0.872757 0.154691 0.303458
0.152542 1.07692 1.04216 0.247283 0.373197
0.20339 1.07692 1.15642 0.31936 0.406392
0.254237 1.07692 1.24022 0.368345 0.420201
0.305085 1.07692 1.30572 0.398199 0.424715
0.355932 1.07692 1.35999 0.413863 0.42519
0.40678 1.07692 1.40735 0.419408 0.424013
0.457627 1.07692 1.45079 0.417471 0.422107
0.508475 1.07692 1.49287 0.409371 0.419899
0.559322 1.07692 1.53616 0.395606 0.417866
0.610169 1.07692 1.58277 0.376458 0.416642
0.661017 1.07692 1.63462 0.352714 0.416801
0.711864 1.07692 1.69044 0.326118 0.418086
0.762712 1.07692 1.74882 0.300218 0.418506
0.813559 1.07692 1.79261 0.278964 0.411978
0.864407 1.07692 1.82078 0.267933 0.388177
0.915254 1.07692 1.75572 0.261575 0.328808
0.966102 1.07692 1.69987 0.256393 0.223322
1.01695 1.07692 1.29103 0.195904 0.0649697
1.0678 1.07692 1.18747 0.13408 0.0226469
1.11864 1.07692 1.12059 0.0952134 0.00717879
1.16949 1.07692 1.08394 0.0686712 0.000441963
1.22034 1.07692 1.0606 0.0502082 -0.00241612
1.27119 1.07692 1.04453 0.0369909 -0.00339446
1.32203 1.07692 1.03288 0.0273343 -0.00347108
1.37288 1.07692 1.02425 0.0201926 -0.00314573
1.42373 1.07692 1.01782 0.0148813 -0.00267402
1.47458 1.07692 1.01301 0.0109266 -0.00218334
1.52542 1.07692 1.00944 0.00798672 -0.00173303
1.57627 1.07692 1.00681 0.00580858 -0.00134636
1.62712 1.07692 1.00488 0.00420187 -0.00102801
1.67797 1.07692 1.00347 0.00302269 -0.000773555
1.72881 1.07692 1.00245 0.00216209 -0.000574721
1.77966 1.07692 1.00172 0.00153782 -0.000422213
1.83051 1.07692 1.0012 0.00108814 -0.000307175
1.88136 1.07692 1.00083 0.000767193 -0.000222005
1.9322 1.07692 1.00056 0.000541804 -0.000161158
1.98305 1.07692 1.00037 0.000390297 -0.000123956
2.0339 1.07692 1.00021 0.000299615 -0.000122652
2.08475 1.07692 1.00015 0.000221811 -9.9077e-05
2.13559 1.07692 1.0001 0.000162406 -7.48012e-05
2.18644 1.07692 1.00007 0.00011728 -5.39112e-05
2.23729 1.07692 1.00005 8.36495e-05 -3.77011e-05
2.28814 1.07692 1.00003 5.89658e-05 -2.57959e-05
2.33898 1.07692 1.00002 4.11114e-05 -1.73551e-05
2.38983 1.07692 1.00002 2.8369e-05 -1.15164e-05
2.44068 1.07692 1.00001 1.93867e-05 -7.55279e-06
2.49153 1.07692 1.00001 1.31267e-05 -4.90245e-06
2.54237 1.07692 1 8.80989e-06 -3.15269e-06
2.59322 1.07692 1 5.86208e-06 -2.0103e-06
2.64407 1.07692 1 3.8672e-06 -1.27184e-06
2.69492 1.07692 1 2.52792e-06 -7.98819e-07
2.74576 1.07692 1 1.63429e-06 -4.98257e-07
2.79661 1.07692 1 1.03942e-06 -3.08407e-07
2.84746 1.07692 1 6.40916e-07 -1.88311e-07
2.89831 1.07692 1 3.67067e-07 -1.10214e-07
2.94915 1.07692 1 1.66323e-07 -5.36327e-08
3 1.07692 1 0 0

0 1.12821 0.880511 0 0
0.0508475 1.12821 0.896989 0.0308291 0.0871136
0.101695 1.12821 1.02028 0.0824477 0.195405
0.152542 1.12821 1.09931 0.148702 0.280412
0.20339 1.12821 1.16836 0.209141 0.337675
0.254237 1.12821 1.22815 0.25782 0.373932
0.305085 1.12821 1.28125 0.293877 0.39605
0.355932 1.12821 1.32937 0.318805 0.409114
0.40678 1.12821 1.37376 0.334619 0.416423
0.457627 1.12821 1.41557 0.343018 0.420033
0.508475 1.12821 1.45608 0.345176 0.421341
0.559322 1.12821 1.49669 0.341917 0.421459
0.610169 1.12821 1.53848 0.334061 0.421316
0.661017 1.12821 1.58201 0.322867 0.421486
0.711864 1.12821 1.62546 0.310308 0.421581
0.762712 1.12821 1.66595 0.299427 0.419532
0.813559 1.12821 1.69084 0.293146 0.41
0.864407 1.12821 1.69738 0.294473 0.384908
0.915254 1.12821 1.63634 0.298005 0.331777
0.966102 1.12821 1.57168 0.299241 0.248373
1.01695 1.12821 1.30975 0.265644 0.133621
1.0678 1.12821 1.21592 0.206319 0.068705
1.11864 1.12821 1.15408 0.156967 0.0335459
1.16949 1.12821 1.11148 0.118373 0.0150292
1.22034 1.12821 1.08118 0.0888391 0.00543383
1.27119 1.12821 1.05933 0.0664148 0.000648872
1.32203 1.12821 1.04341 0.0494614 -0.00155024
1.37288 1.12821 1.03173 0.0366853 -0.00238028
1.42373 1.12821 1.02313 0.0270888 -0.00251131
1.47458 1.12821 1.0168 0.0199076 -0.00231146
1.52542 1.12821 1.01215 0.0145565 -0.00198005
1.57627 1.12821 1.00874 0.0105877 -0.00162138
1.62712 1.12821 1.00625 0.007659 -0.0012864
1.67797 1.12821 1.00444 0.00550948 -0.000996552
1.72881 1.12821 1.00314 0.00394075 -0.00075746
1.77966 1.12821 1.00221 0.00280277 -0.000566805
1.83051 1.12821 1.00154 0.00198266 -0.000418844
1.88136 1.12821 1.00106 0.00139609 -0.000307011
1.9322 1.12821 1.00073 0.000980625 -0.000225527
1.98305 1.12821 1.00049 0.000690208 -0.000170359
2.0339 1.12821 1.00032 0.000487423 -0.000137643
2.08475 1.12821 1.00021 0.000341294 -0.000105223
2.13559 1.12821 1.00014 0.00023803 -7.72451e-05
2.18644 1.12821 1.0001 0.000165161 -5.48577e-05
2.23729 1.12821 1.00007 0.000113972 -3.79955e-05
2.28814 1.12821 1.00004 7.81756e-05 -2.58086e-05
2.33898 1.12821 1.00003 5.3279e-05 -1.72579e-05
2.38983 1.12821 1.00002 3.60698e-05 -1.13902e-05
2.44068 1.12821 1.00001 2.42531e-05 -7.43333e-06
2.49153 1.12821 1.00001 1.61953e-05 -4.80291e-06
2.54237 1.12821 1.00001 1.07395e-05 -3.07547e-06
2.59322 1.12821 1 7.07145e-06 -1.95313e-06
2.64407 1.12821 1 4.62218e-06 -1.23093e-06
2.69492 1.12821 1 2.99692e-06 -7.70279e-07
2.74576 1.12821 1 1.9236e-06 -4.78768e-07
2.79661 1.12821 1 1.21571e-06 -2.9536e-07
2.84746 1.12821 1 7.45522e-07 -1.79804e-07
2.89831 1.12821 1 4.24994e-07 -1.04983e-07
2.94915 1.12821 1 1.918e-07 -5.10204e-08
3 1.12821 1 0 0

0 1.17949 0.986498 0 0
0.0508475 1.17949 0.982943 0.0145215 0.0617524
0.101695 1.17949 1.06429 0.0429412 0.146325
0.152542 1.17949 1.11707 0.0870068 0.224346
0.20339 1.17949 1.17051 0.133016 0.286399
0.254237 1.17949 1.2194 0.175352 0.332246
0.305085 1.17949 1.26508 0.211065 0.364582
0.355932 1.17949 1.30803 0.239523 0.386592
0.40678 1.17949 1.34865 0.261118 0.400992
0.457627 1.17949 1.38742 0.276566 0.409895
0.508475 1.17949 1.42494 0.286603 0.414953
0.559322 1.17949 1.46182 0.291983 0.417496
0.610169 1.17949 1.49839 0.293617 0.418526
0.661017 1.17949 1.53433 0.292787 0.418545
0.711864 1.17949 1.56763 0.291234 0.417079
0.762712 1.17949 1.59496 0.291174 0.412176
0.813559 1.17949 1.60762 0.29434 0.399496
0.864407 1.17949 1.60154 0.301588 0.373127
0.915254 1.17949 1.55103 0.30813 0.325104
0.966102 1.17949 1.48545 0.308279 0.256223
1.01695 1.17949 1.33159 0.284321 0.167429
1.0678 1.17949 1.24277 0.237633 0.102838
1.11864 1.17949 1.17753 0.19031 0.0603664
1.16949 1.17949 1.12997 0.148608 0.0340354
1.22034 1.17949 1.09524 0.114173 0.0182569
1.27119 1.17949 1.06981 0.0867138 0.00906778
1.32203 1.17949 1.05112 0.0652751 0.00388379
1.37288 1.17949 1.03737 0.0487718 0.00108481
1.42373 1.17949 1.02724 0.0361991 -0.000323723
1.47458 1.17949 1.01978 0.0267007 -0.000943331
1.52542 1.17949 1.0143 0.0195765 -0.00113278
1.57627 1.17949 1.01029 0.0142685 -0.0011024
1.62712 1.17949 1.00737 0.0103386 -0.00097257
1.67797 1.17949 1.00524 0.00744704 -0.000809704
1.72881 1.17949 1.00371 0.00533266 -0.000648369
1.77966 1.17949 1.00261 0.00379626 -0.000504745
1.83051 1.17949 1.00183 0.0026871 -0.000384809
1.88136 1.17949 1.00127 0.0018919 -0.000289254
1.9322 1.17949 1.00087 0.00132598 -0.000216365
1.98305 1.17949 1.00059 0.000926069 -0.000163349
2.0339 1.17949 1.0004 0.000643967 -0.00012598
2.08475 1.17949 1.00027 0.000444841 -9.4673e-05
2.13559 1.17949 1.00018 0.00030569 -6.91445e-05
2.18644 1.17949 1.00012 0.000209013 -4.91376e-05
2.23729 1.17949 1.00008 0.000142204 -3.41186e-05
2.28814 1.17949 1.00005 9.62563e-05 -2.32363e-05
2.33898 1.17949 1.00004 6.48089e-05 -1.55709e-05
2.38983 1.17949 1.00002 4.33938e-05 -1.02915e-05
2.44068 1.17949 1.00002 2.88884e-05 -6.72144e-06
2.49153 1.17949 1.00001 1.91182e-05 -4.34367e-06
2.54237 1.17949 1.00001 1.25756e-05 -2.7805e-06
2.59322 1.17949 1 8.2202e-06 -1.76451e-06
2.64407 1.17949 1 5.33774e-06 -1.11087e-06
2.69492 1.17949 1 3.44032e-06 -6.94228e-07
2.74576 1.17949 1 2.19639e-06 -4.30836e-07
2.79661 1.17949 1 1.38148e-06 -2.65347e-07
2.84746 1.17949 1 8.43638e-07 -1.61265e-07
2.89831 1.17949 1 4.79205e-07 -9.40265e-08
2.94915 1.17949 1 2.15597e-07 -4.56608e-08
3 1.17949 1 0 0

0 1.23077 1.04868 0 0
0.0508475 1.23077 1.0428 0.00595338 0.0505295
0.101695 1.23077 1.09256 0.0206589 0.119715
0.152542 1.23077 1.12976 0.0481916 0.18852
0.20339 1.23077 1.17236 0.0811104 0.24873
0.254237 1.23077 1.21322 0.115287 0.297413
0.305085 1.23077 1.25296 0.147405 0.334735
0.355932 1.23077 1.29126 0.175831 0.362187
0.40678 1.23077 1.32808 0.199926 0.381575
0.457627 1.23077 1.36346 0.219623 0.394619
0.508475 1.23077 1.39754 0.23517 0.40283
0.559322 1.23077 1.4304 0.247049 0.407469
0.610169 1.23077 1.46184 0.255983 0.40945
0.661017 1.23077 1.49104 0.262993 0.409157
0.711864 1.23077 1.51597 0.26935 0.406105
0.762712 1.23077 1.53344 0.276403 0.398606
0.813559 1.23077 1.53755 0.284863 0.383383
0.864407 1.23077 1.5242 0.29426 0.356356
0.915254 1.23077 1.48114 0.3006 0.312962
0.966102 1.23077 1.4209 0.298759 0.254693
1.01695 1.23077 1.31913 0.279229 0.184487
1.0678 1.23077 1.24334 0.242492 0.125794
1.11864 1.23077 1.18342 0.20108 0.0820728
1.16949 1.23077 1.13721 0.161507 0.0517652
1.22034 1.23077 1.10205 0.126819 0.0316902
1.27119 1.23077 1.07556 0.0979287 0.0188164
1.32203 1.23077 1.05573 0.0746484 0.010774
1.37288 1.23077 1.04094 0.0563103 0.00587248
1.42373 1.23077 1.02995 0.0421021 0.00296506
1.47458 1.23077 1.02182 0.031233 0.00129753
1.52542 1.23077 1.01582 0.0230039 0.000384775
1.57627 1.23077 1.01141 0.0168285 -7.97005e-05
1.62712 1.23077 1.00818 0.0122307 -0.000286246
1.67797 1.23077 1.00584 0.00883263 -0.00035089
1.72881 1.23077 1.00414 0.00633871 -0.000342783
1.77966 1.23077 1.00292 0.00452087 -0.000301954
1.83051 1.23077 1.00204 0.00320483 -0.000250661
1.88136 1.23077 1.00142 0.00225857 -0.000200566
1.9322 1.23077 1.00098 0.00158283 -0.000157139
1.98305 1.23077 1.00067 0.0011033 -0.000122156
2.0339 1.23077 1.00046 0.000764534 -9.48391e-05
2.08475 1.23077 1.00031 0.000526329 -7.20102e-05
2.13559 1.23077 1.00021 0.000360154 -5.32474e-05
2.18644 1.23077 1.00014 0.000245034 -3.83403e-05
2.23729 1.23077 1.00009 0.000165797 -2.69533e-05
2.28814 1.23077 1.00006 0.000111579 -1.85578e-05
2.33898 1.23077 1.00004 7.46866e-05 -1.25507e-05
2.38983 1.23077 1.00003 4.97198e-05 -8.35788e-06
2.44068 1.23077 1.00002 3.29159e-05 -5.49125e-06
2.49153 1.23077 1.00001 2.16682e-05 -3.56513e-06
2.54237 1.23077 1.00001 1.41817e-05 -2.29008e-06
2.59322 1.23077 1 9.22656e-06 -1.45692e-06
2.64407 1.23077 1 5.96498e-06 -9.18756e-07
2.69492 1.23077 1 3.82895e-06 -5.74725e-07
2.74576 1.23077 1 2.43534e-06 -3.56812e-07
2.79661 1.23077 1 1.52656e-06 -2.19738e-07
2.84746 1.23077 1 9.29408e-07 -1.33493e-07
2.89831 1.23077 1 5.26544e-07 -7.77966e-08
2.94915 1.23077 1 2.36363e-07 -3.77712e-08
3 1.23077 1 0 0

0 1.28205 1.08764 0 0
0.0508475 1.28205 1.08278 0.000623588 0.0458395
0.101695 1.28205 1.1143 0.00692196 0.10489
0.152542 1.28205 1.14158 0.0231532 0.165432
0.20339 1.28205 1.17544 0.0458016 0.221363
0.254237 1.28205 1.20951 0.0722548 0.26922
0.305085 1.28205 1.24385 0.0996673 0.307993
0.355932 1.28205 1.27768 0.126165 0.338039
0.40678 1.28205 1.31061 0.150596 0.360348
0.457627 1.28205 1.34238 0.17238 0.376125
0.508475 1.28205 1.37275 0.191347 0.386558
0.559322 1.28205 1.40144 0.207641 0.392683
0.610169 1.28205 1.42787 0.221672 0.395238
0.661017 1.28205 1.45095 0.234069 0.394486
0.711864 1.28205 1.46877 0.245565 0.389976
0.762712 1.28205 1.47855 0.256766 0.380369
0.813559 1.28205 1.47627 0.26765 0.363353
0.864407 1.28205 1.45871 0.277119 0.336304
0.915254 1.28205 1.4206 0.282025 0.296936
0.966102 1.28205 1.36759 0.278477 0.246848
1.01695 1.28205 1.29461 0.261571 0.189539
1.0678 1.28205 1.23177 0.231994 0.137938
1.11864 1.28205 1.17899 0.196927 0.0963351
1.16949 1.28205 1.13643 0.16164 0.0651712
1.22034 1.28205 1.10297 0.129317 0.0429682
1.27119 1.28205 1.07712 0.101424 0.0277089
1.32203 1.28205 1.05739 0.0783073 0.0175038
1.37288 1.28205 1.04246 0.05969 0.010828
1.42373 1.28205 1.03125 0.0450117 0.0065452
1.47458 1.28205 1.02287 0.033627 0.00384858
1.52542 1.28205 1.01665 0.0249121 0.0021837
1.57627 1.28205 1.01205 0.0183139 0.00117846
1.62712 1.28205 1.00867 0.0133658 0.000587732
1.67797 1.28205 1.0062 0.00968691 0.000252646
1.72881 1.28205 1.00441 0.00697333 7.17894e-05
1.77966 1.28205 1.00312 0.00498687 -1.85544e-05
1.83051 1.28205 1.00219 0.00354329 -5.77272e-05
1.88136 1.28205 1.00153 0.00250171 -6.9521e-05
1.9322 1.28205 1.00106 0.0017554 -6.79079e-05
1.98305 1.28205 1.00073 0.00122417 -6.06489e-05
2.0339 1.28205 1.0005 0.000848272 -5.15177e-05
2.08475 1.28205 1.00034 0.000583916 -4.17433e-05
2.13559 1.28205 1.00023 0.000399357 -3.24357e-05
2.18644 1.28205 1.00015 0.000271434 -2.42914e-05
2.23729 1.28205 1.0001 0.000183381 -1.76268e-05
2.28814 1.28205 1.00007 0.00012317 -1.24526e-05
2.33898 1.28205 1.00004 8.22543e-05 -8.59958e-06
2.38983 1.28205 1.00003 5.46179e-05 -5.82457e-06
2.44068 1.28205 1.00002 3.60609e-05 -3.87951e-06
2.49153 1.28205 1.00001 2.36729e-05 -2.54647e-06
2.54237 1.28205 1.00001 1.54508e-05 -1.65001e-06
2.59322 1.28205 1.00001 1.00248e-05 -1.05687e-06
2.64407 1.28205 1 6.46379e-06 -6.69941e-07
2.69492 1.28205 1 4.13852e-06 -4.20686e-07
2.74576 1.28205 1 2.62585e-06 -2.61876e-07
2.79661 1.28205 1 1.64225e-06 -1.61547e-07
2.84746 1.28205 1 9.97804e-07 -9.82329e-08
2.89831 1.28205 1 5.6429e-07 -5.72737e-08
2.94915 1.28205 1 2.52926e-07 -2.78177e-08
3 1.28205 1 0 0

0 1.33333 1.11033 0 0
0.0508475 1.33333 1.10796 -0.00315476 0.0441534
0.101695 1.33333 1.12914 -0.00220207 0.0965852
0.152542 1.33333 1.15039 0.00653081 0.150363
0.20339 1.33333 1.17773 0.0216869 0.201342
0.254237 1.33333 1.20636 0.0417473 0.246494
0.305085 1.33333 1.23599 0.0645492 0.284464
0.355932 1.33333 1.26564 0.0883523 0.314985
0.40678 1.33333 1.29473 0.111848 0.338453
0.457627 1.33333 1.32276 0.134179 0.355595
0.508475 1.33333 1.34927 0.154867 0.367239
0.559322 1.33333 1.37368 0.173744 0.37414
0.610169 1.33333 1.39521 0.190881 0.376831
0.661017 1.33333 1.41266 0.206503 0.375464
0.711864 1.33333 1.4243 0.220853 0.369665
0.762712 1.33333 1.42789 0.23398 0.358455
0.813559 1.33333 1.42077 0.245415 0.340329
0.864407 1.33333 1.40088 0.253905 0.313776
0.915254 1.33333 1.3664 0.257106 0.277932
0.966102 1.33333 1.3206 0.252404 0.234387
1.01695 1.33333 1.26473 0.237439 0.186443
1.0678 1.33333 1.21292 0.213106 0.141597
1.11864 1.33333 1.16762 0.183756 0.103566
1.16949 1.33333 1.12987 0.153319 0.0734967
1.22034 1.33333 1.09937 0.124572 0.0508999
1.27119 1.33333 1.07529 0.0990699 0.034548
1.32203 1.33333 1.05657 0.0774253 0.0230507
1.37288 1.33333 1.0422 0.0596403 0.0151472
1.42373 1.33333 1.03126 0.0453809 0.00981351
1.47458 1.33333 1.02302 0.0341653 0.00627029
1.52542 1.33333 1.01684 0.0254792 0.00394963
1.57627 1.33333 1.01224 0.0188382 0.00245002
1.62712 1.33333 1.00885 0.0138168 0.00149388
1.67797 1.33333 1.00635 0.0100572 0.000892743
1.72881 1.33333 1.00453 0.00726752 0.000520488
1.77966 1.33333 1.00321 0.0052147 0.000293843
1.83051 1.33333 1.00226 0.00371608 0.000158497
1.88136 1.33333 1.00158 0.00263036 7.9474e-05
1.9322 1.33333 1.0011 0.00184955 3.45774e-05
1.98305 1.33333 1.00076 0.00129198 1.00082e-05
2.0339 1.33333 1.00052 0.000896497 -2.55538e-06
2.08475 1.33333 1.00035 0.000617887 -7.96217e-06
2.13559 1.33333 1.00024 0.000423026 -9.35219e-06
2.18644 1.33333 1.00016 0.000287728 -8.71425e-06
2.23729 1.33333 1.00011 0.000194459 -7.25065e-06
2.28814 1.33333 1.00007 0.000130609 -5.62491e-06
2.33898 1.33333 1.00005 8.71906e-05 -4.15587e-06
2.38983 1.33333 1.00003 5.78576e-05 -2.9603e-06
2.44068 1.33333 1.00002 3.81655e-05 -2.04896e-06
2.49153 1.33333 1.00001 2.50272e-05 -1.38539e-06
2.54237 1.33333 1.00001 1.63147e-05 -9.18543e-07
2.59322 1.33333 1.00001 1.05713e-05 -5.98895e-07
2.64407 1.33333 1 6.80676e-06 -3.84833e-07
2.69492 1.33333 1 4.35201e-06 -2.44128e-07
2.74576 1.33333 1 2.75747e-06 -1.5309e-07
2.79661 1.33333 1 1.72227e-06 -9.49115e-08
2.84746 1.33333 1 1.04513e-06 -5.7892e-08
2.89831 1.33333 1 5.90419e-07 -3.38142e-08
2.94915 1.33333 1 2.64406e-07 -1.64461e-08
3 1.33333 1 0 0

0 1.38462 1.12118 0 0
0.0508475 1.38462 1.1217 -0.00603062 0.0436698
0.101695 1.38462 1.13736 -0.00855522 0.0915744
0.152542 1.38462 1.15501 -0.00470176 0.139882
0.20339 1.38462 1.17769 0.00522097 0.185987
0.254237 1.38462 1.2021 0.0203652 0.227599
0.305085 1.38462 1.22772 0.0391719 0.263438
0.355932 1.38462 1.25356 0.0601628 0.292976
0.40678 1.38462 1.27895 0.0820641 0.316239
0.457627 1.38462 1.30324 0.103906 0.333581
0.508475 1.38462 1.3258 0.125015 0.345502
0.559322 1.38462 1.34593 0.144972 0.352492
0.610169 1.38462 1.36271 0.16355 0.354892
0.661017 1.38462 1.37498 0.180626 0.352777
0.711864 1.38462 1.38129 0.196062 0.345866
0.762712 1.38462 1.37996 0.209541 0.333519
0.813559 1.38462 1.36937 0.220391 0.314875
0.864407 1.38462 1.34851 0.22746 0.289239
0.915254 1.38462 1.31722 0.229116 0.256597
0.966102 1.38462 1.27795 0.223782 0.218487
1.01695 1.38462 1.23337 0.210492 0.177718
1.0678 1.38462 1.19066 0.190215 0.138911
1.11864 1.38462 1.15237 0.165775 0.104948
1.16949 1.38462 1.11969 0.140032 0.0770748
1.22034 1.38462 1.09272 0.115219 0.0552932
1.27119 1.38462 1.07102 0.0927435 0.038904
1.32203 1.38462 1.05387 0.0732924 0.0269306
1.37288 1.38462 1.04051 0.0570271 0.0183851
1.42373 1.38462 1.03023 0.043783 0.0123997
1.47458 1.38462 1.0224 0.0332248 0.00827217
1.52542 1.38462 1.01648 0.0249518 0.00546318
1.57627 1.38462 1.01204 0.0185627 0.00357353
1.62712 1.38462 1.00874 0.0136894 0.00231558
1.67797 1.38462 1.0063 0.0100129 0.00148633
1.72881 1.38462 1.00451 0.0072668 0.000944773
1.77966 1.38462 1.00321 0.00523427 0.00059434
1.83051 1.38462 1.00227 0.00374283 0.00036963
1.88136 1.38462 1.00159 0.00265735 0.000226841
1.9322 1.38462 1.00111 0.00187353 0.000136945
1.98305 1.38462 1.00077 0.0013118 8.09328e-05
2.0339 1.38462 1.00053 0.000912157 4.65147e-05
2.08475 1.38462 1.00036 0.000629897 2.58245e-05
2.13559 1.38462 1.00024 0.000432007 1.37305e-05
2.18644 1.38462 1.00016 0.00029429 6.89952e-06
2.23729 1.38462 1.00011 0.000199149 3.19663e-06
2.28814 1.38462 1.00007 0.000133893 1.28954e-06
2.33898 1.38462 1.00005 8.94469e-05 3.72963e-07
2.38983 1.38462 1.00003 5.93813e-05 -2.25961e-08
2.44068 1.38462 1.00002 3.91785e-05 -1.60234e-07
2.49153 1.38462 1.00001 2.56912e-05 -1.80913e-07
2.54237 1.38462 1.00001 1.67443e-05 -1.56149e-07
2.59322 1.38462 1.00001 1.0846e-05 -1.19633e-07
2.64407 1.38462 1 6.98043e-06 -8.54668e-08
2.69492 1.38462 1 4.46061e-06 -5.82304e-08
2.74576 1.38462 1 2.82457e-06 -3.82983e-08
2.79661 1.38462 1 1.76308e-06 -2.44754e-08
2.84746 1.38462 1 1.06926e-06 -1.51951e-08
2.89831 1.38462 1 6.03746e-07 -8.96177e-09
2.94915 1.38462 1 2.70279e-07 -4.39279e-09
3 1.38462 1 0 0

0 1.4359 1.12335 0 0
0.0508475 1.4359 1.12669 -0.00823943 0.0433602
0.101695 1.4359 1.13965 -0.0130181 0.0878283
0.152542 1.4359 1.15515 -0.0122657 0.131567
0.20339 1.4359 1.17455 -0.00587965 0.173102
0.254237 1.4359 1.19567 0.00565021 0.210878
0.305085 1.4359 1.21788 0.0212056 0.243863
0.355932 1.4359 1.24028 0.0395724 0.271481
0.40678 1.4359 1.26213 0.0595919 0.293558
0.457627 1.4359 1.28275 0.0802806 0.310191
0.508475 1.4359 1.30141 0.100858 0.321624
0.559322 1.4359 1.31736 0.12073 0.328128
0.610169 1.4359 1.32968 0.139445 0.329895
0.661017 1.4359 1.33735 0.156622 0.326956
0.711864 1.4359 1.33923 0.171867 0.31914
0.762712 1.4359 1.33422 0.18467 0.306105
0.813559 1.4359 1.32145 0.194322 0.28748
0.864407 1.4359 1.30069 0.199893 0.263138
0.915254 1.4359 1.27255 0.200328 0.23354
0.966102 1.4359 1.23903 0.194794 0.200132
1.01695 1.4359 1.20267 0.183069 0.165185
1.0678 1.4359 1.16745 0.166096 0.131713
1.11864 1.4359 1.13541 0.145828 0.101861
1.16949 1.4359 1.10759 0.124341 0.0767264
1.22034 1.4359 1.08426 0.103359 0.0565153
1.27119 1.4359 1.06518 0.0840601 0.0408487
1.32203 1.4359 1.04988 0.0670951 0.0290565
1.37288 1.4359 1.03782 0.0526947 0.0203884
1.42373 1.4359 1.02842 0.0408059 0.0141387
1.47458 1.4359 1.02119 0.0312087 0.00970398
1.52542 1.4359 1.01568 0.023604 0.00659905
1.57627 1.4359 1.01151 0.0176721 0.00444999
1.62712 1.4359 1.00839 0.0131074 0.00297743
1.67797 1.4359 1.00608 0.00963672 0.00197744
1.72881 1.4359 1.00437 0.00702622 0.00130394
1.77966 1.4359 1.00312 0.00508214 0.000853771
1.83051 1.4359 1.00221 0.00364773 0.000555039
1.88136 1.4359 1.00155 0.00259862 0.000358154
1.9322 1.4359 1.00109 0.00183771 0.000229257
1.98305 1.4359 1.00075 0.00129025 0.000145449
2.0339 1.4359 1.00052 0.000899421 9.13812e-05
2.08475 1.4359 1.00036 0.000622543 5.68338e-05
2.13559 1.4359 1.00024 0.00042788 3.49981e-05
2.18644 1.4359 1.00016 0.00029205 2.1354e-05
2.23729 1.4359 1.00011 0.000197981 1.29238e-05
2.28814 1.4359 1.00007 0.000133312 7.7692e-06
2.33898 1.4359 1.00005 8.91759e-05 4.64626e-06
2.38983 1.4359 1.00003 5.92656e-05 2.76862e-06
2.44068 1.4359 1.00002 3.9136e-05 1.64641e-06
2.49153 1.4359 1.00001 2.56803e-05 9.78541e-07
2.54237 1.4359 1.00001 1.67452e-05 5.82056e-07
2.59322 1.4359 1.00001 1.085e-05 3.46893e-07
2.64407 1.4359 1 6.98428e-06 2.07334e-07
2.69492 1.4359 1 4.46335e-06 1.2436e-07
2.74576 1.4359 1 2.82623e-06 7.4872e-08
2.79661 1.4359 1 1.76396e-06 4.51913e-08
2.84746 1.4359 1 1.06968e-06 2.71524e-08
2.89831 1.4359 1 6.03944e-07 1.57411e-08
2.94915 1.4359 1 2.70386e-07 7.60446e-09
3 1.4359 1 0 0

0 1.48718 1.11937 0 0
0.0508475 1.48718 1.12516 -0.00986194 0.0426294
0.101695 1.48718 1.13694 -0.0160412 0.0840801
0.152542 1.48718 1.15113 -0.0171847 0.123775
0.20339 1.48718 1.16817 -0.013117 0.161039
0.254237 1.48718 1.18664 -0.00417286 0.194928
0.305085 1.48718 1.20591 0.00881465 0.224696
0.355932 1.48718 1.22516 0.0248483 0.249828
0.40678 1.48718 1.24369 0.0429021 0.270062
0.457627 1.48718 1.26079 0.0620314 0.285338
0.508475 1.48718 1.27573 0.0814142 0.295724
0.559322 1.48718 1.28777 0.100354 0.301333
0.610169 1.48718 1.29611 0.118255 0.302259
0.661017 1.48718 1.2999 0.13458 0.298525
0.711864 1.48718 1.29836 0.148795 0.29007
0.762712 1.48718 1.29085 0.160326 0.2768
0.813559 1.48718 1.27706 0.168532 0.258696
0.864407 1.48718 1.25725 0.17273 0.235998
0.915254 1.48718 1.23229 0.172299 0.209402
0.966102 1.48718 1.20383 0.166896 0.180214
1.01695 1.48718 1.17388 0.156673 0.150225
1.0678 1.48718 1.14485 0.142488 0.121495
1.11864 1.48718 1.11823 0.12576 0.0955911
1.16949 1.48718 1.09485 0.108005 0.0733989
1.22034 1.48718 1.07497 0.0905291 0.0551753
1.27119 1.48718 1.05851 0.0742753 0.0407235
1.32203 1.48718 1.04515 0.0598083 0.0295867
1.37288 1.48718 1.03449 0.0473728 0.0212048
1.42373 1.48718 1.0261 0.0369808 0.0150187
1.47458 1.48718 1.01958 0.0284957 0.0105273
1.52542 1.48718 1.01457 0.0217014 0.00731118
1.57627 1.48718 1.01075 0.0163506 0.00503539
1.62712 1.48718 1.00788 0.0121974 0.00344157
1.67797 1.48718 1.00573 0.00901489 0.00233555
1.72881 1.48718 1.00413 0.0066043 0.00157433
1.77966 1.48718 1.00296 0.00479775 0.00105437
1.83051 1.48718 1.0021 0.00345723 0.000701684
1.88136 1.48718 1.00148 0.00247176 0.000464032
1.9322 1.48718 1.00104 0.00175371 0.000304906
1.98305 1.48718 1.00072 0.00123495 0.000199024
2.0339 1.48718 1.0005 0.00086323 0.000129027
2.08475 1.48718 1.00034 0.000599009 8.30772e-05
2.13559 1.48718 1.00023 0.000412674 5.31373e-05
2.18644 1.48718 1.00016 0.000282286 3.37761e-05
2.23729 1.48718 1.00011 0.000191745 2.13479e-05
2.28814 1.48718 1.00007 0.000129348 1.34251e-05
2.33898 1.48718 1.00005 8.66651e-05 8.40599e-06
2.38983 1.48718 1.00003 5.76797e-05 5.2437e-06
2.44068 1.48718 1.00002 3.81363e-05 3.26068e-06
2.49153 1.48718 1.00001 2.5051e-05 2.02207e-06
2.54237 1.48718 1.00001 1.63496e-05 1.25101e-06
2.59322 1.48718 1.00001 1.06015e-05 7.72349e-07
2.64407 1.48718 1 6.82842e-06 4.75929e-07
2.69492 1.48718 1 4.36582e-06 2.92759e-07
2.74576 1.48718 1 2.76551e-06 1.79761e-07
2.79661 1.48718 1 1.72657e-06 1.10049e-07
2.84746 1.48718 1 1.04727e-06 6.67337e-08
2.89831 1.48718 1 5.91456e-07 3.8907e-08
2.94915 1.48718 1 2.649e-07 1.88812e-08
3 1.48718 1 0 0

0 1.53846 1.11132 0 0
0.0508475 1.53846 1.11904 -0.0109389 0.0411602
0.101695 1.53846 1.13037 -0.0178989 0.0795887
0.152542 1.53846 1.14365 -0.0201261 0.115473
0.20339 1.53846 1.15888 -0.0175319 0.148678
0.254237 1.53846 1.17514 -0.0104155 0.178721
0.305085 1.53846 1.19182 0.000557474 0.205114
0.355932 1.53846 1.20821 0.0145499 0.227445
0.40678 1.53846 1.22366 0.0306585 0.24544
0.457627 1.53846 1.23748 0.0480016 0.258955
0.508475 1.53846 1.24902 0.0657627 0.267949
0.559322 1.53846 1.2576 0.0832055 0.272443
0.610169 1.53846 1.26257 0.0996669 0.272477
0.661017 1.53846 1.26332 0.114539 0.26809
0.711864 1.53846 1.25936 0.127247 0.259328
0.762712 1.53846 1.25043 0.137239 0.246281
0.813559 1.53846 1.23658 0.143987 0.229163
0.864407 1.53846 1.21829 0.147033 0.208423
0.915254 1.53846 1.19647 0.146059 0.184834
0.966102 1.53846 1.17244 0.141016 0.159535
1.01695 1.53846 1.1477 0.132225 0.133918
1.0678 1.53846 1.1238 0.120435 0.10944
1.11864 1.53846 1.1018 0.106707 0.0872354
1.16949 1.53846 1.08232 0.0921605 0.0679863
1.22034 1.53846 1.06559 0.0777757 0.051933
1.27119 1.53846 1.05159 0.0642887 0.038976
1.32203 1.53846 1.04011 0.052166 0.0288023
1.37288 1.53846 1.03085 0.0416358 0.0209972
1.42373 1.53846 1.02349 0.0327429 0.0151253
1.47458 1.53846 1.01773 0.0254075 0.0107807
1.52542 1.53846 1.01326 0.019477 0.00761147
1.57627 1.53846 1.00984 0.0147646 0.00532796
1.62712 1.53846 1.00724 0.0110766 0.00370029
1.67797 1.53846 1.00528 0.00822911 0.00255116
1.72881 1.53846 1.00383 0.00605744 0.00174684
1.77966 1.53846 1.00275 0.00441975 0.0011883
1.83051 1.53846 1.00196 0.00319761 0.000803248
1.88136 1.53846 1.00139 0.00229454 0.000539613
1.9322 1.53846 1.00098 0.00163344 0.000360285
1.98305 1.53846 1.00068 0.0011538 0.000239076
2.0339 1.53846 1.00047 0.000808804 0.000157667
2.08475 1.53846 1.00032 0.00056272 0.000103342
2.13559 1.53846 1.00022 0.000388623 6.73286e-05
2.18644 1.53846 1.00015 0.000266439 4.36107e-05
2.23729 1.53846 1.0001 0.000181363 2.80919e-05
2.28814 1.53846 1.00007 0.000122582 1.80012e-05
2.33898 1.53846 1.00004 8.22777e-05 1.14789e-05
2.38983 1.53846 1.00003 5.48479e-05 7.28636e-06
2.44068 1.53846 1.00002 3.63165e-05 4.60526e-06
2.49153 1.53846 1.00001 2.38864e-05 2.8989e-06
2.54237 1.53846 1.00001 1.56072e-05 1.81774e-06
2.59322 1.53846 1.00001 1.01302e-05 1.13557e-06
2.64407 1.53846 1 6.53044e-06 7.06885e-07
2.69492 1.53846 1 4.17839e-06 4.38528e-07
2.74576 1.53846 1 2.64846e-06 2.71119e-07
2.79661 1.53846 1 1.65441e-06 1.66867e-07
2.84746 1.53846 1 1.00402e-06 1.01594e-07
2.89831 1.53846 1 5.67321e-07 5.9406e-08
2.94915 1.53846 1 2.54258e-07 2.88964e-08
3 1.53846 1 0 0

0 1.58974 1.10093 0 0
0.0508475 1.58974 1.10999 -0.0115196 0.0388331
0.101695 1.58974 1.1211 -0.0188066 0.0739969
0.152542 1.58974 1.13363 -0.0215794 0.106107
0.20339 1.58974 1.14738 -0.0198942 0.135369
0.254237 1.58974 1.16173 -0.0140753 0.161629
0.305085 1.58974 1.17611 -0.0047007 0.184607
0.355932 1.58974 1.18993 0.00750461 0.204001
0.40678 1.58974 1.20259 0.0217413 0.219562
0.457627 1.58974 1.21349 0.0372007 0.231119
0.508475 1.58974 1.22205 0.0531046 0.238579
0.559322 1.58974 1.22773 0.0687263 0.241915
0.610169 1.58974 1.23004 0.0833979 0.241151
0.661017 1.58974 1.22858 0.0965102 0.236358
0.711864 1.58974 1.22312 0.107514 0.227661
0.762712 1.58974 1.21364 0.115923 0.215275
0.813559 1.58974 1.2004 0.121338 0.19955
0.864407 1.58974 1.18394 0.123476 0.181021
0.915254 1.58974 1.16511 0.122219 0.160444
0.966102 1.58974 1.14492 0.117677 0.138778
1.01695 1.58974 1.12449 0.110225 0.117099
1.0678 1.58974 1.10483 0.100498 0.0964552
1.11864 1.58974 1.08671 0.0893035 0.0776681
1.16949 1.58974 1.07058 0.0774758 0.0612476
1.22034 1.58974 1.05662 0.0657501 0.0473938
1.27119 1.58974 1.04483 0.0546918 0.036057
1.32203 1.58974 1.03508 0.0446753 0.0270202
1.37288 1.58974 1.02715 0.0358987 0.0199774
1.42373 1.58974 1.0208 0.0284196 0.0145938
1.47458 1.58974 1.01578 0.0221949 0.0105466
1.52542 1.58974 1.01186 0.0171185 0.00754792
1.57627 1.58974 1.00884 0.0130516 0.00535406
1.62712 1.58974 1.00653 0.0098442 0.00376693
1.67797 1.58974 1.00478 0.00735012 0.00263018
1.72881 1.58974 1.00348 0.00543546 0.00182335
1.77966 1.58974 1.00251 0.00398287 0.00125544
1.83051 1.58974 1.00179 0.00289288 0.000858763
1.88136 1.58974 1.00127 0.00208338 0.000583693
1.9322 1.58974 1.0009 0.00148807 0.000394258
1.98305 1.58974 1.00063 0.00105435 0.000264663
2.0339 1.58974 1.00044 0.000741182 0.00017658
2.08475 1.58974 1.0003 0.000517028 0.000117099
2.13559 1.58974 1.00021 0.000357939 7.71912e-05
2.18644 1.58974 1.00014 0.00024596 5.05866e-05
2.23729 1.58974 1.00009 0.000167777 3.2963e-05
2.28814 1.58974 1.00006 0.000113621 2.13609e-05
2.33898 1.58974 1.00004 7.64011e-05 1.37688e-05
2.38983 1.58974 1.00003 5.10151e-05 8.8295e-06
2.44068 1.58974 1.00002 3.38299e-05 5.63397e-06
2.49153 1.58974 1.00001 2.22815e-05 3.57763e-06
2.54237 1.58974 1.00001 1.45766e-05 2.2612e-06
2.59322 1.58974 1 9.47181e-06 1.42266e-06
2.64407 1.58974 1 6.11208e-06 8.91135e-07
2.69492 1.58974 1 3.91416e-06 5.55828e-07
2.74576 1.58974 1 2.48292e-06 3.45231e-07
2.79661 1.58974 1 1.55211e-06 2.13313e-07
2.84746 1.58974 1 9.42562e-07 1.303e-07
2.89831 1.58974 1 5.3297e-07 7.64052e-08
2.94915 1.58974 1 2.39068e-07 3.72539e-08
3 1.58974 1 0 0

0 1.64103 1.08958 0 0
0.0508475 1.64103 1.09939 -0.0116756 0.0356722
0.101695 1.64103 1.11028 -0.0189658 0.0672271
0.152542 1.64103 1.12211 -0.0219389 0.0954847
0.20339 1.64103 1.13459 -0.0208 0.120854
0.254237 1.64103 1.14726 -0.0159237 0.143394
0.305085 1.64103 1.15962 -0.00784732 0.162987
0.355932 1.64103 1.17118 0.00278072 0.179431
0.40678 1.64103 1.1814 0.0152476 0.192521
0.457627 1.64103 1.18979 0.0288213 0.202093
0.508475 1.64103 1.19588 0.0427836 0.208039
0.559322 1.64103 1.19926 0.0564535 0.210321
0.610169 1.64103 1.19959 0.0692028 0.208964
0.661017 1.64103 1.19666 0.0804678 0.204068
0.711864 1.64103 1.19043 0.0897608 0.195812
0.762712 1.64103 1.18102 0.0966848 0.184477
0.813559 1.64103 1.16878 0.100952 0.170469
0.864407 1.64103 1.15425 0.102409 0.154328
0.915254 1.64103 1.13813 0.101058 0.136735
0.966102 1.64103 1.12123 0.0970833 0.118479
1.01695 1.64103 1.10434 0.0908529 0.100382
1.0678 1.64103 1.08818 0.082894 0.0832064
1.11864 1.64103 1.07327 0.0738282 0.067547
1.16949 1.64103 1.05995 0.0642806 0.0537792
1.22034 1.64103 1.04836 0.0548035 0.0420595
1.27119 1.64103 1.03851 0.0458283 0.0323632
1.32203 1.64103 1.0303 0.0376492 0.0245384
1.37288 1.64103 1.02358 0.0304315 0.0183597
1.42373 1.64103 1.01815 0.0242337 0.0135727
1.47458 1.64103 1.01384 0.0190352 0.00992494
1.52542 1.64103 1.01045 0.0147632 0.00718567
1.57627 1.64103 1.00782 0.0113154 0.00515507
1.62712 1.64103 1.0058 0.00857721 0.00366709
1.67797 1.64103 1.00426 0.00643402 0.00258802
1.72881 1.64103 1.00311 0.00477868 0.00181287
1.77966 1.64103 1.00225 0.00351573 0.00126088
1.83051 1.64103 1.00161 0.00256312 0.000870983
1.88136 1.64103 1.00115 0.00185227 0.000597679
1.9322 1.64103 1.00081 0.00132721 0.000407488
1.98305 1.64103 1.00057 0.00094314 0.000276058
2.0339 1.64103 1.00039 0.000664812 0.000185849
2.08475 1.64103 1.00027 0.000464924 0.000124346
2.13559 1.64103 1.00019 0.000322622 8.26881e-05
2.18644 1.64103 1.00013 0.000222174 5.46563e-05
2.23729 1.64103 1.00009 0.000151858 3.59143e-05
2.28814 1.64103 1.00006 0.000103035 2.34626e-05
2.33898 1.64103 1.00004 6.94033e-05 1.52412e-05
2.38983 1.64103 1.00003 4.64171e-05 9.84589e-06
2.44068 1.64103 1.00002 3.08265e-05 6.32602e-06
2.49153 1.64103 1.00001 2.0331e-05 4.04293e-06
2.54237 1.64103 1.00001 1.33171e-05 2.5704e-06
2.59322 1.64103 1 8.66309e-06 1.6259e-06
2.64407 1.64103 1 5.59591e-06 1.0234e-06
2.69492 1.64103 1 3.58691e-06 6.41106e-07
2.74576 1.64103 1 2.27725e-06 3.99752e-07
2.79661 1.64103 1 1.42465e-06 2.47869e-07
2.84746 1.64103 1 8.65823e-07 1.51899e-07
2.89831 1.64103 1 4.89985e-07 8.9346e-08
2.94915 1.64103 1 2.20016e-07 4.36931e-08
3 1.64103 1 0 0

0 1.69231 1.07827 0 0
0.0508475 1.69231 1.08836 -0.0114943 0.031798
0.101695 1.69231 1.09895 -0.0185667 0.0593922
0.152542 1.69231 1.1101 -0.0215274 0.0836726
0.20339 1.69231 1.12148 -0.0207106 0.105157
0.254237 1.69231 1.1327 -0.0165464 0.124043
0.305085 1.69231 1.14334 -0.00955681 0.140328
0.355932 1.69231 1.15297 -0.000335803 0.153896
0.40678 1.69231 1.16115 0.0104778 0.164592
0.457627 1.69231 1.16747 0.0222294 0.172275
0.508475 1.69231 1.1716 0.0342745 0.176847
0.559322 1.69231 1.17323 0.0460011 0.178272
0.610169 1.69231 1.17218 0.0568482 0.176586
0.661017 1.69231 1.16837 0.066323 0.171905
0.711864 1.69231 1.16187 0.0740166 0.164431
0.762712 1.69231 1.1529 0.0796198 0.154464
0.813559 1.69231 1.14181 0.0829377 0.142402
0.864407 1.69231 1.12911 0.083903 0.128744
0.915254 1.69231 1.11538 0.0825846 0.11407
0.966102 1.69231 1.10122 0.079189 0.0990078
1.01695 1.69231 1.08722 0.0740494 0.0841806
1.0678 1.69231 1.07389 0.067596 0.0701454
1.11864 1.69231 1.06161 0.0603088 0.0573322
1.16949 1.69231 1.05062 0.0526597 0.0460147
1.22034 1.69231 1.04101 0.0450638 0.0363116
1.27119 1.69231 1.03281 0.0378489 0.028211
1.32203 1.69231 1.02593 0.0312431 0.0216064
1.37288 1.69231 1.02026 0.0253804 0.0163331
1.42373 1.69231 1.01567 0.0203142 0.0122
1.47458 1.69231 1.01199 0.0160369 0.00901336
1.52542 1.69231 1.00909 0.0124988 0.00659219
1.57627 1.69231 1.00682 0.00962479 0.00477651
1.62712 1.69231 1.00508 0.00732826 0.00343087
1.67797 1.69231 1.00374 0.00552024 0.00244421
1.72881 1.69231 1.00274 0.00411612 0.00172783
1.77966 1.69231 1.00198 0.00303938 0.00121241
1.83051 1.69231 1.00143 0.00222338 0.000844701
1.88136 1.69231 1.00102 0.00161182 0.00058447
1.9322 1.69231 1.00072 0.00115829 0.000401701
1.98305 1.69231 1.00051 0.000825326 0.000274273
2.0339 1.69231 1.00035 0.000583218 0.000186058
2.08475 1.69231 1.00024 0.000408806 0.000125412
2.13559 1.69231 1.00017 0.000284288 8.40019e-05
2.18644 1.69231 1.00011 0.000196165 5.59162e-05
2.23729 1.69231 1.00008 0.000134328 3.69931e-05
2.28814 1.69231 1.00005 9.12971e-05 2.43264e-05
2.33898 1.69231 1.00003 6.15948e-05 1.5902e-05
2.38983 1.69231 1.00002 4.12554e-05 1.03343e-05
2.44068 1.69231 1.00001 2.74357e-05 6.6774e-06
2.49153 1.69231 1.00001 1.81173e-05 4.29014e-06
2.54237 1.69231 1.00001 1.18807e-05 2.74105e-06
2.59322 1.69231 1 7.73678e-06 1.74178e-06
2.64407 1.69231 1 5.00235e-06 1.10095e-06
2.69492 1.69231 1 3.20925e-06 6.92368e-07
2.74576 1.69231 1 2.03913e-06 4.33269e-07
2.79661 1.69231 1 1.27668e-06 2.6957e-07
2.84746 1.69231 1 7.76531e-07 1.65764e-07
2.89831 1.69231 1 4.39869e-07 9.78592e-08
2.94915 1.69231 1 1.97758e-07 4.80501e-08
3 1.69231 1 0 0

0 1.74359 1.0677 0 0
0.0508475 1.74359 1.07768 -0.0110596 0.0273847
0.101695 1.74359 1.08794 -0.0177659 0.0507128
0.152542 1.74359 1.09849 -0.0205821 0.0708859
0.20339 1.74359 1.10896 -0.0199503 0.0884818
0.254237 1.74359 1.11901 -0.0163521 0.103786
0.305085 1.74359 1.12825 -0.0103051 0.116875
0.355932 1.74359 1.13631 -0.00235931 0.127699
0.40678 1.74359 1.14285 0.00691407 0.13615
0.457627 1.74359 1.14756 0.016939 0.142118
0.508475 1.74359 1.15018 0.0271527 0.14552
0.559322 1.74359 1.15054 0.0370249 0.146332
0.610169 1.74359 1.14856 0.0460758 0.144591
0.661017 1.74359 1.14427 0.0538937 0.140416
0.711864 1.74359 1.1378 0.0601509 0.134002
0.762712 1.74359 1.12941 0.0646164 0.125631
0.813559 1.74359 1.11945 0.067166 0.115657
0.864407 1.74359 1.10836 0.0677873 0.104505
0.915254 1.74359 1.09661 0.0665788 0.0926451
0.966102 1.74359 1.08468 0.0637414 0.0805636
1.01695 1.74359 1.07299 0.059562 0.0687263
1.0678 1.74359 1.06192 0.0543868 0.0575382
1.11864 1.74359 1.05174 0.0485859 0.0473089
1.16949 1.74359 1.04263 0.0425162 0.0382368
1.22034 1.74359 1.03464 0.0364899 0.0304109
1.27119 1.74359 1.0278 0.0307546 0.0238268
1.32203 1.74359 1.02205 0.0254856 0.0184108
1.37288 1.74359 1.01728 0.0207884 0.0140445
1.42373 1.74359 1.01341 0.016709 0.0105874
1.47458 1.74359 1.01029 0.0132463 0.00789427
1.52542 1.74359 1.00782 0.0103665 0.00582652
1.57627 1.74359 1.00589 0.00801461 0.00425971
1.62712 1.74359 1.00439 0.0061255 0.00308657
1.67797 1.74359 1.00324 0.00463083 0.00221777
1.72881 1.74359 1.00238 0.00346462 0.0015808
1.77966 1.74359 1.00173 0.00256639 0.00111818
1.83051 1.74359 1.00124 0.00188289 0.000785123
1.88136 1.74359 1.00089 0.00136871 0.000547341
1.9322 1.74359 1.00063 0.000986069 0.000378923
1.98305 1.74359 1.00044 0.000704248 0.000260543
2.0339 1.74359 1.00031 0.00049873 0.000177949
2.08475 1.74359 1.00021 0.00035028 0.000120738
2.13559 1.74359 1.00015 0.000244037 8.13882e-05
2.18644 1.74359 1.0001 0.000168677 5.45109e-05
2.23729 1.74359 1.00007 0.000115688 3.62782e-05
2.28814 1.74359 1.00005 7.87427e-05 2.39929e-05
2.33898 1.74359 1.00003 5.31965e-05 1.577e-05
2.38983 1.74359 1.00002 3.56748e-05 1.03021e-05
2.44068 1.74359 1.00001 2.37517e-05 6.68957e-06
2.49153 1.74359 1.00001 1.57011e-05 4.31809e-06
2.54237 1.74359 1.00001 1.03063e-05 2.77104e-06
2.59322 1.74359 1 6.71748e-06 1.7681e-06
2.64407 1.74359 1 4.34683e-06 1.12189e-06
2.69492 1.74359 1 2.79081e-06 7.08088e-07
2.74576 1.74359 1 1.77453e-06 4.44633e-07
2.79661 1.74359 1 1.11183e-06 2.77594e-07
2.84746 1.74359 1 6.76831e-07 1.7134e-07
2.89831 1.74359 1 3.83816e-07 1.01615e-07
2.94915 1.74359 1 1.7283e-07 5.01854e-08
3 1.74359 1 0 0

0 1.79487 1.05819 0 0
0.0508475 1.79487 1.06785 -0.0104243 0.0226187
0.101695 1.79487 1.07786 -0.0166408 0.0414403
0.152542 1.79487 1.088 -0.0192103 0.0573952
0.20339 1.79487 1.09785 -0.0186721 0.0711087
0.254237 1.79487 1.10703 -0.0155537 0.0829183
0.305085 1.79487 1.11523 -0.0103661 0.0929501
0.355932 1.79487 1.12211 -0.00361442 0.101199
0.40678 1.79487 1.1274 0.00419937 0.107594
0.457627 1.79487 1.13088 0.0125813 0.112053
0.508475 1.79487 1.13239 0.0210559 0.11451
0.559322 1.79487 1.13184 0.0291809 0.114945
0.610169 1.79487 1.12923 0.0365628 0.113394
0.661017 1.79487 1.12467 0.0428719 0.109959
0.711864 1.79487 1.11835 0.0478559 0.104807
0.762712 1.79487 1.11052 0.0513496 0.0981724
0.813559 1.79487 1.10152 0.0532799 0.0903468
0.864407 1.79487 1.09174 0.053666 0.0816656
0.915254 1.79487 1.08156 0.0526132 0.0724902
0.966102 1.79487 1.07136 0.0503019 0.063184
1.01695 1.79487 1.06146 0.0469698 0.0540867
1.0678 1.79487 1.05214 0.0428902 0.0454881
1.11864 1.79487 1.0436 0.0383462 0.0376092
1.16949 1.79487 1.03596 0.0336065 0.0305926
1.22034 1.79487 1.02927 0.028904 0.0245049
1.27119 1.79487 1.02353 0.024424 0.0193469
1.32203 1.79487 1.01869 0.0202988 0.0150697
1.37288 1.79487 1.01468 0.0166097 0.0115913
1.42373 1.79487 1.0114 0.0133937 0.00881184
1.47458 1.79487 1.00877 0.010653 0.00662598
1.52542 1.79487 1.00667 0.00836391 0.00493161
1.57627 1.79487 1.00503 0.00648672 0.0036354
1.62712 1.79487 1.00376 0.00497268 0.00265567
1.67797 1.79487 1.00278 0.00377006 0.00192334
1.72881 1.79487 1.00204 0.0028282 0.00138155
1.77966 1.79487 1.00148 0.00210023 0.000984569
1.83051 1.79487 1.00107 0.00154449 0.000696332
1.88136 1.79487 1.00076 0.00112515 0.000488846
1.9322 1.79487 1.00054 0.000812219 0.000340718
1.98305 1.79487 1.00038 0.000581153 0.000235804
2.0339 1.79487 1.00027 0.000412255 0.000162067
2.08475 1.79487 1.00018 0.000289996 0.00011063
2.13559 1.79487 1.00013 0.000202327 7.50104e-05
2.18644 1.79487 1.00009 0.000140032 5.05222e-05
2.23729 1.79487 1.00006 9.61582e-05 3.38057e-05
2.28814 1.79487 1.00004 6.55229e-05 2.24738e-05
2.33898 1.79487 1.00003 4.43109e-05 1.48449e-05
2.38983 1.79487 1.00002 2.97439e-05 9.74372e-06
2.44068 1.79487 1.00001 1.98201e-05 6.35555e-06
2.49153 1.79487 1.00001 1.31125e-05 4.12002e-06
2.54237 1.79487 1 8.61323e-06 2.65463e-06
2.59322 1.79487 1 5.61767e-06 1.70028e-06
2.64407 1.79487 1 3.63734e-06 1.08275e-06
2.69492 1.79487 1 2.3366e-06 6.85719e-07
2.74576 1.79487 1 1.48657e-06 4.3203e-07
2.79661 1.79487 1 9.32014e-07 2.70675e-07
2.84746 1.79487 1 5.67874e-07 1.67779e-07
2.89831 1.79487 1 3.22481e-07 1.00096e-07
2.94915 1.79487 1 1.45541e-07 4.98694e-08
3 1.79487 1 0 0

0 1.84615 1.04969 0 0
0.0508475 1.84615 1.05904 -0.00956256 0.0176542
0.101695 1.84615 1.06909 -0.0151083 0.0317814
0.152542 1.84615 1.07917 -0.0173018 0.0434438
0.20339 1.84615 1.08876 -0.0167865 0.0533164
0.254237 1.84615 1.09747 -0.0141198 0.0617532
0.305085 1.84615 1.10501 -0.00978706 0.0688949
0.355932 1.84615 1.11109 -0.00423252 0.0747577
0.40678 1.84615 1.1155 0.00212306 0.0792967
0.457627 1.84615 1.11809 0.00887658 0.0824489
0.508475 1.84615 1.11878 0.0156467 0.0841631
0.559322 1.84615 1.11756 0.0220833 0.0844193
0.610169 1.84615 1.1145 0.0278803 0.0832411
0.661017 1.84615 1.10975 0.032787 0.080702
0.711864 1.84615 1.10353 0.0366189 0.076927
0.762712 1.84615 1.09611 0.0392637 0.0720897
0.813559 1.84615 1.08782 0.0406835 0.0664043
0.864407 1.84615 1.07899 0.0409122 0.060115
0.915254 1.84615 1.06995 0.0400476 0.0534805
0.966102 1.84615 1.06101 0.0382402 0.0467573
1.01695 1.84615 1.05242 0.0356784 0.0401818
1.0678 1.84615 1.0444 0.0325707 0.0339549
1.11864 1.84615 1.03708 0.0291285 0.0282295
1.16949 1.84615 1.03056 0.0255489 0.0231063
1.22034 1.84615 1.02486 0.0220019 0.0186345
1.27119 1.84615 1.01998 0.0186222 0.0148192
1.32203 1.84615 1.01587 0.0155066 0.0116307
1.37288 1.84615 1.01246 0.0127151 0.0090161
1.42373 1.84615 1.00968 0.0102759 0.0069086
1.47458 1.84615 1.00744 0.00819156 0.00523631
1.52542 1.84615 1.00566 0.00644578 0.00392828
1.57627 1.84615 1.00426 0.00500999 0.00291852
1.62712 1.84615 1.00318 0.00384866 0.00214844
1.67797 1.84615 1.00235 0.00292367 0.00156771
1.72881 1.84615 1.00172 0.00219735 0.00113436
1.77966 1.84615 1.00125 0.00163459 0.000814159
1.83051 1.84615 1.0009 0.001204 0.000579771
1.88136 1.84615 1.00064 0.000878399 0.000409719
1.9322 1.84615 1.00046 0.000634957 0.000287394
1.98305 1.84615 1.00032 0.000454883 0.000200123
2.0339 1.84615 1.00022 0.000323047 0.000138357
2.08475 1.84615 1.00015 0.000227477 9.49811e-05
2.13559 1.84615 1.00011 0.000158856 6.47515e-05
2.18644 1.84615 1.00007 0.000110039 4.38407e-05
2.23729 1.84615 1.00005 7.56202e-05 2.9482e-05
2.28814 1.84615 1.00003 5.1564e-05 1.96935e-05
2.33898 1.84615 1.00002 3.48929e-05 1.30681e-05
2.38983 1.84615 1.00001 2.34353e-05 8.61498e-06
2.44068 1.84615 1.00001 1.56243e-05 5.6427e-06
2.49153 1.84615 1.00001 1.03413e-05 3.67238e-06
2.54237 1.84615 1 6.79569e-06 2.37508e-06
2.59322 1.84615 1 4.43385e-06 1.52663e-06
2.64407 1.84615 1 2.87178e-06 9.75453e-07
2.69492 1.84615 1 1.84541e-06 6.19775e-07
2.74576 1.84615 1 1.1745e-06 3.9175e-07
2.79661 1.84615 1 7.36776e-07 2.46323e-07
2.84746 1.84615 1 4.49383e-07 1.53426e-07
2.89831 1.84615 1 2.5572e-07 9.22624e-08
2.94915 1.84615 1 1.15859e-07 4.65979e-08
3 1.84615 1 0 0

0 1.89744 1.04141 0 0
0.0508475 1.89744 1.05101 -0.00827459 0.0125292
0.101695 1.89744 1.06182 -0.0127667 0.0218142
0.152542 1.89744 1.07241 -0.0143764 0.0291912
0.20339 1.89744 1.08224 -0.0138402 0.035354
0.254237 1.89744 1.09095 -0.0116904 0.0406087
0.305085 1.89744 1.09824 -0.00833722 0.0450693
0.355932 1.89744 1.10389 -0.00412786 0.0487509
0.40678 1.89744 1.10776 0.000622403 0.0516221
0.457627 1.89744 1.10974 0.00561802 0.0536368
0.508475 1.89744 1.10982 0.0105827 0.0547545
0.559322 1.89744 1.10805 0.0152657 0.0549541
0.610169 1.89744 1.10456 0.0194503 0.0542429
0.661017 1.89744 1.09956 0.0229629 0.0526614
0.711864 1.89744 1.09328 0.0256799 0.0502851
0.762712 1.89744 1.08603 0.0275318 0.0472217
0.813559 1.89744 1.07812 0.028503 0.0436064
0.864407 1.89744 1.06985 0.0286287 0.0395938
0.915254 1.89744 1.06152 0.0279878 0.035348
0.966102 1.89744 1.05339 0.0266937 0.0310315
1.01695 1.89744 1.04567 0.0248825 0.0267942
1.0678 1.89744 1.03852 0.0227018 0.0227634
1.11864 1.89744 1.03206 0.0202978 0.0190376
1.16949 1.89744 1.02633 0.0178053 0.0156832
1.22034 1.89744 1.02135 0.0153398 0.0127352
1.27119 1.89744 1.0171 0.0129922 0.010201
1.32203 1.89744 1.01354 0.0108279 0.00806607
1.37288 1.89744 1.0106 0.00888769 0.00630058
1.42373 1.89744 1.00821 0.00719062 0.00486511
1.47458 1.89744 1.00629 0.00573861 0.00371598
1.52542 1.89744 1.00477 0.00452077 0.00280912
1.57627 1.89744 1.00359 0.00351771 0.00210285
1.62712 1.89744 1.00267 0.0027052 0.00155947
1.67797 1.89744 1.00197 0.0020571 0.00114618
1.72881 1.89744 1.00144 0.00154751 0.000835175
1.77966 1.89744 1.00104 0.00115218 0.000603502
1.83051 1.89744 1.00075 0.000849324 0.000432578
1.88136 1.89744 1.00053 0.000620078 0.000307628
1.9322 1.89744 1.00038 0.000448509 0.00021709
1.98305 1.89744 1.00026 0.00032149 0.000152046
2.0339 1.89744 1.00018 0.000228426 0.000105703
2.08475 1.89744 1.00013 0.000160917 7.29513e-05
2.13559 1.89744 1.00009 0.000112416 4.99866e-05
2.18644 1.89744 1.00006 7.78944e-05 3.40088e-05
2.23729 1.89744 1.00004 5.35443e-05 2.29766e-05
2.28814 1.89744 1.00003 3.6519e-05 1.54162e-05
2.33898 1.89744 1.00002 2.47166e-05 1.02731e-05
2.38983 1.89744 1.00001 1.66029e-05 6.79973e-06
2.44068 1.89744 1.00001 1.10704e-05 4.47084e-06
2.49153 1.89744 1 7.32783e-06 2.92033e-06
2.54237 1.89744 1 4.81567e-06 1.89524e-06
2.59322 1.89744 1 3.14209e-06 1.22222e-06
2.64407 1.89744 1 2.03517e-06 7.834e-07
2.69492 1.89744 1 1.30786e-06 4.99264e-07
2.74576 1.89744 1 8.32511e-07 3.16556e-07
2.79661 1.89744 1 5.22496e-07 1.99767e-07
2.84746 1.89744 1 3.19125e-07 1.25117e-07
2.89831 1.89744 1 1.8223e-07 7.60511e-08
2.94915 1.89744 1 8.32188e-08 3.9265e-08
3 1.89744 1 0 0

0 1.94872 1.03025 0 0
0.0508475 1.94872 1.04369 -0.00588584 0.007056
0.101695 1.94872 1.05602 -0.00852489 0.0113659
0.152542 1.94872 1.06793 -0.00931089 0.0146712
0.20339 1.94872 1.07859 -0.00882968 0.0174384
0.254237 1.94872 1.08777 -0.00745236 0.0198232
0.305085 1.94872 1.09524 -0.00542662 0.0218748
0.355932 1.94872 1.10084 -0.00294996 0.0235955
0.40678 1.94872 1.10447 -0.000197337 0.0249653
0.457627 1.94872 1.10607 0.0026681 0.0259567
0.508475 1.94872 1.1057 0.00549392 0.0265437
0.559322 1.94872 1.10345 0.00814202 0.0267083
0.610169 1.94872 1.0995 0.0104939 0.0264459
0.661017 1.94872 1.09411 0.0124559 0.0257681
0.711864 1.94872 1.08757 0.0139633 0.024704
0.762712 1.94872 1.08018 0.014982 0.0232996
0.813559 1.94872 1.07228 0.0155083 0.0216159
0.864407 1.94872 1.06416 0.0155664 0.0197246
0.915254 1.94872 1.0561 0.015204 0.0177034
0.966102 1.94872 1.04834 0.0144865 0.0156303
1.01695 1.94872 1.04107 0.0134907 0.0135784
1.0678 1.94872 1.0344 0.0122978 0.0116106
1.11864 1.94872 1.02843 0.0109878 0.00977672
1.16949 1.94872 1.0232 0.0096333 0.00811176
1.22034 1.94872 1.01869 0.00829607 0.0066358
1.27119 1.94872 1.01487 0.00702462 0.00535572
1.32203 1.94872 1.0117 0.00585355 0.00426754
1.37288 1.94872 1.0091 0.00480431 0.00335937
1.42373 1.94872 1.007 0.00388688 0.00261412
1.47458 1.94872 1.00533 0.00310205 0.00201202
1.52542 1.94872 1.00402 0.00244381 0.0015325
1.57627 1.94872 1.003 0.00190164 0.00115568
1.62712 1.94872 1.00222 0.00146243 0.000863227
1.67797 1.94872 1.00162 0.00111207 0.000638878
1.72881 1.94872 1.00118 0.000836567 0.000468658
1.77966 1.94872 1.00085 0.00062282 0.000340847
1.83051 1.94872 1.00061 0.000459075 0.000245829
1.88136 1.94872 1.00043 0.000335128 0.00017586
1.9322 1.94872 1.0003 0.000242369 0.000124807
1.98305 1.94872 1.00021 0.000173702 8.78858e-05
2.0339 1.94872 1.00014 0.000123397 6.14143e-05
2.08475 1.94872 1.0001 8.69109e-05 4.25936e-05
2.13559 1.94872 1.00007 6.07023e-05 2.9322e-05
2.18644 1.94872 1.00005 4.20515e-05 2.00385e-05
2.23729 1.94872 1.00003 2.88988e-05 1.35957e-05
2.28814 1.94872 1.00002 1.97048e-05 9.15892e-06
2.33898 1.94872 1.00001 1.33329e-05 6.12681e-06
2.38983 1.94872 1.00001 8.95358e-06 4.07017e-06
2.44068 1.94872 1.00001 5.96828e-06 2.68546e-06
2.49153 1.94872 1 3.9494e-06 1.75993e-06
2.54237 1.94872 1 2.59466e-06 1.14575e-06
2.59322 1.94872 1 1.69243e-06 7.41095e-07
2.64407 1.94872 1 1.09589e-06 4.76374e-07
2.69492 1.94872 1 7.04083e-07 3.0444e-07
2.74576 1.94872 1 4.48148e-07 1.93584e-07
2.79661 1.94872 1 2.81387e-07 1.22596e-07
2.84746 1.94872 1 1.72198e-07 7.72497e-08
2.89831 1.94872 1 9.89463e-08 4.76336e-08
2.94915 1.94872 1 4.60459e-08 2.55526e-08
3 1.94872 1 0 0

0 2 1 0 0
0.0508475 2 1.03407 0 0
0.101695 2 1.0524 0 0
0.152542 2 1.0668 0 0
0.20339 2 1.07897 0 0
0.254237 2 1.08913 0 0
0.305085 2 1.09722 0 0
0.355932 2 1.10312 0 0
0.40678 2 1.10675 0 0
0.457627 2 1.10811 0 0
0.508475 2 1.10727 0 0
0.559322 2 1.10441 0 0
0.610169 2 1.09976 0 0
0.661017 2 1.09365 0 0
0.711864 2 1.08642 0 0
0.762712 2 1.07842 0 0
0.813559 2 1.07003 0 0
0.864407 2 1.06155 0 0
0.915254 2 1.05327 0 0
0.966102 2 1.04542 0 0
1.01695 2 1.03817 0 0
1.0678 2 1.03162 0 0
1.11864 2 1.02583 0 0
1.16949 2 1.02083 0 0
1.22034 2 1.01658 0 0
1.27119 2 1.01304 0 0
1.32203 2 1.01013 0 0
1.37288 2 1.00778 0 0
1.42373 2 1.00591 0 0
1.47458 2 1.00445 0 0
1.52542 2 1.00331 0 0
1.57627 2 1.00244 0 0
1.62712 2 1.00178 0 0
1.67797 2 1.00129 0 0
1.72881 2 1.00092 0 0
1.77966 2 1.00066 0 0
1.83051 2 1.00046 0 0
1.88136 2 1.00032 0 0
1.9322 2 1.00022 0 0
1.98305 2 1.00015 0 0
2.0339 2 1.00011 0 0
2.08475 2 1.00007 0 0
2.13559 2 1.00005 0 0
2.18644 2 1.00003 0 0
2.23729 2 1.00002 0 0
2.28814 2 1.00001 0 0
2.33898 2 1.00001 0 0
2.38983 2 1.00001 0 0
2.44068 2 1 0 0
2.49153 2 1 0 0
2.54237 2 1 0 0
2.59322 2 1 0 0
2.64407 2 1 0 0
2.69492 2 1 0 0
2.74576 2 1 0 0
2.79661 2 1 0 0
2.84746 2 1 0 0
2.89831 2 1 0 0
2.94915 2 1 0 0
3 2 1 0 0

