0 0 3 0.5 0
0.0508475 0 2.61995 0 0
0.101695 0 2.4751 0 0
0.152542 0 2.27216 0 0
0.20339 0 2.14329 0 0
0.254237 0 2.02812 0 0
0.305085 0 1.89825 0 0
0.355932 0 1.75288 0 0
0.40678 0 1.60472 0 0
0.457627 0 1.46789 0 0
0.508475 0 1.35128 0 0
0.559322 0 1.25761 0 0
0.610169 0 1.18548 0 0
0.661017 0 1.13164 0 0
0.711864 0 1.09242 0 0
0.762712 0 1.06441 0 0
0.813559 0 1.04468 0 0
0.864407 0 1.03056 0 0
0.915254 0 1.01865 0 0
0.966102 0 1 0 0
1.01695 0 0 0 0
1.0678 0 0 0 0
1.11864 0 0 0 0
1.16949 0 0 0 0
1.22034 0 0 0 0
1.27119 0 0 0 0
1.32203 0 0 0 0
1.37288 0 0 0 0
1.42373 0 0 0 0
1.47458 0 0 0 0
1.52542 0 0 0 0
1.57627 0 0 0 0
1.62712 0 0 0 0
1.67797 0 0 0 0
1.72881 0 0 0 0
1.77966 0 0 0 0
1.83051 0 0 0 0
1.88136 0 0 0 0
1.9322 0 0 0 0
1.98305 0 0 0 0
2.0339 0 1 0 0
2.08475 0 1 -1.73609e-16 -1.59329e-15
2.13559 0 1 -1.45036e-16 -2.90537e-15
2.18644 0 1 1.55496e-17 -3.82399e-15
2.23729 0 1 2.20989e-16 -4.26684e-15
2.28814 0 1 4.12793e-16 -4.28264e-15
2.33898 0 1 5.54603e-16 -3.95486e-15
2.38983 0 1 6.33701e-16 -3.41392e-15
2.44068 0 1 6.35786e-16 -2.78877e-15
2.49153 0 1 5.76069e-16 -2.15994e-15
2.54237 0 1 4.96376e-16 -1.59809e-15
2.59322 0 1 4.10674e-16 -1.13525e-15
2.64407 0 1 3.13353e-16 -7.83086e-16
2.69492 0 1 2.2148e-16 -5.21835e-16
2.74576 0 1 1.54687e-16 -3.33199e-16
2.79661 0 1 1.03306e-16 -1.98475e-16
2.84746 0 1 6.45556e-17 -1.14876e-16
2.89831 0 1 3.7236e-17 -6.26432e-17
2.94915 0 1 1.71482e-17 -2.76591e-17
3 0 1 0 0

0 0.0512821 3 0.5 0
0.0508475 0.0512821 3.55085 0.366741 0.0328166
0.101695 0.0512821 3.04961 0.360421 0.0384337
0.152542 0.0512821 2.72525 0.339086 0.029677
0.20339 0.0512821 2.46384 0.319418 0.0132785
0.254237 0.0512821 2.25168 0.302437 -0.00824421
0.305085 0.0512821 2.07184 0.288053 -0.031705
0.355932 0.0512821 1.90824 0.274294 -0.052799
0.40678 0.0512821 1.75124 0.25803 -0.0675939
0.457627 0.0512821 1.6012 0.23673 -0.0740878
0.508475 0.0512821 1.46483 0.209895 -0.0727475
0.559322 0.0512821 1.3487 0.179143 -0.0657901
0.610169 0.0512821 1.25547 0.147173 -0.0559188
0.661017 0.0512821 1.18396 0.116569 -0.0453732
0.711864 0.0512821 1.13096 0.0890842 -0.035581
0.762712 0.0512821 1.09274 0.0654904 -0.0272167
0.813559 0.0512821 1.06585 0.0457385 -0.0203784
0.864407 0.0512821 1.04739 0.0291816 -0.0146705
0.915254 0.0512821 1.03511 0.0146652 -0.00895426
0.966102 0.0512821 1.02593 0 0
1.01695 0.0512821 0 0 0
1.0678 0.0512821 0 0 0
1.11864 0.0512821 0 0 0
1.16949 0.0512821 0 0 0
1.22034 0.0512821 0 0 0
1.27119 0.0512821 0 0 0
1.32203 0.0512821 0 0 0
1.37288 0.0512821 0 0 0
1.42373 0.0512821 0 0 0
1.47458 0.0512821 0 0 0
1.52542 0.0512821 0 0 0
1.57627 0.0512821 0 0 0
1.62712 0.0512821 0 0 0
1.67797 0.0512821 0 0 0
1.72881 0.0512821 0 0 0
1.77966 0.0512821 0 0 0
1.83051 0.0512821 0 0 0
1.88136 0.0512821 0 0 0
1.9322 0.0512821 0 0 0
1.98305 0.0512821 0 0 0
2.0339 0.0512821 1 0 0
2.08475 0.0512821 1 -1.73609e-16 -1.59329e-15
2.13559 0.0512821 1 -1.45036e-16 -2.90537e-15
2.18644 0.0512821 1 1.55496e-17 -3.82399e-15
2.23729 0.0512821 1 2.20989e-16 -4.26684e-15
2.28814 0.0512821 1 4.12793e-16 -4.28264e-15
2.33898 0.0512821 1 5.54603e-16 -3.95486e-15
2.38983 0.0512821 1 6.33701e-16 -3.41392e-15
2.44068 0.0512821 1 6.35786e-16 -2.78877e-15
2.49153 0.0512821 1 5.76069e-16 -2.15994e-15
2.54237 0.0512821 1 4.96376e-16 -1.59809e-15
2.59322 0.0512821 1 4.10674e-16 -1.13525e-15
2.64407 0.0512821 1 3.13353e-16 -7.83086e-16
2.69492 0.0512821 1 2.2148e-16 -5.21835e-16
2.74576 0.0512821 1 1.54687e-16 -3.33199e-16
2.79661 0.0512821 1 1.03306e-16 -1.98475e-16
2.84746 0.0512821 1 6.45556e-17 -1.14876e-16
2.89831 0.0512821 1 3.7236e-17 -6.26432e-17
2.94915 0.0512821 1 1.71482e-17 -2.76591e-17
3 0.0512821 1 0 0

0 0.102564 3 0.5 0
0.0508475 0.102564 2.75419 0.520031 0.0948951
0.101695 0.102564 2.52853 0.525253 0.103772
0.152542 0.102564 2.34552 0.516881 0.0839459
0.20339 0.102564 2.21039 0.502672 0.050712
0.254237 0.102564 2.11409 0.487754 0.0121479
0.305085 0.102564 2.03352 0.473884 -0.0266794
0.355932 0.102564 1.94541 0.458973 -0.0612205
0.40678 0.102564 1.83575 0.438561 -0.0871442
0.457627 0.102564 1.70489 0.408465 -0.101486
0.508475 0.102564 1.56566 0.367308 -0.103937
0.559322 0.102564 1.43451 0.317352 -0.0968845
0.610169 0.102564 1.32281 0.263269 -0.0841051
0.661017 0.102564 1.23443 0.210016 -0.0692049
0.711864 0.102564 1.16797 0.161247 -0.0547287
0.762712 0.102564 1.11985 0.118779 -0.0420105
0.813559 0.102564 1.08621 0.0828002 -0.0313664
0.864407 0.102564 1.06381 0.0523196 -0.0222356
0.915254 0.102564 1.05022 0.0255196 -0.0129678
0.966102 0.102564 1.04432 0 0
1.01695 0.102564 0 0 0
1.0678 0.102564 0 0 0
1.11864 0.102564 0 0 0
1.16949 0.102564 0 0 0
1.22034 0.102564 0 0 0
1.27119 0.102564 0 0 0
1.32203 0.102564 0 0 0
1.37288 0.102564 0 0 0
1.42373 0.102564 0 0 0
1.47458 0.102564 0 0 0
1.52542 0.102564 0 0 0
1.57627 0.102564 0 0 0
1.62712 0.102564 0 0 0
1.67797 0.102564 0 0 0
1.72881 0.102564 0 0 0
1.77966 0.102564 0 0 0
1.83051 0.102564 0 0 0
1.88136 0.102564 0 0 0
1.9322 0.102564 0 0 0
1.98305 0.102564 0 0 0
2.0339 0.102564 1 0 0
2.08475 0.102564 1 -3.83767e-16 -2.78932e-15
2.13559 0.102564 1 -3.23418e-16 -5.06933e-15
2.18644 0.102564 1 1.70788e-17 -6.62896e-15
2.23729 0.102564 1 4.5391e-16 -7.35768e-15
2.28814 0.102564 1 8.43861e-16 -7.32782e-15
2.33898 0.102564 1 1.11741e-15 -6.70704e-15
2.38983 0.102564 1 1.23815e-15 -5.7315e-15
2.44068 0.102564 1 1.21987e-15 -4.62678e-15
2.49153 0.102564 1 1.09957e-15 -3.54172e-15
2.54237 0.102564 1 9.2924e-16 -2.59438e-15
2.59322 0.102564 1 7.43187e-16 -1.82663e-15
2.64407 0.102564 1 5.55993e-16 -1.24136e-15
2.69492 0.102564 1 3.97514e-16 -8.14216e-16
2.74576 0.102564 1 2.83237e-16 -5.15421e-16
2.79661 0.102564 1 1.89859e-16 -3.16848e-16
2.84746 0.102564 1 1.1466e-16 -1.81905e-16
2.89831 0.102564 1 6.52338e-17 -9.9471e-17
2.94915 0.102564 1 3.0068e-17 -4.38535e-17
3 0.102564 1 0 0

0 0.153846 3 0.5 0
0.0508475 0.153846 2.65096 0.574974 0.0703304
0.101695 0.153846 2.52697 0.602301 0.0927134
0.152542 0.153846 2.41082 0.614603 0.0838932
0.20339 0.153846 2.29421 0.616333 0.0573401
0.254237 0.153846 2.18469 0.61055 0.0221437
0.305085 0.153846 2.08675 0.599643 -0.0158178
0.355932 0.153846 1.99525 0.584014 -0.0518176
0.40678 0.153846 1.89655 0.5613 -0.081309
0.457627 0.153846 1.77919 0.527509 -0.100453
0.508475 0.153846 1.64485 0.479982 -0.107513
0.559322 0.153846 1.50757 0.419906 -0.103664
0.610169 0.153846 1.38321 0.352258 -0.0922811
0.661017 0.153846 1.28097 0.283491 -0.0772916
0.711864 0.153846 1.20254 0.219008 -0.0618369
0.762712 0.153846 1.1453 0.161891 -0.0477575
0.813559 0.153846 1.10538 0.112895 -0.0356501
0.864407 0.153846 1.07924 0.0710392 -0.0250261
0.915254 0.153846 1.06423 0.0342475 -0.0142336
0.966102 0.153846 1.0595 0 0
1.01695 0.153846 0 0 0
1.0678 0.153846 0 0 0
1.11864 0.153846 0 0 0
1.16949 0.153846 0 0 0
1.22034 0.153846 0 0 0
1.27119 0.153846 0 0 0
1.32203 0.153846 0 0 0
1.37288 0.153846 0 0 0
1.42373 0.153846 0 0 0
1.47458 0.153846 0 0 0
1.52542 0.153846 0 0 0
1.57627 0.153846 0 0 0
1.62712 0.153846 0 0 0
1.67797 0.153846 0 0 0
1.72881 0.153846 0 0 0
1.77966 0.153846 0 0 0
1.83051 0.153846 0 0 0
1.88136 0.153846 0 0 0
1.9322 0.153846 0 0 0
1.98305 0.153846 0 0 0
2.0339 0.153846 1 0 0
2.08475 0.153846 1 -8.41104e-16 -5.93041e-15
2.13559 0.153846 1 -6.40451e-16 -1.07572e-14
2.18644 0.153846 1 1.7967e-16 -1.39792e-14
2.23729 0.153846 1 1.19443e-15 -1.54183e-14
2.28814 0.153846 1 2.08115e-15 -1.52014e-14
2.33898 0.153846 1 2.66151e-15 -1.37691e-14
2.38983 0.153846 1 2.87313e-15 -1.16214e-14
2.44068 0.153846 1 2.77129e-15 -9.24541e-15
2.49153 0.153846 1 2.44937e-15 -6.97856e-15
2.54237 0.153846 1 2.02281e-15 -5.04131e-15
2.59322 0.153846 1 1.58724e-15 -3.5011e-15
2.64407 0.153846 1 1.18011e-15 -2.33954e-15
2.69492 0.153846 1 8.36343e-16 -1.51402e-15
2.74576 0.153846 1 5.715e-16 -9.54474e-16
2.79661 0.153846 1 3.79664e-16 -5.88373e-16
2.84746 0.153846 1 2.39079e-16 -3.46372e-16
2.89831 0.153846 1 1.34697e-16 -1.92546e-16
2.94915 0.153846 1 6.24398e-17 -8.35621e-17
3 0.153846 1 0 0

0 0.205128 3 0.5 0
0.0508475 0.205128 2.48015 0.608023 0.0543017
0.101695 0.205128 2.3563 0.644273 0.0819499
0.152542 0.205128 2.26853 0.664598 0.082999
0.20339 0.205128 2.18816 0.673998 0.0643932
0.254237 0.205128 2.11606 0.674575 0.0340726
0.305085 0.205128 2.05307 0.668408 -0.00114733
0.355932 0.205128 1.99262 0.656273 -0.0357813
0.40678 0.205128 1.92106 0.63627 -0.065329
0.457627 0.205128 1.82508 0.604236 -0.0861945
0.508475 0.205128 1.70248 0.556464 -0.0963164
0.559322 0.205128 1.56587 0.492929 -0.0959612
0.610169 0.205128 1.43421 0.418269 -0.0876116
0.661017 0.205128 1.32159 0.339778 -0.0747761
0.711864 0.205128 1.23324 0.26431 -0.0606165
0.762712 0.205128 1.1681 0.196248 -0.0471861
0.813559 0.205128 1.12259 0.137117 -0.0353003
0.864407 0.205128 1.09302 0.0861987 -0.0246506
0.915254 0.205128 1.07652 0.0413714 -0.0138124
0.966102 0.205128 1.07222 0 0
1.01695 0.205128 0 0 0
1.0678 0.205128 0 0 0
1.11864 0.205128 0 0 0
1.16949 0.205128 0 0 0
1.22034 0.205128 0 0 0
1.27119 0.205128 0 0 0
1.32203 0.205128 0 0 0
1.37288 0.205128 0 0 0
1.42373 0.205128 0 0 0
1.47458 0.205128 0 0 0
1.52542 0.205128 0 0 0
1.57627 0.205128 0 0 0
1.62712 0.205128 0 0 0
1.67797 0.205128 0 0 0
1.72881 0.205128 0 0 0
1.77966 0.205128 0 0 0
1.83051 0.205128 0 0 0
1.88136 0.205128 0 0 0
1.9322 0.205128 0 0 0
1.98305 0.205128 0 0 0
2.0339 0.205128 1 0 0
2.08475 0.205128 1 -1.72705e-15 -1.31702e-14
2.13559 0.205128 1 -1.0805e-15 -2.38543e-14
2.18644 0.205128 1 9.12084e-16 -3.08674e-14
2.23729 0.205128 1 3.28327e-15 -3.3772e-14
2.28814 0.205128 1 5.26934e-15 -3.29761e-14
2.33898 0.205128 1 6.46203e-15 -2.951e-14
2.38983 0.205128 1 6.78868e-15 -2.45938e-14
2.44068 0.205128 1 6.39722e-15 -1.9295e-14
2.49153 0.205128 1 5.54074e-15 -1.43685e-14
2.54237 0.205128 1 4.48469e-15 -1.02242e-14
2.59322 0.205128 1 3.448e-15 -6.99085e-15
2.64407 0.205128 1 2.5185e-15 -4.61194e-15
2.69492 0.205128 1 1.75311e-15 -2.94361e-15
2.74576 0.205128 1 1.18245e-15 -1.82694e-15
2.79661 0.205128 1 7.74354e-16 -1.10267e-15
2.84746 0.205128 1 4.83129e-16 -6.50455e-16
2.89831 0.205128 1 2.83432e-16 -3.57967e-16
2.94915 0.205128 1 1.35499e-16 -1.64434e-16
3 0.205128 1 0 0

0 0.25641 3 0.5 0
0.0508475 0.25641 2.40267 0.625749 0.0361987
0.101695 0.25641 2.27705 0.666332 0.0599981
0.152542 0.25641 2.2087 0.689473 0.0657289
0.20339 0.25641 2.15188 0.702511 0.0551745
0.254237 0.25641 2.09911 0.707351 0.0333573
0.305085 0.25641 2.05033 0.705374 0.00574574
0.355932 0.25641 2.00191 0.697097 -0.0228714
0.40678 0.25641 1.94293 0.680757 -0.0485058
0.457627 0.25641 1.85955 0.652111 -0.0678946
0.508475 0.25641 1.74594 0.606676 -0.0788535
0.559322 0.25641 1.61154 0.54325 -0.0809498
0.610169 0.25641 1.47568 0.465734 -0.0756988
0.661017 0.25641 1.35552 0.381674 -0.0658272
0.711864 0.25641 1.25933 0.298929 -0.0541034
0.762712 0.25641 1.18766 0.223008 -0.0425016
0.813559 0.25641 1.1374 0.156241 -0.0319272
0.864407 0.25641 1.10485 0.0982935 -0.0222548
0.915254 0.25641 1.08693 0.0471185 -0.0123623
0.966102 0.25641 1.08267 0 0
1.01695 0.25641 0 0 0
1.0678 0.25641 0 0 0
1.11864 0.25641 0 0 0
1.16949 0.25641 0 0 0
1.22034 0.25641 0 0 0
1.27119 0.25641 0 0 0
1.32203 0.25641 0 0 0
1.37288 0.25641 0 0 0
1.42373 0.25641 0 0 0
1.47458 0.25641 0 0 0
1.52542 0.25641 0 0 0
1.57627 0.25641 0 0 0
1.62712 0.25641 0 0 0
1.67797 0.25641 0 0 0
1.72881 0.25641 0 0 0
1.77966 0.25641 0 0 0
1.83051 0.25641 0 0 0
1.88136 0.25641 0 0 0
1.9322 0.25641 0 0 0
1.98305 0.25641 0 0 0
2.0339 0.25641 1 0 0
2.08475 0.25641 1 -3.37095e-15 -2.94676e-14
2.13559 0.25641 1 -1.44199e-15 -5.32845e-14
2.18644 0.25641 1 3.43727e-15 -6.85915e-14
2.23729 0.25641 1 8.93708e-15 -7.44102e-14
2.28814 0.25641 1 1.33079e-14 -7.18854e-14
2.33898 0.25641 1 1.56743e-14 -6.35224e-14
2.38983 0.25641 1 1.59806e-14 -5.22079e-14
2.44068 0.25641 1 1.46976e-14 -4.03683e-14
2.49153 0.25641 1 1.24657e-14 -2.96282e-14
2.54237 0.25641 1 9.90124e-15 -2.07675e-14
2.59322 0.25641 1 7.45564e-15 -1.39832e-14
2.64407 0.25641 1 5.35591e-15 -9.09582e-15
2.69492 0.25641 1 3.68513e-15 -5.72899e-15
2.74576 0.25641 1 2.44232e-15 -3.4983e-15
2.79661 0.25641 1 1.56262e-15 -2.08311e-15
2.84746 0.25641 1 9.62445e-16 -1.2072e-15
2.89831 0.25641 1 5.52783e-16 -6.55636e-16
2.94915 0.25641 1 2.59926e-16 -2.99626e-16
3 0.25641 1 0 0

0 0.307692 3 0.5 0
0.0508475 0.307692 2.35387 0.636753 0.0234198
0.101695 0.307692 2.21607 0.679649 0.0416866
0.152542 0.307692 2.15111 0.702785 0.0489406
0.20339 0.307692 2.10623 0.716084 0.0442445
0.254237 0.307692 2.06814 0.722296 0.0300114
0.305085 0.307692 2.0337 0.722705 0.00999756
0.355932 0.307692 1.99868 0.717534 -0.0120044
0.40678 0.307692 1.95257 0.704831 -0.0326582
0.457627 0.307692 1.88112 0.680065 -0.0491747
0.508475 0.307692 1.77636 0.63805 -0.0595363
0.559322 0.307692 1.64547 0.576542 -0.0629875
0.610169 0.307692 1.50776 0.498632 -0.0603145
0.661017 0.307692 1.38251 0.411793 -0.0534432
0.711864 0.307692 1.28045 0.324518 -0.0445624
0.762712 0.307692 1.20366 0.2432 -0.0353672
0.813559 0.307692 1.14959 0.170894 -0.0267252
0.864407 0.307692 1.11455 0.107675 -0.0186468
0.915254 0.307692 1.09538 0.0516288 -0.0103123
0.966102 0.307692 1.09097 0 0
1.01695 0.307692 0 0 0
1.0678 0.307692 0 0 0
1.11864 0.307692 0 0 0
1.16949 0.307692 0 0 0
1.22034 0.307692 0 0 0
1.27119 0.307692 0 0 0
1.32203 0.307692 0 0 0
1.37288 0.307692 0 0 0
1.42373 0.307692 0 0 0
1.47458 0.307692 0 0 0
1.52542 0.307692 0 0 0
1.57627 0.307692 0 0 0
1.62712 0.307692 0 0 0
1.67797 0.307692 0 0 0
1.72881 0.307692 0 0 0
1.77966 0.307692 0 0 0
1.83051 0.307692 0 0 0
1.88136 0.307692 0 0 0
1.9322 0.307692 0 0 0
1.98305 0.307692 0 0 0
2.0339 0.307692 1 0 0
2.08475 0.307692 1 -6.22067e-15 -6.58702e-14
2.13559 0.307692 1 -5.63448e-16 -1.18923e-13
2.18644 0.307692 1 1.13449e-14 -1.52187e-13
2.23729 0.307692 1 2.39901e-14 -1.63553e-13
2.28814 0.307692 1 3.3401e-14 -1.56092e-13
2.33898 0.307692 1 3.78209e-14 -1.36027e-13
2.38983 0.307692 1 3.74265e-14 -1.10115e-13
2.44068 0.307692 1 3.35416e-14 -8.38104e-14
2.49153 0.307692 1 2.78155e-14 -6.05248e-14
2.54237 0.307692 1 2.16514e-14 -4.17528e-14
2.59322 0.307692 1 1.59749e-14 -2.76817e-14
2.64407 0.307692 1 1.12528e-14 -1.7724e-14
2.69492 0.307692 1 7.6212e-15 -1.09973e-14
2.74576 0.307692 1 4.97846e-15 -6.63669e-15
2.79661 0.307692 1 3.13487e-15 -3.90079e-15
2.84746 0.307692 1 1.90447e-15 -2.22482e-15
2.89831 0.307692 1 1.08145e-15 -1.20258e-15
2.94915 0.307692 1 4.92895e-16 -5.38691e-16
3 0.307692 1 0 0

0 0.358974 3 0.5 0
0.0508475 0.358974 2.32631 0.643522 0.0147512
0.101695 0.358974 2.17896 0.68787 0.0277211
0.152542 0.358974 2.11353 0.710263 0.0345309
0.20339 0.358974 2.07467 0.722555 0.0334376
0.254237 0.358974 2.0456 0.728603 0.0251988
0.305085 0.358974 2.02065 0.729982 0.0120155
0.355932 0.358974 1.99475 0.726793 -0.00348111
0.40678 0.358974 1.95758 0.716879 -0.0187836
0.457627 0.358974 1.89474 0.69542 -0.0317002
0.508475 0.358974 1.7969 0.656668 -0.0405368
0.559322 0.358974 1.66943 0.597546 -0.0444501
0.610169 0.358974 1.53118 0.520401 -0.0437185
0.661017 0.358974 1.40272 0.43247 -0.0395587
0.711864 0.358974 1.29656 0.342582 -0.0335318
0.762712 0.358974 1.21602 0.257758 -0.0269451
0.813559 0.358974 1.15905 0.181631 -0.0205324
0.864407 0.358974 1.1221 0.114638 -0.0143825
0.915254 0.358974 1.1019 0.0550151 -0.00794723
0.966102 0.358974 1.09726 0 0
1.01695 0.358974 0 0 0
1.0678 0.358974 0 0 0
1.11864 0.358974 0 0 0
1.16949 0.358974 0 0 0
1.22034 0.358974 0 0 0
1.27119 0.358974 0 0 0
1.32203 0.358974 0 0 0
1.37288 0.358974 0 0 0
1.42373 0.358974 0 0 0
1.47458 0.358974 0 0 0
1.52542 0.358974 0 0 0
1.57627 0.358974 0 0 0
1.62712 0.358974 0 0 0
1.67797 0.358974 0 0 0
1.72881 0.358974 0 0 0
1.77966 0.358974 0 0 0
1.83051 0.358974 0 0 0
1.88136 0.358974 0 0 0
1.9322 0.358974 0 0 0
1.98305 0.358974 0 0 0
2.0339 0.358974 1 0 0
2.08475 0.358974 1 -1.03471e-14 -1.47005e-13
2.13559 0.358974 1 5.70777e-15 -2.64927e-13
2.18644 0.358974 1 3.47157e-14 -3.36713e-13
2.23729 0.358974 1 6.35655e-14 -3.57927e-13
2.28814 0.358974 1 8.33378e-14 -3.36911e-13
2.33898 0.358974 1 9.07432e-14 -2.89037e-13
2.38983 0.358974 1 8.70721e-14 -2.30095e-13
2.44068 0.358974 1 7.59932e-14 -1.72135e-13
2.49153 0.358974 1 6.15289e-14 -1.22154e-13
2.54237 0.358974 1 4.68368e-14 -8.2839e-14
2.59322 0.358974 1 3.38461e-14 -5.40118e-14
2.64407 0.358974 1 2.33978e-14 -3.40138e-14
2.69492 0.358974 1 1.5553e-14 -2.07641e-14
2.74576 0.358974 1 9.98158e-15 -1.23393e-14
2.79661 0.358974 1 6.1999e-15 -7.14749e-15
2.84746 0.358974 1 3.70803e-15 -4.02449e-15
2.89831 0.358974 1 2.07277e-15 -2.15445e-15
2.94915 0.358974 1 9.38573e-16 -9.67425e-16
3 0.358974 1 0 0

0 0.410256 3 0.5 0
0.0508475 0.410256 2.30992 0.647833 0.00939034
0.101695 0.410256 2.15521 0.693261 0.0185013
0.152542 0.410256 2.08733 0.714959 0.0244734
0.20339 0.410256 2.05051 0.725981 0.0256356
0.254237 0.410256 2.02639 0.73115 0.0218789
0.305085 0.410256 2.00763 0.732508 0.0142643
0.355932 0.410256 1.98823 0.730231 0.00440369
0.40678 0.410256 1.95766 0.722055 -0.00599487
0.457627 0.410256 1.90129 0.702941 -0.0153491
0.508475 0.410256 1.80886 0.666731 -0.0223614
0.559322 0.410256 1.68453 0.609738 -0.0262589
0.610169 0.410256 1.54664 0.533711 -0.0270047
0.661017 0.410256 1.41648 0.445611 -0.0252404
0.711864 0.410256 1.30777 0.354401 -0.0219335
0.762712 0.410256 1.22475 0.267497 -0.0179685
0.813559 0.410256 1.16582 0.188935 -0.0138908
0.864407 0.410256 1.12751 0.119439 -0.0098218
0.915254 0.410256 1.10656 0.0573777 -0.00544877
0.966102 0.410256 1.10169 0 0
1.01695 0.410256 0 0 0
1.0678 0.410256 0 0 0
1.11864 0.410256 0 0 0
1.16949 0.410256 0 0 0
1.22034 0.410256 0 0 0
1.27119 0.410256 0 0 0
1.32203 0.410256 0 0 0
1.37288 0.410256 0 0 0
1.42373 0.410256 0 0 0
1.47458 0.410256 0 0 0
1.52542 0.410256 0 0 0
1.57627 0.410256 0 0 0
1.62712 0.410256 0 0 0
1.67797 0.410256 0 0 0
1.72881 0.410256 0 0 0
1.77966 0.410256 0 0 0
1.83051 0.410256 0 0 0
1.88136 0.410256 0 0 0
1.9322 0.410256 0 0 0
1.98305 0.410256 0 0 0
2.0339 0.410256 1 0 0
2.08475 0.410256 1 -1.36076e-14 -3.27724e-13
2.13559 0.410256 1 3.1109e-14 -5.89241e-13
2.18644 0.410256 1 1.0156e-13 -7.42702e-13
2.23729 0.410256 1 1.66597e-13 -7.7942e-13
2.28814 0.410256 1 2.06622e-13 -7.22103e-13
2.33898 0.410256 1 2.16357e-13 -6.08627e-13
2.38983 0.410256 1 2.01078e-13 -4.75573e-13
2.44068 0.410256 1 1.7065e-13 -3.49097e-13
2.49153 0.410256 1 1.34705e-13 -2.43114e-13
2.54237 0.410256 1 1.00159e-13 -1.61857e-13
2.59322 0.410256 1 7.08238e-14 -1.03634e-13
2.64407 0.410256 1 4.7979e-14 -6.41319e-14
2.69492 0.410256 1 3.12972e-14 -3.85134e-14
2.74576 0.410256 1 1.97288e-14 -2.25168e-14
2.79661 0.410256 1 1.2043e-14 -1.28381e-14
2.84746 0.410256 1 7.08926e-15 -7.12973e-15
2.89831 0.410256 1 3.90261e-15 -3.77735e-15
2.94915 0.410256 1 1.74105e-15 -1.68778e-15
3 0.410256 1 0 0

0 0.461538 3 0.5 0
0.0508475 0.461538 2.29979 0.650714 0.00637064
0.101695 0.461538 2.13976 0.697065 0.0131705
0.152542 0.461538 2.06905 0.718369 0.0186708
0.20339 0.461538 2.03217 0.728316 0.0215322
0.254237 0.461538 2.01021 0.732411 0.0212465
0.305085 0.461538 1.99494 0.733157 0.0181119
0.355932 0.461538 1.97966 0.730925 0.0129405
0.40678 0.461538 1.95352 0.72346 0.00675016
0.457627 0.461538 1.90165 0.705614 0.000562453
0.508475 0.461538 1.81325 0.670983 -0.00472789
0.559322 0.461538 1.69163 0.615489 -0.00849305
0.610169 0.461538 1.55473 0.540474 -0.010503
0.661017 0.461538 1.42415 0.452646 -0.0109357
0.711864 0.461538 1.31429 0.360977 -0.0102244
0.762712 0.461538 1.22998 0.273074 -0.00883755
0.813559 0.461538 1.16996 0.193212 -0.00711234
0.864407 0.461538 1.13088 0.122299 -0.00517626
0.915254 0.461538 1.10947 0.0588052 -0.00292323
0.966102 0.461538 1.10442 0 0
1.01695 0.461538 0 0 0
1.0678 0.461538 0 0 0
1.11864 0.461538 0 0 0
1.16949 0.461538 0 0 0
1.22034 0.461538 0 0 0
1.27119 0.461538 0 0 0
1.32203 0.461538 0 0 0
1.37288 0.461538 0 0 0
1.42373 0.461538 0 0 0
1.47458 0.461538 0 0 0
1.52542 0.461538 0 0 0
1.57627 0.461538 0 0 0
1.62712 0.461538 0 0 0
1.67797 0.461538 0 0 0
1.72881 0.461538 0 0 0
1.77966 0.461538 0 0 0
1.83051 0.461538 0 0 0
1.88136 0.461538 0 0 0
1.9322 0.461538 0 0 0
1.98305 0.461538 0 0 0
2.0339 0.461538 1 0 0
2.08475 0.461538 1 -4.92572e-15 -7.30402e-13
2.13559 0.461538 1 1.17818e-13 -1.3092e-12
2.18644 0.461538 1 2.88231e-13 -1.63335e-12
2.23729 0.461538 1 4.32432e-13 -1.68814e-12
2.28814 0.461538 1 5.08893e-13 -1.53556e-12
2.33898 0.461538 1 5.12165e-13 -1.26857e-12
2.38983 0.461538 1 4.60364e-13 -9.70882e-13
2.44068 0.461538 1 3.79296e-13 -6.97977e-13
2.49153 0.461538 1 2.91438e-13 -4.7621e-13
2.54237 0.461538 1 2.11415e-13 -3.10786e-13
2.59322 0.461538 1 1.46111e-13 -1.95211e-13
2.64407 0.461538 1 9.68658e-14 -1.18605e-13
2.69492 0.461538 1 6.1929e-14 -6.99901e-14
2.74576 0.461538 1 3.8332e-14 -4.02411e-14
2.79661 0.461538 1 2.30004e-14 -2.25907e-14
2.84746 0.461538 1 1.33089e-14 -1.236e-14
2.89831 0.461538 1 7.21824e-15 -6.47218e-15
2.94915 0.461538 1 3.19581e-15 -2.86268e-15
3 0.461538 1 0 0

0 0.512821 3 0.5 0
0.0508475 0.512821 2.29286 0.652851 0.00498989
0.101695 0.512821 2.12872 0.700107 0.0108707
0.152542 0.512821 2.05505 0.721341 0.0166438
0.20339 0.512821 2.0168 0.730496 0.0212517
0.254237 0.512821 1.99509 0.733496 0.0239701
0.305085 0.512821 1.98131 0.733235 0.0245771
0.355932 0.512821 1.96832 0.730335 0.0232878
0.40678 0.512821 1.94492 0.722648 0.0205703
0.457627 0.512821 1.89601 0.705023 0.0169747
0.508475 0.512821 1.81047 0.670963 0.0130342
0.559322 0.512821 1.69122 0.616214 0.00922065
0.610169 0.512821 1.55588 0.541894 0.00590212
0.661017 0.512821 1.42602 0.45453 0.0032943
0.711864 0.512821 1.3163 0.363013 0.00144495
0.762712 0.512821 1.23184 0.274975 0.000275102
0.813559 0.512821 1.17159 0.194771 -0.000349185
0.864407 0.512821 1.13228 0.123393 -0.000554219
0.915254 0.512821 1.11072 0.059371 -0.000424885
0.966102 0.512821 1.10557 0 0
1.01695 0.512821 0 0 0
1.0678 0.512821 0 0 0
1.11864 0.512821 0 0 0
1.16949 0.512821 0 0 0
1.22034 0.512821 0 0 0
1.27119 0.512821 0 0 0
1.32203 0.512821 0 0 0
1.37288 0.512821 0 0 0
1.42373 0.512821 0 0 0
1.47458 0.512821 0 0 0
1.52542 0.512821 0 0 0
1.57627 0.512821 0 0 0
1.62712 0.512821 0 0 0
1.67797 0.512821 0 0 0
1.72881 0.512821 0 0 0
1.77966 0.512821 0 0 0
1.83051 0.512821 0 0 0
1.88136 0.512821 0 0 0
1.9322 0.512821 0 0 0
1.98305 0.512821 0 0 0
2.0339 0.512821 1 0 0
2.08475 0.512821 1 5.74404e-14 -1.62959e-12
2.13559 0.512821 1 3.90857e-13 -2.90809e-12
2.18644 0.512821 1 8.00609e-13 -3.58174e-12
2.23729 0.512821 1 1.11258e-12 -3.63473e-12
2.28814 0.512821 1 1.24413e-12 -3.2363e-12
2.33898 0.512821 1 1.2022e-12 -2.61333e-12
2.38983 0.512821 1 1.04335e-12 -1.95424e-12
2.44068 0.512821 1 8.33077e-13 -1.37307e-12
2.49153 0.512821 1 6.22086e-13 -9.16158e-13
2.54237 0.512821 1 4.39573e-13 -5.85233e-13
2.59322 0.512821 1 2.9651e-13 -3.60172e-13
2.64407 0.512821 1 1.92212e-13 -2.14639e-13
2.69492 0.512821 1 1.20358e-13 -1.24358e-13
2.74576 0.512821 1 7.30615e-14 -7.02703e-14
2.79661 0.512821 1 4.30561e-14 -3.88198e-14
2.84746 0.512821 1 2.45089e-14 -2.09292e-14
2.89831 0.512821 1 1.3099e-14 -1.08156e-14
2.94915 0.512821 1 5.73283e-15 -4.73854e-15
3 0.512821 1 0 0

0 0.564103 3 0.5 0
0.0508475 0.564103 2.28727 0.654702 0.00477641
0.101695 0.564103 2.11954 0.702946 0.0109448
0.152542 0.564103 2.04263 0.724366 0.0179158
0.20339 0.564103 2.00202 0.732914 0.0247278
0.254237 0.564103 1.97918 0.73475 0.0304319
0.305085 0.564103 1.96544 0.733101 0.0343978
0.355932 0.564103 1.95336 0.728879 0.0363941
0.40678 0.564103 1.93138 0.720113 0.0364767
0.457627 0.564103 1.88419 0.701738 0.0348283
0.508475 0.564103 1.80062 0.667298 0.0316906
0.559322 0.564103 1.68354 0.612552 0.0274164
0.610169 0.564103 1.55033 0.538577 0.0225153
0.661017 0.564103 1.42231 0.451788 0.0175731
0.711864 0.564103 1.31398 0.360931 0.0130827
0.762712 0.564103 1.23046 0.273514 0.0093219
0.813559 0.564103 1.17079 0.193827 0.00633792
0.864407 0.564103 1.13182 0.122849 0.00399587
0.915254 0.564103 1.11041 0.0591326 0.00202211
0.966102 0.564103 1.10525 0 0
1.01695 0.564103 0 0 0
1.0678 0.564103 0 0 0
1.11864 0.564103 0 0 0
1.16949 0.564103 0 0 0
1.22034 0.564103 0 0 0
1.27119 0.564103 0 0 0
1.32203 0.564103 0 0 0
1.37288 0.564103 0 0 0
1.42373 0.564103 0 0 0
1.47458 0.564103 0 0 0
1.52542 0.564103 0 0 0
1.57627 0.564103 0 0 0
1.62712 0.564103 0 0 0
1.67797 0.564103 0 0 0
1.72881 0.564103 0 0 0
1.77966 0.564103 0 0 0
1.83051 0.564103 0 0 0
1.88136 0.564103 0 0 0
1.9322 0.564103 0 0 0
1.98305 0.564103 0 0 0
2.0339 0.564103 1 0 0
2.08475 0.564103 1 3.13795e-13 -3.6463e-12
2.13559 0.564103 1 1.21248e-12 -6.46426e-12
2.18644 0.564103 1 2.18864e-12 -7.83162e-12
2.23729 0.564103 1 2.83829e-12 -7.77304e-12
2.28814 0.564103 1 3.01629e-12 -6.75e-12
2.33898 0.564103 1 2.79372e-12 -5.31065e-12
2.38983 0.564103 1 2.33622e-12 -3.86959e-12
2.44068 0.564103 1 1.80424e-12 -2.65111e-12
2.49153 0.564103 1 1.30707e-12 -1.72666e-12
2.54237 0.564103 1 8.98333e-13 -1.07793e-12
2.59322 0.564103 1 5.90701e-13 -6.49168e-13
2.64407 0.564103 1 3.74013e-13 -3.79045e-13
2.69492 0.564103 1 2.29171e-13 -2.15438e-13
2.74576 0.564103 1 1.36358e-13 -1.19578e-13
2.79661 0.564103 1 7.88852e-14 -6.49571e-14
2.84746 0.564103 1 4.41558e-14 -3.44992e-14
2.89831 0.564103 1 2.32579e-14 -1.75951e-14
2.94915 0.564103 1 1.00499e-14 -7.64323e-15
3 0.564103 1 0 0

0 0.615385 3 0.5 0
0.0508475 0.615385 2.28193 0.65657 0.00544943
0.101695 0.615385 2.11045 0.705947 0.0130311
0.152542 0.615385 2.02965 0.727684 0.0222789
0.20339 0.615385 1.98568 0.735593 0.0320489
0.254237 0.615385 1.96059 0.735991 0.0410396
0.305085 0.615385 1.94586 0.73245 0.0482394
0.355932 0.615385 1.93374 0.726223 0.053083
0.40678 0.615385 1.91223 0.71557 0.0553421
0.457627 0.615385 1.86583 0.695568 0.054941
0.508475 0.615385 1.78357 0.659911 0.0519186
0.559322 0.615385 1.6686 0.60454 0.0465819
0.610169 0.615385 1.53821 0.530648 0.0396328
0.661017 0.615385 1.41318 0.444597 0.0320419
0.711864 0.615385 1.30747 0.354919 0.0247281
0.762712 0.615385 1.22596 0.26886 0.0182891
0.813559 0.615385 1.16766 0.190511 0.0129177
0.864407 0.615385 1.12956 0.120757 0.00844674
0.915254 0.615385 1.1086 0.0581338 0.00440416
0.966102 0.615385 1.10353 0 0
1.01695 0.615385 0 0 0
1.0678 0.615385 0 0 0
1.11864 0.615385 0 0 0
1.16949 0.615385 0 0 0
1.22034 0.615385 0 0 0
1.27119 0.615385 0 0 0
1.32203 0.615385 0 0 0
1.37288 0.615385 0 0 0
1.42373 0.615385 0 0 0
1.47458 0.615385 0 0 0
1.52542 0.615385 0 0 0
1.57627 0.615385 0 0 0
1.62712 0.615385 0 0 0
1.67797 0.615385 0 0 0
1.72881 0.615385 0 0 0
1.77966 0.615385 0 0 0
1.83051 0.615385 0 0 0
1.88136 0.615385 0 0 0
1.9322 0.615385 0 0 0
1.98305 0.615385 0 0 0
2.0339 0.615385 1 0 0
2.08475 0.615385 1 1.21083e-12 -8.20282e-12
2.13559 0.615385 1 3.61905e-12 -1.43953e-11
2.18644 0.615385 1 5.91054e-12 -1.70705e-11
2.23729 0.615385 1 7.17822e-12 -1.64891e-11
2.28814 0.615385 1 7.24101e-12 -1.39037e-11
2.33898 0.615385 1 6.41384e-12 -1.06183e-11
2.38983 0.615385 1 5.1558e-12 -7.5158e-12
2.44068 0.615385 1 3.84306e-12 -5.00845e-12
2.49153 0.615385 1 2.69616e-12 -3.17776e-12
2.54237 0.615385 1 1.79967e-12 -1.93578e-12
2.59322 0.615385 1 1.1522e-12 -1.13939e-12
2.64407 0.615385 1 7.11907e-13 -6.5121e-13
2.69492 0.615385 1 4.26505e-13 -3.62835e-13
2.74576 0.615385 1 2.48575e-13 -1.97701e-13
2.79661 0.615385 1 1.41105e-13 -1.05567e-13
2.84746 0.615385 1 7.76437e-14 -5.51996e-14
2.89831 0.615385 1 4.02993e-14 -2.77926e-14
2.94915 0.615385 1 1.72008e-14 -1.19757e-14
3 0.615385 1 0 0

0 0.666667 3 0.5 0
0.0508475 0.666667 2.27629 0.658615 0.00688924
0.101695 0.666667 2.10042 0.709256 0.0171318
0.152542 0.666667 2.01483 0.731212 0.030007
0.20339 0.666667 1.96662 0.738108 0.0437721
0.254237 0.666667 1.93852 0.736487 0.0565511
0.305085 0.666667 1.92208 0.730367 0.0669476
0.355932 0.666667 1.90913 0.721406 0.0741899
0.40678 0.666667 1.8872 0.708115 0.0779207
0.457627 0.666667 1.84066 0.685737 0.0779348
0.508475 0.666667 1.75912 0.648198 0.0741744
0.559322 0.666667 1.64636 0.591767 0.0670002
0.610169 0.666667 1.51959 0.517885 0.0573877
0.661017 0.666667 1.39876 0.432886 0.0467282
0.711864 0.666667 1.29692 0.345004 0.0363496
0.762712 0.666667 1.21845 0.261087 0.0271233
0.813559 0.666667 1.16232 0.184908 0.0193392
0.864407 0.666667 1.12558 0.117182 0.0127617
0.915254 0.666667 1.10536 0.0564118 0.006703
0.966102 0.666667 1.10047 0 0
1.01695 0.666667 0 0 0
1.0678 0.666667 0 0 0
1.11864 0.666667 0 0 0
1.16949 0.666667 0 0 0
1.22034 0.666667 0 0 0
1.27119 0.666667 0 0 0
1.32203 0.666667 0 0 0
1.37288 0.666667 0 0 0
1.42373 0.666667 0 0 0
1.47458 0.666667 0 0 0
1.52542 0.666667 0 0 0
1.57627 0.666667 0 0 0
1.62712 0.666667 0 0 0
1.67797 0.666667 0 0 0
1.72881 0.666667 0 0 0
1.77966 0.666667 0 0 0
1.83051 0.666667 0 0 0
1.88136 0.666667 0 0 0
1.9322 0.666667 0 0 0
1.98305 0.666667 0 0 0
2.0339 0.666667 1 0 0
2.08475 0.666667 1 4.13649e-12 -1.86159e-11
2.13559 0.666667 1 1.05577e-11 -3.21532e-11
2.18644 0.666667 1 1.58059e-11 -3.70661e-11
2.23729 0.666667 1 1.79825e-11 -3.46266e-11
2.28814 0.666667 1 1.71756e-11 -2.82012e-11
2.33898 0.666667 1 1.45067e-11 -2.08169e-11
2.38983 0.666667 1 1.11799e-11 -1.42651e-11
2.44068 0.666667 1 8.02507e-12 -9.22213e-12
2.49153 0.666667 1 5.44238e-12 -5.68872e-12
2.54237 0.666667 1 3.52313e-12 -3.37624e-12
2.59322 0.666667 1 2.19376e-12 -1.94002e-12
2.64407 0.666667 1 1.32157e-12 -1.08447e-12
2.69492 0.666667 1 7.73658e-13 -5.91994e-13
2.74576 0.666667 1 4.41481e-13 -3.16516e-13
2.79661 0.666667 1 2.45835e-13 -1.66092e-13
2.84746 0.666667 1 1.32942e-13 -8.54851e-14
2.89831 0.666667 1 6.79701e-14 -4.24716e-14
2.94915 0.666667 1 2.86631e-14 -1.81468e-14
3 0.666667 1 0 0

0 0.717949 3 0.5 0
0.0508475 0.717949 2.27013 0.660871 0.00909034
0.101695 0.717949 2.08756 0.712788 0.0235247
0.152542 0.717949 1.99406 0.734474 0.0415664
0.20339 0.717949 1.93892 0.739455 0.0603469
0.254237 0.717949 1.90652 0.734778 0.0773172
0.305085 0.717949 1.88856 0.725141 0.090809
0.355932 0.717949 1.87566 0.7127 0.0999799
0.40678 0.717949 1.85397 0.696175 0.104446
0.457627 0.717949 1.80749 0.67092 0.103965
0.508475 0.717949 1.72674 0.631129 0.0984969
0.559322 0.717949 1.61667 0.573511 0.0885948
0.610169 0.717949 1.49456 0.499852 0.0756258
0.661017 0.717949 1.37922 0.416453 0.0614482
0.711864 0.717949 1.2825 0.331144 0.0477729
0.762712 0.717949 1.2081 0.25024 0.0356823
0.813559 0.717949 1.15487 0.177092 0.0254994
0.864407 0.717949 1.12 0.112194 0.016876
0.915254 0.717949 1.10077 0.0540077 0.00888714
0.966102 0.717949 1.09612 0 0
1.01695 0.717949 0 0 0
1.0678 0.717949 0 0 0
1.11864 0.717949 0 0 0
1.16949 0.717949 0 0 0
1.22034 0.717949 0 0 0
1.27119 0.717949 0 0 0
1.32203 0.717949 0 0 0
1.37288 0.717949 0 0 0
1.42373 0.717949 0 0 0
1.47458 0.717949 0 0 0
1.52542 0.717949 0 0 0
1.57627 0.717949 0 0 0
1.62712 0.717949 0 0 0
1.67797 0.717949 0 0 0
1.72881 0.717949 0 0 0
1.77966 0.717949 0 0 0
1.83051 0.717949 0 0 0
1.88136 0.717949 0 0 0
1.9322 0.717949 0 0 0
1.98305 0.717949 0 0 0
2.0339 0.717949 1 0 0
2.08475 0.717949 1 1.33836e-11 -4.28168e-11
2.13559 0.717949 1 3.04052e-11 -7.211e-11
2.18644 0.717949 1 4.19066e-11 -8.0056e-11
2.23729 0.717949 1 4.45449e-11 -7.17564e-11
2.28814 0.717949 1 4.01306e-11 -5.60945e-11
2.33898 0.717949 1 3.22063e-11 -3.98301e-11
2.38983 0.717949 1 2.37269e-11 -2.63297e-11
2.44068 0.717949 1 1.6364e-11 -1.64693e-11
2.49153 0.717949 1 1.07091e-11 -9.85785e-12
2.54237 0.717949 1 6.71472e-12 -5.69233e-12
2.59322 0.717949 1 4.06268e-12 -3.19012e-12
2.64407 0.717949 1 2.38474e-12 -1.74306e-12
2.69492 0.717949 1 1.36357e-12 -9.31859e-13
2.74576 0.717949 1 7.61655e-13 -4.88787e-13
2.79661 0.717949 1 4.15979e-13 -2.52042e-13
2.84746 0.717949 1 2.21088e-13 -1.2769e-13
2.89831 0.717949 1 1.11359e-13 -6.26069e-14
2.94915 0.717949 1 4.63823e-14 -2.652e-14
3 0.717949 1 0 0

0 0.769231 3 0.5 0
0.0508475 0.769231 2.26615 0.66276 0.0126637
0.101695 0.769231 2.07784 0.715235 0.0342946
0.152542 0.769231 1.98066 0.735271 0.0605193
0.20339 0.769231 1.92361 0.736958 0.0861564
0.254237 0.769231 1.88837 0.72827 0.107567
0.305085 0.769231 1.86564 0.714554 0.123111
0.355932 0.769231 1.84702 0.698258 0.132507
0.40678 0.769231 1.81987 0.678173 0.135879
0.457627 0.769231 1.76939 0.649766 0.13322
0.508475 0.769231 1.68748 0.60761 0.124623
0.559322 0.769231 1.57997 0.548994 0.110902
0.610169 0.769231 1.46344 0.476098 0.0938472
0.661017 0.769231 1.3549 0.395118 0.0757583
0.711864 0.769231 1.26451 0.313339 0.0586482
0.762712 0.769231 1.19514 0.236413 0.0437139
0.813559 0.769231 1.14548 0.167184 0.0312335
0.864407 0.769231 1.11291 0.105897 0.0206947
0.915254 0.769231 1.09493 0.0509811 0.0109132
0.966102 0.769231 1.09055 0 0
1.01695 0.769231 0 0 0
1.0678 0.769231 0 0 0
1.11864 0.769231 0 0 0
1.16949 0.769231 0 0 0
1.22034 0.769231 0 0 0
1.27119 0.769231 0 0 0
1.32203 0.769231 0 0 0
1.37288 0.769231 0 0 0
1.42373 0.769231 0 0 0
1.47458 0.769231 0 0 0
1.52542 0.769231 0 0 0
1.57627 0.769231 0 0 0
1.62712 0.769231 0 0 0
1.67797 0.769231 0 0 0
1.72881 0.769231 0 0 0
1.77966 0.769231 0 0 0
1.83051 0.769231 0 0 0
1.88136 0.769231 0 0 0
1.9322 0.769231 0 0 0
1.98305 0.769231 0 0 0
2.0339 0.769231 1 0 0
2.08475 0.769231 1 4.23963e-11 -1.0041e-10
2.13559 0.769231 1 8.70519e-11 -1.62468e-10
2.18644 0.769231 1 1.10139e-10 -1.71486e-10
2.23729 0.769231 1 1.08771e-10 -1.46025e-10
2.28814 0.769231 1 9.19584e-11 -1.08774e-10
2.33898 0.769231 1 6.98414e-11 -7.39082e-11
2.38983 0.769231 1 4.90385e-11 -4.69581e-11
2.44068 0.769231 1 3.24256e-11 -2.83476e-11
2.49153 0.769231 1 2.04465e-11 -1.64369e-11
2.54237 0.769231 1 1.24049e-11 -9.22469e-12
2.59322 0.769231 1 7.28831e-12 -5.03898e-12
2.64407 0.769231 1 4.16708e-12 -2.69038e-12
2.69492 0.769231 1 2.32696e-12 -1.4085e-12
2.74576 0.769231 1 1.27231e-12 -7.24879e-13
2.79661 0.769231 1 6.81617e-13 -3.67368e-13
2.84746 0.769231 1 3.561e-13 -1.83248e-13
2.89831 0.769231 1 1.76736e-13 -8.86835e-14
2.94915 0.769231 1 7.27478e-14 -3.72515e-14
3 0.769231 1 0 0

0 0.820513 3 0.5 0
0.0508475 0.820513 2.25295 0.664521 0.0165918
0.101695 0.820513 2.03108 0.716711 0.0468934
0.152542 0.820513 1.8963 0.732704 0.080803
0.20339 0.820513 1.81477 0.727842 0.112017
0.254237 0.820513 1.77748 0.712232 0.137481
0.305085 0.820513 1.76947 0.692888 0.155674
0.355932 0.820513 1.76972 0.672668 0.166059
0.40678 0.820513 1.75666 0.649831 0.168604
0.457627 0.820513 1.71394 0.619314 0.163406
0.508475 0.820513 1.63692 0.575813 0.150954
0.559322 0.820513 1.5352 0.517234 0.132695
0.610169 0.820513 1.42638 0.446221 0.111092
0.661017 0.820513 1.32624 0.368838 0.088931
0.711864 0.820513 1.24338 0.291737 0.0684524
0.762712 0.820513 1.17989 0.219827 0.0508664
0.813559 0.820513 1.13439 0.155412 0.0363276
0.864407 0.820513 1.10449 0.098475 0.0241096
0.915254 0.820513 1.08795 0.047431 0.0127426
0.966102 0.820513 1.08394 0 0
1.01695 0.820513 0 0 0
1.0678 0.820513 0 0 0
1.11864 0.820513 0 0 0
1.16949 0.820513 0 0 0
1.22034 0.820513 0 0 0
1.27119 0.820513 0 0 0
1.32203 0.820513 0 0 0
1.37288 0.820513 0 0 0
1.42373 0.820513 0 0 0
1.47458 0.820513 0 0 0
1.52542 0.820513 0 0 0
1.57627 0.820513 0 0 0
1.62712 0.820513 0 0 0
1.67797 0.820513 0 0 0
1.72881 0.820513 0 0 0
1.77966 0.820513 0 0 0
1.83051 0.820513 0 0 0
1.88136 0.820513 0 0 0
1.9322 0.820513 0 0 0
1.98305 0.820513 0 0 0
2.0339 0.820513 1 0 0
2.08475 0.820513 1 1.34595e-10 -2.41924e-10
2.13559 0.820513 1 2.48984e-10 -3.67422e-10
2.18644 0.820513 1 2.86313e-10 -3.6234e-10
2.23729 0.820513 1 2.60476e-10 -2.89586e-10
2.28814 0.820513 1 2.05375e-10 -2.03881e-10
2.33898 0.820513 1 1.46983e-10 -1.31857e-10
2.38983 0.820513 1 9.80812e-11 -8.0247e-11
2.44068 0.820513 1 6.20661e-11 -4.66567e-11
2.49153 0.820513 1 3.76694e-11 -2.61764e-11
2.54237 0.820513 1 2.21014e-11 -1.42704e-11
2.59322 0.820513 1 1.26073e-11 -7.59719e-12
2.64407 0.820513 1 7.02159e-12 -3.96428e-12
2.69492 0.820513 1 3.83019e-12 -2.0332e-12
2.74576 0.820513 1 2.05071e-12 -1.02718e-12
2.79661 0.820513 1 1.07815e-12 -5.11935e-13
2.84746 0.820513 1 5.53937e-13 -2.5157e-13
2.89831 0.820513 1 2.71027e-13 -1.20213e-13
2.94915 0.820513 1 1.10285e-13 -5.00868e-14
3 0.820513 1 0 0

0 0.871795 3 0.5 0
0.0508475 0.871795 2.31771 0.654924 0.0348069
0.101695 0.871795 2.13686 0.700287 0.0894541
0.152542 0.871795 2.05078 0.709778 0.140214
0.20339 0.871795 1.98521 0.701768 0.176977
0.254237 0.871795 1.91593 0.684984 0.19925
0.305085 0.871795 1.85015 0.664073 0.210155
0.355932 0.871795 1.79414 0.641177 0.212544
0.40678 0.871795 1.73984 0.615086 0.207657
0.457627 0.871795 1.67306 0.581658 0.195636
0.508475 0.871795 1.58676 0.536585 0.176827
0.559322 0.871795 1.48651 0.478581 0.152789
0.610169 0.871795 1.38516 0.410518 0.126229
0.661017 0.871795 1.29425 0.337989 0.10008
0.711864 0.871795 1.21977 0.266766 0.0765593
0.762712 0.871795 1.1628 0.200912 0.0567323
0.813559 0.871795 1.12189 0.142165 0.0405523
0.864407 0.871795 1.09492 0.0902468 0.027038
0.915254 0.871795 1.08001 0.0435411 0.0143866
0.966102 0.871795 1.07662 0 0
1.01695 0.871795 0 0 0
1.0678 0.871795 0 0 0
1.11864 0.871795 0 0 0
1.16949 0.871795 0 0 0
1.22034 0.871795 0 0 0
1.27119 0.871795 0 0 0
1.32203 0.871795 0 0 0
1.37288 0.871795 0 0 0
1.42373 0.871795 0 0 0
1.47458 0.871795 0 0 0
1.52542 0.871795 0 0 0
1.57627 0.871795 0 0 0
1.62712 0.871795 0 0 0
1.67797 0.871795 0 0 0
1.72881 0.871795 0 0 0
1.77966 0.871795 0 0 0
1.83051 0.871795 0 0 0
1.88136 0.871795 0 0 0
1.9322 0.871795 0 0 0
1.98305 0.871795 0 0 0
2.0339 0.871795 1 0 0
2.08475 0.871795 1 4.37787e-10 -6.04284e-10
2.13559 0.871795 1 7.12918e-10 -8.30589e-10
2.18644 0.871795 1 7.32072e-10 -7.47643e-10
2.23729 0.871795 1 6.06693e-10 -5.52888e-10
2.28814 0.871795 1 4.43092e-10 -3.64826e-10
2.33898 0.871795 1 2.9763e-10 -2.23508e-10
2.38983 0.871795 1 1.88333e-10 -1.29967e-10
2.44068 0.871795 1 1.13933e-10 -7.26978e-11
2.49153 0.871795 1 6.65341e-11 -3.94563e-11
2.54237 0.871795 1 3.77568e-11 -2.09014e-11
2.59322 0.871795 1 2.09201e-11 -1.08519e-11
2.64407 0.871795 1 1.13569e-11 -5.53895e-12
2.69492 0.871795 1 6.05618e-12 -2.78569e-12
2.74576 0.871795 1 3.17771e-12 -1.38289e-12
2.79661 0.871795 1 1.64086e-12 -6.78465e-13
2.84746 0.871795 1 8.29771e-13 -3.28759e-13
2.89831 0.871795 1 4.00525e-13 -1.55262e-13
2.94915 0.871795 1 1.61216e-13 -6.42005e-14
3 0.871795 1 0 0

0 0.923077 3 0.5 0
0.0508475 0.923077 2.00304 0.651834 0.0182685
0.101695 0.923077 1.60809 0.68137 0.0901215
0.152542 0.923077 1.43518 0.67053 0.156819
0.20339 0.923077 1.4098 0.644657 0.204893
0.254237 0.923077 1.46546 0.618035 0.23361
0.305085 0.923077 1.5419 0.596043 0.246754
0.355932 0.923077 1.59767 0.577229 0.248072
0.40678 0.923077 1.61218 0.556263 0.239641
0.457627 0.923077 1.5814 0.527032 0.222484
0.508475 0.923077 1.51435 0.485521 0.197965
0.559322 0.923077 1.42791 0.431634 0.168582
0.610169 0.923077 1.33911 0.369007 0.137617
0.661017 0.923077 1.25954 0.303122 0.108158
0.711864 0.923077 1.19438 0.239098 0.0822979
0.762712 0.923077 1.1444 0.18031 0.0608936
0.813559 0.923077 1.10829 0.128042 0.0436898
0.864407 0.923077 1.08437 0.0817824 0.0294666
0.915254 0.923077 1.07106 0.0397293 0.0159879
0.966102 0.923077 1.06963 0 0
1.01695 0.923077 0 0 0
1.0678 0.923077 0 0 0
1.11864 0.923077 0 0 0
1.16949 0.923077 0 0 0
1.22034 0.923077 0 0 0
1.27119 0.923077 0 0 0
1.32203 0.923077 0 0 0
1.37288 0.923077 0 0 0
1.42373 0.923077 0 0 0
1.47458 0.923077 0 0 0
1.52542 0.923077 0 0 0
1.57627 0.923077 0 0 0
1.62712 0.923077 0 0 0
1.67797 0.923077 0 0 0
1.72881 0.923077 0 0 0
1.77966 0.923077 0 0 0
1.83051 0.923077 0 0 0
1.88136 0.923077 0 0 0
1.9322 0.923077 0 0 0
1.98305 0.923077 0 0 0
2.0339 0.923077 1 0 0
2.08475 0.923077 1 1.4958e-09 -1.57525e-09
2.13559 0.923077 1 2.03686e-09 -1.85436e-09
2.18644 0.923077 1 1.81993e-09 -1.47848e-09
2.23729 0.923077 1 1.35648e-09 -9.96629e-10
2.28814 0.923077 1 9.11989e-10 -6.12029e-10
2.33898 0.923077 1 5.73385e-10 -3.54192e-10
2.38983 0.923077 1 3.43772e-10 -1.96679e-10
2.44068 0.923077 1 1.98863e-10 -1.0591e-10
2.49153 0.923077 1 1.11833e-10 -5.56794e-11
2.54237 0.923077 1 6.14534e-11 -2.87068e-11
2.59322 0.923077 1 3.31169e-11 -1.45605e-11
2.64407 0.923077 1 1.7548e-11 -7.28217e-12
2.69492 0.923077 1 9.16046e-12 -3.59738e-12
2.74576 0.923077 1 4.71679e-12 -1.75764e-12
2.79661 0.923077 1 2.39519e-12 -8.50151e-13
2.84746 0.923077 1 1.19354e-12 -4.0677e-13
2.89831 0.923077 1 5.68947e-13 -1.90072e-13
2.94915 0.923077 1 2.26743e-13 -7.80475e-14
3 0.923077 1 0 0

0 0.974359 3 0.5 0
0.0508475 0.974359 3.36873 0.501149 0.197997
0.101695 0.974359 2.80215 0.572545 0.261033
0.152542 0.974359 2.36846 0.593429 0.281625
0.20339 0.974359 2.06882 0.585724 0.289679
0.254237 0.974359 1.87597 0.566709 0.292856
0.305085 0.974359 1.75589 0.545804 0.291279
0.355932 0.974359 1.67557 0.52504 0.283228
0.40678 0.974359 1.60785 0.501583 0.267292
0.457627 0.974359 1.536 0.471042 0.243287
0.508475 0.974359 1.45577 0.430552 0.212709
0.559322 0.974359 1.37216 0.380457 0.178488
0.610169 0.974359 1.29303 0.324015 0.144068
0.661017 0.974359 1.22427 0.265775 0.112356
0.711864 0.974359 1.16838 0.209848 0.0851318
0.762712 0.974359 1.12537 0.158886 0.062987
0.813559 0.974359 1.09403 0.113829 0.0455243
0.864407 0.974359 1.07314 0.0740457 0.0314827
0.915254 0.974359 1.06228 0.0373431 0.0183199
0.966102 0.974359 1.06787 0 0
1.01695 0.974359 0 0 0
1.0678 0.974359 0 0 0
1.11864 0.974359 0 0 0
1.16949 0.974359 0 0 0
1.22034 0.974359 0 0 0
1.27119 0.974359 0 0 0
1.32203 0.974359 0 0 0
1.37288 0.974359 0 0 0
1.42373 0.974359 0 0 0
1.47458 0.974359 0 0 0
1.52542 0.974359 0 0 0
1.57627 0.974359 0 0 0
1.62712 0.974359 0 0 0
1.67797 0.974359 0 0 0
1.72881 0.974359 0 0 0
1.77966 0.974359 0 0 0
1.83051 0.974359 0 0 0
1.88136 0.974359 0 0 0
1.9322 0.974359 0 0 0
1.98305 0.974359 0 0 0
2.0339 0.974359 1 0 0
2.08475 0.974359 1 5.52514e-09 -4.39595e-09
2.13559 0.974359 1 5.69938e-09 -3.96882e-09
2.18644 0.974359 1 4.30003e-09 -2.70509e-09
2.23729 0.974359 1 2.85212e-09 -1.64393e-09
2.28814 0.974359 1 1.75988e-09 -9.37783e-10
2.33898 0.974359 1 1.03592e-09 -5.13564e-10
2.38983 0.974359 1 5.89489e-10 -2.73184e-10
2.44068 0.974359 1 3.26839e-10 -1.42124e-10
2.49153 0.974359 1 1.7745e-10 -7.26312e-11
2.54237 0.974359 1 9.46611e-11 -3.65673e-11
2.59322 0.974359 1 4.97349e-11 -1.81751e-11
2.64407 0.974359 1 2.57813e-11 -8.93174e-12
2.69492 0.974359 1 1.32025e-11 -4.34488e-12
2.74576 0.974359 1 6.68393e-12 -2.09412e-12
2.79661 0.974359 1 3.34368e-12 -1.00065e-12
2.84746 0.974359 1 1.64444e-12 -4.73633e-13
2.89831 0.974359 1 7.75185e-13 -2.19301e-13
2.94915 0.974359 1 3.06212e-13 -8.94972e-14
3 0.974359 1 0 0

0 1.02564 0.102128 0 0
0.0508475 1.02564 0.605187 0.154646 0.310765
0.101695 1.02564 0.983202 0.27184 0.388179
0.152542 1.02564 1.21079 0.35004 0.395659
0.20339 1.02564 1.35038 0.395484 0.381801
0.254237 1.02564 1.43645 0.419296 0.362254
0.305085 1.02564 1.48397 0.429633 0.34077
0.355932 1.02564 1.49806 0.429942 0.316707
0.40678 1.02564 1.48107 0.420134 0.288513
0.457627 1.02564 1.43783 0.398964 0.255574
0.508475 1.02564 1.3773 0.366305 0.218951
0.559322 1.02564 1.31023 0.324191 0.181059
0.610169 1.02564 1.24564 0.276393 0.144707
0.661017 1.02564 1.18902 0.227167 0.112171
0.711864 1.02564 1.14257 0.180086 0.0847355
0.762712 1.02564 1.10625 0.137454 0.0626924
0.813559 1.02564 1.07891 0.100277 0.0455523
0.864407 1.02564 1.05875 0.0685632 0.0322349
0.915254 1.02564 1.04333 0.0417657 0.0210726
0.966102 1.02564 1.02642 0.0189546 0.00982728
1.01695 1.02564 0.995161 0 0
1.0678 1.02564 0.999947 0 0
1.11864 1.02564 1.00048 0 0
1.16949 1.02564 1.00039 0 0
1.22034 1.02564 1.00026 0 0
1.27119 1.02564 1.00016 0 0
1.32203 1.02564 1.0001 0 0
1.37288 1.02564 1.00006 0 0
1.42373 1.02564 1.00003 0 0
1.47458 1.02564 1.00002 0 0
1.52542 1.02564 1.00001 0 0
1.57627 1.02564 1.00001 0 0
1.62712 1.02564 1 0 0
1.67797 1.02564 1 0 0
1.72881 1.02564 1 0 0
1.77966 1.02564 1 0 0
1.83051 1.02564 1 0 0
1.88136 1.02564 1 0 0
1.9322 1.02564 1 0 0
1.98305 1.02564 1 0 0
2.0339 1.02564 1 2.59593e-08 -1.32573e-08
2.08475 1.02564 1 2.18341e-08 -1.12073e-08
2.13559 1.02564 1 1.49419e-08 -7.25963e-09
2.18644 1.02564 1 9.28788e-09 -4.25035e-09
2.23729 1.02564 1 5.47217e-09 -2.35945e-09
2.28814 1.02564 1 3.11234e-09 -1.26628e-09
2.33898 1.02564 1 1.72523e-09 -6.63399e-10
2.38983 1.02564 1 9.37224e-10 -3.41132e-10
2.44068 1.02564 1 5.00723e-10 -1.72762e-10
2.49153 1.02564 1 2.63711e-10 -8.63654e-11
2.54237 1.02564 1 1.37139e-10 -4.26869e-11
2.59322 1.02564 1 7.05059e-11 -2.08848e-11
2.64407 1.02564 1 3.58699e-11 -1.01237e-11
2.69492 1.02564 1 1.80704e-11 -4.8657e-12
2.74576 1.02564 1 9.01735e-12 -2.32008e-12
2.79661 1.02564 1 4.45373e-12 -1.09799e-12
2.84746 1.02564 1 2.16593e-12 -5.15238e-13
2.89831 1.02564 1 1.01135e-12 -2.36824e-13
2.94915 1.02564 1 3.96496e-13 -9.61709e-14
3 1.02564 1 0 0

0 1.07692 0.741917 0 0
0.0508475 1.07692 0.938878 0.0522188 0.145467
0.101695 1.07692 1.10754 0.132986 0.255216
0.152542 1.07692 1.23168 0.206593 0.313438
0.20339 1.07692 1.31861 0.263017 0.337308
0.254237 1.07692 1.3769 0.302587 0.340627
0.305085 1.07692 1.40888 0.327841 0.330826
0.355932 1.07692 1.41488 0.340167 0.31128
0.40678 1.07692 1.39642 0.339687 0.283752
0.457627 1.07692 1.35823 0.326457 0.250068
0.508475 1.07692 1.3079 0.301678 0.212773
0.559322 1.07692 1.25356 0.268078 0.174874
0.610169 1.07692 1.20166 0.229372 0.13915
0.661017 1.07692 1.15608 0.189326 0.107588
0.711864 1.07692 1.11833 0.150988 0.0811813
0.762712 1.07692 1.0884 0.116349 0.0600392
0.813559 1.07692 1.06539 0.0863865 0.0436185
0.864407 1.07692 1.04796 0.0613283 0.030922
0.915254 1.07692 1.03444 0.0409579 0.0206327
0.966102 1.07692 1.02238 0.0247727 0.0113676
1.01695 1.07692 1.0104 0.0125206 0.0032811
1.0678 1.07692 1.005 0.00652435 0.000911297
1.11864 1.07692 1.00254 0.00352265 0.000223016
1.16949 1.07692 1.00136 0.00195083 1.41211e-05
1.22034 1.07692 1.00075 0.00109904 -4.10041e-05
1.27119 1.07692 1.00042 0.000625578 -4.61676e-05
1.32203 1.07692 1.00024 0.000357912 -3.72447e-05
1.37288 1.07692 1.00013 0.000205047 -2.65173e-05
1.42373 1.07692 1.00008 0.000117308 -1.76572e-05
1.47458 1.07692 1.00004 6.68884e-05 -1.12632e-05
1.52542 1.07692 1.00002 3.79596e-05 -6.96613e-06
1.57627 1.07692 1.00001 2.14194e-05 -4.20608e-06
1.62712 1.07692 1.00001 1.2009e-05 -2.48975e-06
1.67797 1.07692 1 6.6865e-06 -1.44889e-06
1.72881 1.07692 1 3.69609e-06 -8.30542e-07
1.77966 1.07692 1 2.02789e-06 -4.69626e-07
1.83051 1.07692 1 1.10426e-06 -2.62244e-07
1.88136 1.07692 1 5.96953e-07 -1.44815e-07
1.9322 1.07692 1 3.20922e-07 -7.9414e-08
1.98305 1.07692 1 1.7319e-07 -4.44368e-08
2.0339 1.07692 1 9.81755e-08 -2.91554e-08
2.08475 1.07692 1 5.51199e-08 -1.7296e-08
2.13559 1.07692 1 3.06529e-08 -9.74783e-09
2.18644 1.07692 1 1.68439e-08 -5.29885e-09
2.23729 1.07692 1 9.14313e-09 -2.80674e-09
2.28814 1.07692 1 4.90434e-09 -1.45752e-09
2.33898 1.07692 1 2.60109e-09 -7.44869e-10
2.38983 1.07692 1 1.36487e-09 -3.75576e-10
2.44068 1.07692 1 7.09008e-10 -1.87168e-10
2.49153 1.07692 1 3.64808e-10 -9.2306e-11
2.54237 1.07692 1 1.8601e-10 -4.50934e-11
2.59322 1.07692 1 9.40253e-11 -2.18376e-11
2.64407 1.07692 1 4.71349e-11 -1.04898e-11
2.69492 1.07692 1 2.34393e-11 -5.00055e-12
2.74576 1.07692 1 1.15625e-11 -2.36672e-12
2.79661 1.07692 1 5.65255e-12 -1.11247e-12
2.84746 1.07692 1 2.72416e-12 -5.18803e-13
2.89831 1.07692 1 1.26221e-12 -2.37186e-13
2.94915 1.07692 1 4.91823e-13 -9.59749e-14
3 1.07692 1 0 0

0 1.12821 0.940553 0 0
0.0508475 1.12821 1.00461 0.0196445 0.0956376
0.101695 1.12821 1.10948 0.0640411 0.188116
0.152542 1.12821 1.19402 0.118675 0.25332
0.20339 1.12821 1.25898 0.169615 0.290512
0.254237 1.12821 1.30415 0.211246 0.305479
0.305085 1.12821 1.32849 0.241577 0.303562
0.355932 1.12821 1.33174 0.25969 0.288646
0.40678 1.12821 1.31571 0.265141 0.263843
0.457627 1.12821 1.28481 0.258308 0.232242
0.508475 1.12821 1.24515 0.240802 0.19713
0.559322 1.12821 1.20275 0.215374 0.161695
0.610169 1.12821 1.16224 0.185354 0.128545
0.661017 1.12821 1.12641 0.153935 0.0993991
0.711864 1.12821 1.09641 0.123666 0.0750518
0.762712 1.12821 1.07229 0.0962389 0.05553
0.813559 1.12821 1.05344 0.0725471 0.0403223
0.864407 1.12821 1.03892 0.0528698 0.0285836
0.915254 1.12821 1.0276 0.0370744 0.019318
0.966102 1.12821 1.01823 0.0247419 0.0116515
1.01695 1.12821 1.01011 0.0153715 0.00555991
1.0678 1.12821 1.00574 0.00914628 0.00242
1.11864 1.12821 1.00326 0.00537158 0.00100322
1.16949 1.12821 1.00185 0.00314141 0.000392026
1.22034 1.12821 1.00105 0.00183384 0.000136992
1.27119 1.12821 1.0006 0.00106865 3.59166e-05
1.32203 1.12821 1.00034 0.000621164 -3.06963e-07
1.37288 1.12821 1.00019 0.000359774 -1.04501e-05
1.42373 1.12821 1.00011 0.000207434 -1.10181e-05
1.47458 1.12821 1.00006 0.000118955 -8.74583e-06
1.52542 1.12821 1.00003 6.78022e-05 -6.16348e-06
1.57627 1.12821 1.00002 3.83902e-05 -4.06056e-06
1.62712 1.12821 1.00001 2.15841e-05 -2.55838e-06
1.67797 1.12821 1.00001 1.20462e-05 -1.56019e-06
1.72881 1.12821 1 6.67241e-06 -9.27451e-07
1.77966 1.12821 1 3.66749e-06 -5.39858e-07
1.83051 1.12821 1 2.00029e-06 -3.08691e-07
1.88136 1.12821 1 1.08271e-06 -1.73874e-07
1.9322 1.12821 1 5.81987e-07 -9.69173e-08
1.98305 1.12821 1 3.11391e-07 -5.42096e-08
2.0339 1.12821 1 1.6666e-07 -3.1431e-08
2.08475 1.12821 1 8.88353e-08 -1.77581e-08
2.13559 1.12821 1 4.715e-08 -9.7536e-09
2.18644 1.12821 1 2.48941e-08 -5.22311e-09
2.23729 1.12821 1 1.30647e-08 -2.73864e-09
2.28814 1.12821 1 6.81167e-09 -1.41105e-09
2.33898 1.12821 1 3.52695e-09 -7.16367e-10
2.38983 1.12821 1 1.81322e-09 -3.59087e-10
2.44068 1.12821 1 9.25479e-10 -1.77987e-10
2.49153 1.12821 1 4.6897e-10 -8.73373e-11
2.54237 1.12821 1 2.35942e-10 -4.24635e-11
2.59322 1.12821 1 1.17864e-10 -2.04711e-11
2.64407 1.12821 1 5.8467e-11 -9.79089e-12
2.69492 1.12821 1 2.88017e-11 -4.64802e-12
2.74576 1.12821 1 1.40877e-11 -2.19109e-12
2.79661 1.12821 1 6.8345e-12 -1.02594e-12
2.84746 1.12821 1 3.27135e-12 -4.76698e-13
2.89831 1.12821 1 1.50687e-12 -2.17222e-13
2.94915 1.12821 1 5.84409e-13 -8.76995e-14
3 1.12821 1 0 0

0 1.17949 0.994058 0 0
0.0508475 1.17949 1.02627 0.00568731 0.0717425
0.101695 1.17949 1.09532 0.0293016 0.145483
0.152542 1.17949 1.15548 0.0664941 0.204357
0.20339 1.17949 1.20442 0.106855 0.24309
0.254237 1.17949 1.23882 0.143674 0.262473
0.305085 1.17949 1.2569 0.172909 0.265244
0.355932 1.17949 1.25851 0.192236 0.254555
0.40678 1.17949 1.24551 0.200627 0.233685
0.457627 1.17949 1.22159 0.19833 0.206053
0.508475 1.17949 1.19135 0.18682 0.175064
0.559322 1.17949 1.15912 0.168486 0.14376
0.610169 1.17949 1.1282 0.146092 0.114486
0.661017 1.17949 1.1006 0.122241 0.0887264
0.711864 1.17949 1.07721 0.0990069 0.0671485
0.762712 1.17949 1.05817 0.0777974 0.0497697
0.813559 1.17949 1.04309 0.0593935 0.0361676
0.864407 1.17949 1.03135 0.0440754 0.0256695
0.915254 1.17949 1.02223 0.0317633 0.0175269
0.966102 1.17949 1.01501 0.0221303 0.0111198
1.01695 1.17949 1.00931 0.0147549 0.00626115
1.0678 1.17949 1.00566 0.0094375 0.00327496
1.11864 1.17949 1.00338 0.00587445 0.0016341
1.16949 1.17949 1.002 0.00359175 0.000787242
1.22034 1.17949 1.00118 0.00216836 0.000366888
1.27119 1.17949 1.00069 0.00129608 0.000164473
1.32203 1.17949 1.0004 0.000768067 6.99007e-05
1.37288 1.17949 1.00023 0.000451535 2.72923e-05
1.42373 1.17949 1.00013 0.000263389 9.03763e-06
1.47458 1.17949 1.00007 0.000152448 1.81249e-06
1.52542 1.17949 1.00004 8.75456e-05 -6.49808e-07
1.57627 1.17949 1.00002 4.9876e-05 -1.20251e-06
1.62712 1.17949 1.00001 2.81873e-05 -1.08732e-06
1.67797 1.17949 1.00001 1.58012e-05 -8.08216e-07
1.72881 1.17949 1 8.78593e-06 -5.45686e-07
1.77966 1.17949 1 4.8455e-06 -3.47365e-07
1.83051 1.17949 1 2.65069e-06 -2.12299e-07
1.88136 1.17949 1 1.43846e-06 -1.25917e-07
1.9322 1.17949 1 7.74603e-07 -7.31021e-08
1.98305 1.17949 1 4.14189e-07 -4.20082e-08
2.0339 1.17949 1 2.20107e-07 -2.42273e-08
2.08475 1.17949 1 1.16216e-07 -1.3728e-08
2.13559 1.17949 1 6.0987e-08 -7.59971e-09
2.18644 1.17949 1 3.18116e-08 -4.10918e-09
2.23729 1.17949 1 1.64931e-08 -2.17482e-09
2.28814 1.17949 1 8.49866e-09 -1.12969e-09
2.33898 1.17949 1 4.35192e-09 -5.77345e-10
2.38983 1.17949 1 2.2144e-09 -2.90902e-10
2.44068 1.17949 1 1.11956e-09 -1.44749e-10
2.49153 1.17949 1 5.62386e-10 -7.12242e-11
2.54237 1.17949 1 2.80686e-10 -3.46929e-11
2.59322 1.17949 1 1.3919e-10 -1.67429e-11
2.64407 1.17949 1 6.85821e-11 -8.0113e-12
2.69492 1.17949 1 3.35758e-11 -3.8029e-12
2.74576 1.17949 1 1.63294e-11 -1.79179e-12
2.79661 1.17949 1 7.88067e-12 -8.38271e-13
2.84746 1.17949 1 3.75423e-12 -3.89068e-13
2.89831 1.17949 1 1.72217e-12 -1.77082e-13
2.94915 1.17949 1 6.65712e-13 -7.14353e-14
3 1.17949 1 0 0

0 1.23077 1.01333 0 0
0.0508475 1.23077 1.03558 -0.000754488 0.0564687
0.101695 1.23077 1.0811 0.0116668 0.114477
0.152542 1.23077 1.12316 0.0361397 0.163523
0.20339 1.23077 1.15862 0.0660422 0.198379
0.254237 1.23077 1.18367 0.0956827 0.217761
0.305085 1.23077 1.19657 0.120785 0.222687
0.355932 1.23077 1.19722 0.138588 0.215381
0.40678 1.23077 1.1872 0.147756 0.198709
0.457627 1.23077 1.16931 0.148283 0.175833
0.508475 1.23077 1.14685 0.14129 0.149854
0.559322 1.23077 1.12286 0.128648 0.12346
0.610169 1.23077 1.09968 0.112521 0.0986736
0.661017 1.23077 1.07877 0.094944 0.0767628
0.711864 1.23077 1.06085 0.0775618 0.0583069
0.762712 1.23077 1.04609 0.0615181 0.0433498
0.813559 1.23077 1.03426 0.0474763 0.0315769
0.864407 1.23077 1.02499 0.0357039 0.0224788
0.915254 1.23077 1.01779 0.0261751 0.0154949
0.966102 1.23077 1.01221 0.0186686 0.0101517
1.01695 1.23077 1.00797 0.0128823 0.00619471
1.0678 1.23077 1.00506 0.00858696 0.00357069
1.11864 1.23077 1.00315 0.00556094 0.0019721
1.16949 1.23077 1.00192 0.00351982 0.00105465
1.22034 1.23077 1.00116 0.00218759 0.000549639
1.27119 1.23077 1.00069 0.00133932 0.000280059
1.32203 1.23077 1.00041 0.000809471 0.000139649
1.37288 1.23077 1.00024 0.000483641 6.80868e-05
1.42373 1.23077 1.00014 0.000285917 3.23707e-05
1.47458 1.23077 1.00008 0.000167343 1.49335e-05
1.52542 1.23077 1.00005 9.70042e-05 6.62862e-06
1.57627 1.23077 1.00003 5.57068e-05 2.78881e-06
1.62712 1.23077 1.00001 3.1699e-05 1.07948e-06
1.67797 1.23077 1.00001 1.78759e-05 3.57393e-07
1.72881 1.23077 1 9.99154e-06 7.60498e-08
1.77966 1.23077 1 5.53598e-06 -1.83807e-08
1.83051 1.23077 1 3.04095e-06 -3.9544e-08
1.88136 1.23077 1 1.65631e-06 -3.58367e-08
1.9322 1.23077 1 8.94713e-07 -2.63619e-08
1.98305 1.23077 1 4.7947e-07 -1.76828e-08
2.0339 1.23077 1 2.54978e-07 -1.13117e-08
2.08475 1.23077 1 1.34574e-07 -6.92469e-09
2.13559 1.23077 1 7.05116e-08 -4.07217e-09
2.18644 1.23077 1 3.66872e-08 -2.31091e-09
2.23729 1.23077 1 1.89589e-08 -1.27178e-09
2.28814 1.23077 1 9.73237e-09 -6.81856e-10
2.33898 1.23077 1 4.96338e-09 -3.57528e-10
2.38983 1.23077 1 2.51489e-09 -1.83929e-10
2.44068 1.23077 1 1.26609e-09 -9.30737e-11
2.49153 1.23077 1 6.33345e-10 -4.64228e-11
2.54237 1.23077 1 3.1482e-10 -2.28601e-11
2.59322 1.23077 1 1.55508e-10 -1.11287e-11
2.64407 1.23077 1 7.63361e-11 -5.36162e-12
2.69492 1.23077 1 3.7239e-11 -2.55874e-12
2.74576 1.23077 1 1.80499e-11 -1.21049e-12
2.79661 1.23077 1 8.68333e-12 -5.68009e-13
2.84746 1.23077 1 4.12445e-12 -2.64187e-13
2.89831 1.23077 1 1.8871e-12 -1.2041e-13
2.94915 1.23077 1 7.27949e-13 -4.86333e-14
3 1.23077 1 0 0

0 1.28205 1.01949 0 0
0.0508475 1.28205 1.03665 -0.00353361 0.0451096
0.101695 1.28205 1.06709 0.00281435 0.0902834
0.152542 1.28205 1.09622 0.0186958 0.129368
0.20339 1.28205 1.12117 0.0400324 0.158349
0.254237 1.28205 1.13883 0.0625657 0.175475
0.305085 1.28205 1.14777 0.0826369 0.180899
0.355932 1.28205 1.14792 0.0976691 0.176082
0.40678 1.28205 1.14047 0.106296 0.163289
0.457627 1.28205 1.12741 0.108311 0.145147
0.508475 1.28205 1.11104 0.10446 0.124251
0.559322 1.28205 1.09348 0.0961019 0.102838
0.610169 1.28205 1.07636 0.084847 0.0825868
0.661017 1.28205 1.06075 0.0722346 0.06456
0.711864 1.28205 1.04724 0.0595314 0.0492654
0.762712 1.28205 1.03597 0.0476441 0.0367796
0.813559 1.28205 1.02686 0.0371224 0.0268897
0.864407 1.28205 1.01967 0.0282135 0.0192251
0.915254 1.28205 1.01408 0.020936 0.0133687
0.966102 1.28205 1.00979 0.0151567 0.00895042
1.01695 1.28205 1.00657 0.010674 0.00571143
1.0678 1.28205 1.00429 0.00729968 0.00348677
1.11864 1.28205 1.00274 0.00485768 0.00205085
1.16949 1.28205 1.00172 0.00315619 0.00117029
1.22034 1.28205 1.00106 0.00200888 0.000651516
1.27119 1.28205 1.00064 0.00125607 0.000355288
1.32203 1.28205 1.00039 0.000773193 0.000190309
1.37288 1.28205 1.00023 0.000469339 0.000100307
1.42373 1.28205 1.00013 0.00028128 5.20775e-05
1.47458 1.28205 1.00008 0.000166585 2.66456e-05
1.52542 1.28205 1.00004 9.756e-05 1.34359e-05
1.57627 1.28205 1.00003 5.65295e-05 6.67446e-06
1.62712 1.28205 1.00001 3.24209e-05 3.26389e-06
1.67797 1.28205 1.00001 1.84104e-05 1.56924e-06
1.72881 1.28205 1 1.03542e-05 7.40441e-07
1.77966 1.28205 1 5.7688e-06 3.41964e-07
1.83051 1.28205 1 3.18471e-06 1.53962e-07
1.88136 1.28205 1 1.74246e-06 6.71353e-08
1.9322 1.28205 1 9.45061e-07 2.80136e-08
1.98305 1.28205 1 5.0823e-07 1.09025e-08
2.0339 1.28205 1 2.71055e-07 3.72003e-09
2.08475 1.28205 1 1.43393e-07 9.32645e-10
2.13559 1.28205 1 7.52623e-08 -6.75156e-12
2.18644 1.28205 1 3.92021e-08 -2.33015e-10
2.23729 1.28205 1 2.02689e-08 -2.22853e-10
2.28814 1.28205 1 1.04048e-08 -1.585e-10
2.33898 1.28205 1 5.30391e-09 -9.91541e-11
2.38983 1.28205 1 2.6853e-09 -5.75765e-11
2.44068 1.28205 1 1.35045e-09 -3.18062e-11
2.49153 1.28205 1 6.74691e-10 -1.69418e-11
2.54237 1.28205 1 3.34903e-10 -8.77354e-12
2.59322 1.28205 1 1.65182e-10 -4.44151e-12
2.64407 1.28205 1 8.09604e-11 -2.20642e-12
2.69492 1.28205 1 3.94333e-11 -1.07858e-12
2.74576 1.28205 1 1.90837e-11 -5.19945e-13
2.79661 1.28205 1 9.16658e-12 -2.47562e-13
2.84746 1.28205 1 4.3476e-12 -1.16434e-13
2.89831 1.28205 1 1.98656e-12 -5.35139e-14
2.94915 1.28205 1 7.6552e-13 -2.17537e-14
3 1.28205 1 0 0

0 1.33333 1.01958 0 0
0.0508475 1.33333 1.03312 -0.00444435 0.0358759
0.101695 1.33333 1.05384 -0.00140738 0.0706807
0.152542 1.33333 1.07393 0.00882934 0.100935
0.20339 1.33333 1.09119 0.0237073 0.123869
0.254237 1.33333 1.10338 0.0402096 0.137938
0.305085 1.33333 1.10947 0.0555129 0.142964
0.355932 1.33333 1.1094 0.0674927 0.139881
0.40678 1.33333 1.10399 0.0749304 0.130366
0.457627 1.33333 1.09463 0.0775158 0.11646
0.508475 1.33333 1.08287 0.0756891 0.100206
0.559322 1.33333 1.07017 0.0703841 0.0833811
0.610169 1.33333 1.05768 0.0627495 0.0673294
0.661017 1.33333 1.04619 0.053913 0.0529217
0.711864 1.33333 1.03613 0.0448251 0.0405971
0.762712 1.33333 1.02767 0.036187 0.0304561
0.813559 1.33333 1.02076 0.0284424 0.0223686
0.864407 1.33333 1.01527 0.0218111 0.0160744
0.915254 1.33333 1.01099 0.0163397 0.0112678
0.966102 1.33333 1.00772 0.0119583 0.00766183
1.01695 1.33333 1.00527 0.00853795 0.00502621
1.0678 1.33333 1.00351 0.0059401 0.00318237
1.11864 1.33333 1.00229 0.00402971 0.0019511
1.16949 1.33333 1.00146 0.00267037 0.00116319
1.22034 1.33333 1.00092 0.0017324 0.000677051
1.27119 1.33333 1.00057 0.00110266 0.000386084
1.32203 1.33333 1.00035 0.000689874 0.000216282
1.37288 1.33333 1.00021 0.000424935 0.000119276
1.42373 1.33333 1.00012 0.000258022 6.48586e-05
1.47458 1.33333 1.00007 0.000154604 3.48165e-05
1.52542 1.33333 1.00004 9.14907e-05 1.84667e-05
1.57627 1.33333 1.00002 5.35077e-05 9.68402e-06
1.62712 1.33333 1.00001 3.09443e-05 5.02329e-06
1.67797 1.33333 1.00001 1.7704e-05 2.57826e-06
1.72881 1.33333 1 1.00244e-05 1.30966e-06
1.77966 1.33333 1 5.6194e-06 6.58468e-07
1.83051 1.33333 1 3.11961e-06 3.27683e-07
1.88136 1.33333 1 1.71557e-06 1.6138e-07
1.9322 1.33333 1 9.34821e-07 7.8619e-08
1.98305 1.33333 1 5.04856e-07 3.78498e-08
2.0339 1.33333 1 2.70287e-07 1.79809e-08
2.08475 1.33333 1 1.4348e-07 8.42262e-09
2.13559 1.33333 1 7.55378e-08 3.8903e-09
2.18644 1.33333 1 3.94496e-08 1.77301e-09
2.23729 1.33333 1 2.04423e-08 7.98205e-10
2.28814 1.33333 1 1.0513e-08 3.55456e-10
2.33898 1.33333 1 5.36684e-09 1.56812e-10
2.38983 1.33333 1 2.72016e-09 6.86396e-11
2.44068 1.33333 1 1.36909e-09 2.9859e-11
2.49153 1.33333 1 6.84381e-10 1.29298e-11
2.54237 1.33333 1 3.39827e-10 5.58272e-12
2.59322 1.33333 1 1.67637e-10 2.40744e-12
2.64407 1.33333 1 8.21639e-11 1.03854e-12
2.69492 1.33333 1 4.0015e-11 4.48869e-13
2.74576 1.33333 1 1.93612e-11 1.94646e-13
2.79661 1.33333 1 9.29733e-12 8.47732e-14
2.84746 1.33333 1 4.40822e-12 3.70579e-14
2.89831 1.33333 1 2.01364e-12 1.60592e-14
2.94915 1.33333 1 7.75793e-13 6.22708e-15
3 1.33333 1 0 0

0 1.38462 1.01709 0 0
0.0508475 1.38462 1.02769 -0.0044127 0.0281371
0.101695 1.38462 1.04199 -0.00316142 0.0546305
0.152542 1.38462 1.05583 0.00340321 0.0775521
0.20339 1.38462 1.06765 0.0136174 0.0951008
0.254237 1.38462 1.07597 0.0253948 0.106123
0.305085 1.38462 1.08007 0.0366788 0.110375
0.355932 1.38462 1.07992 0.0458421 0.108451
0.40678 1.38462 1.07607 0.0518887 0.101548
0.457627 1.38462 1.06944 0.0544863 0.0911748
0.508475 1.38462 1.06109 0.0538642 0.0788736
0.559322 1.38462 1.05201 0.0506335 0.0660017
0.610169 1.38462 1.04301 0.045587 0.0536052
0.661017 1.38462 1.03464 0.0395278 0.0423784
0.711864 1.38462 1.02725 0.0331517 0.0326915
0.762712 1.38462 1.02098 0.0269876 0.0246555
0.813559 1.38462 1.01582 0.0213848 0.0182008
0.864407 1.38462 1.01169 0.0165305 0.0131511
0.915254 1.38462 1.00846 0.0124841 0.00928666
0.966102 1.38462 1.00598 0.00921614 0.00638947
1.01695 1.38462 1.00413 0.0066478 0.00427022
1.0678 1.38462 1.00279 0.00468271 0.00277082
1.11864 1.38462 1.00185 0.00322187 0.00174805
1.16949 1.38462 1.0012 0.00216741 0.00107485
1.22034 1.38462 1.00076 0.00142765 0.000645914
1.27119 1.38462 1.00048 0.000922228 0.000380344
1.32203 1.38462 1.00029 0.000585139 0.000219966
1.37288 1.38462 1.00018 0.000365166 0.000125185
1.42373 1.38462 1.00011 0.00022442 7.02204e-05
1.47458 1.38462 1.00006 0.000135963 3.8873e-05
1.52542 1.38462 1.00004 8.1275e-05 2.12598e-05
1.57627 1.38462 1.00002 4.79722e-05 1.14964e-05
1.62712 1.38462 1.00001 2.79767e-05 6.15101e-06
1.67797 1.38462 1.00001 1.61292e-05 3.25803e-06
1.72881 1.38462 1 9.19701e-06 1.70915e-06
1.77966 1.38462 1 5.1889e-06 8.88346e-07
1.83051 1.38462 1 2.89774e-06 4.57598e-07
1.88136 1.38462 1 1.60229e-06 2.33659e-07
1.9322 1.38462 1 8.77521e-07 1.18284e-07
1.98305 1.38462 1 4.76131e-07 5.93616e-08
2.0339 1.38462 1 2.56013e-07 2.95305e-08
2.08475 1.38462 1 1.36448e-07 1.45626e-08
2.13559 1.38462 1 7.21013e-08 7.12088e-09
2.18644 1.38462 1 3.77827e-08 3.4544e-09
2.23729 1.38462 1 1.96389e-08 1.66356e-09
2.28814 1.38462 1 1.01278e-08 7.9588e-10
2.33898 1.38462 1 5.18297e-09 3.7854e-10
2.38983 1.38462 1 2.63271e-09 1.79111e-10
2.44068 1.38462 1 1.3276e-09 8.43606e-11
2.49153 1.38462 1 6.64749e-10 3.95707e-11
2.54237 1.38462 1 3.30555e-10 1.84926e-11
2.59322 1.38462 1 1.63265e-10 8.61268e-12
2.64407 1.38462 1 8.01069e-11 3.99841e-12
2.69492 1.38462 1 3.90487e-11 1.85057e-12
2.74576 1.38462 1 1.89084e-11 8.53945e-13
2.79661 1.38462 1 9.08586e-12 3.9286e-13
2.84746 1.38462 1 4.31035e-12 1.79946e-13
2.89831 1.38462 1 1.96988e-12 8.10525e-14
2.94915 1.38462 1 7.59288e-13 3.24098e-14
3 1.38462 1 0 0

0 1.4359 1.01381 0 0
0.0508475 1.4359 1.02197 -0.00394005 0.0216812
0.101695 1.4359 1.03192 -0.00362047 0.0415817
0.152542 1.4359 1.04145 0.000565582 0.058647
0.20339 1.4359 1.04951 0.00749671 0.0717508
0.254237 1.4359 1.05515 0.0157448 0.0801051
0.305085 1.4359 1.0579 0.0238618 0.0835051
0.355932 1.4359 1.05773 0.0306592 0.0823335
0.40678 1.4359 1.05502 0.0353695 0.0774232
0.457627 1.4359 1.05038 0.0376884 0.0698552
0.508475 1.4359 1.0445 0.0377153 0.0607546
0.559322 1.4359 1.03808 0.0358345 0.0511285
0.610169 1.4359 1.03165 0.0325779 0.0417682
0.661017 1.4359 1.02564 0.0285034 0.0332137
0.711864 1.4359 1.02027 0.024109 0.0257682
0.762712 1.4359 1.01568 0.0197845 0.0195409
0.813559 1.4359 1.01188 0.0157976 0.0145022
0.864407 1.4359 1.00882 0.0123017 0.0105373
0.915254 1.4359 1.00641 0.00935753 0.00749138
0.966102 1.4359 1.00457 0.00695938 0.00520303
1.01695 1.4359 1.00318 0.00506142 0.00352434
1.0678 1.4359 1.00217 0.00359941 0.00232692
1.11864 1.4359 1.00145 0.00250344 0.00149838
1.16949 1.4359 1.00095 0.00170398 0.000942333
1.22034 1.4359 1.00061 0.00113616 0.000579851
1.27119 1.4359 1.00039 0.000742967 0.000349774
1.32203 1.4359 1.00024 0.000477071 0.000207211
1.37288 1.4359 1.00015 0.000301158 0.000120756
1.42373 1.4359 1.00009 0.000187101 6.93263e-05
1.47458 1.4359 1.00005 0.000114513 3.92571e-05
1.52542 1.4359 1.00003 6.9105e-05 2.19492e-05
1.57627 1.4359 1.00002 4.11499e-05 1.21278e-05
1.62712 1.4359 1.00001 2.4195e-05 6.62707e-06
1.67797 1.4359 1.00001 1.4055e-05 3.58351e-06
1.72881 1.4359 1 8.0708e-06 1.91853e-06
1.77966 1.4359 1 4.5833e-06 1.0174e-06
1.83051 1.4359 1 2.57512e-06 5.34616e-07
1.88136 1.4359 1 1.43197e-06 2.78454e-07
1.9322 1.4359 1 7.88386e-07 1.43791e-07
1.98305 1.4359 1 4.2988e-07 7.36308e-08
2.0339 1.4359 1 2.32211e-07 3.73932e-08
2.08475 1.4359 1 1.24298e-07 1.88364e-08
2.13559 1.4359 1 6.59476e-08 9.41405e-09
2.18644 1.4359 1 3.46892e-08 4.66933e-09
2.23729 1.4359 1 1.80948e-08 2.29927e-09
2.28814 1.4359 1 9.36217e-09 1.12448e-09
2.33898 1.4359 1 4.80575e-09 5.46405e-10
2.38983 1.4359 1 2.44793e-09 2.63902e-10
2.44068 1.4359 1 1.2376e-09 1.26732e-10
2.49153 1.4359 1 6.21144e-10 6.05305e-11
2.54237 1.4359 1 3.09535e-10 2.87621e-11
2.59322 1.4359 1 1.53183e-10 1.35993e-11
2.64407 1.4359 1 7.52939e-11 6.39933e-12
2.69492 1.4359 1 3.67622e-11 2.99736e-12
2.74576 1.4359 1 1.78274e-11 1.39759e-12
2.79661 1.4359 1 8.57789e-12 6.48725e-13
2.84746 1.4359 1 4.07427e-12 2.99387e-13
2.89831 1.4359 1 1.86398e-12 1.35684e-13
2.94915 1.4359 1 7.19174e-13 5.44974e-14
3 1.4359 1 0 0

0 1.48718 1.01061 0 0
0.0508475 1.48718 1.01677 -0.00330248 0.0163982
0.101695 1.48718 1.02372 -0.00343527 0.0311395
0.152542 1.48718 1.03027 -0.000784524 0.0436526
0.20339 1.48718 1.03575 0.00387365 0.053253
0.254237 1.48718 1.03956 0.00956584 0.0594327
0.305085 1.48718 1.0414 0.0152938 0.0620488
0.355932 1.48718 1.04126 0.0202167 0.0613536
0.40678 1.48718 1.03937 0.0237677 0.0579176
0.457627 1.48718 1.03614 0.0256929 0.0524972
0.508475 1.48718 1.03205 0.0260198 0.0458931
0.559322 1.48718 1.02754 0.0249818 0.0388344
0.610169 1.48718 1.02301 0.0229274 0.0319058
0.661017 1.48718 1.01872 0.0202361 0.025517
0.711864 1.48718 1.01488 0.0172568 0.0199088
0.762712 1.48718 1.01156 0.0142708 0.0151805
0.813559 1.48718 1.0088 0.011478 0.0113268
0.864407 1.48718 1.00656 0.00899972 0.00827559
0.915254 1.48718 1.00479 0.00689129 0.00592032
0.966102 1.48718 1.00343 0.00515917 0.00414434
1.01695 1.48718 1.00241 0.00377853 0.0028363
1.0678 1.48718 1.00165 0.00270803 0.00189701
1.11864 1.48718 1.00112 0.00189981 0.00124027
1.16949 1.48718 1.00074 0.00130532 0.000793327
1.22034 1.48718 1.00048 0.000879018 0.000497046
1.27119 1.48718 1.00031 0.000580681 0.000305456
1.32203 1.48718 1.00019 0.000376669 0.000184384
1.37288 1.48718 1.00012 0.000240158 0.000109472
1.42373 1.48718 1.00007 0.000150647 6.40078e-05
1.47458 1.48718 1.00004 9.30553e-05 3.6897e-05
1.52542 1.48718 1.00003 5.66493e-05 2.09895e-05
1.57627 1.48718 1.00002 3.40129e-05 1.17933e-05
1.62712 1.48718 1.00001 2.01548e-05 6.54947e-06
1.67797 1.48718 1.00001 1.1794e-05 3.59746e-06
1.72881 1.48718 1 6.81909e-06 1.95542e-06
1.77966 1.48718 1 3.8975e-06 1.05232e-06
1.83051 1.48718 1 2.20309e-06 5.60917e-07
1.88136 1.48718 1 1.23208e-06 2.96243e-07
1.9322 1.48718 1 6.81973e-07 1.5507e-07
1.98305 1.48718 1 3.73734e-07 8.0474e-08
2.0339 1.48718 1 2.02844e-07 4.14119e-08
2.08475 1.48718 1 1.09067e-07 2.11363e-08
2.13559 1.48718 1 5.81125e-08 1.0702e-08
2.18644 1.48718 1 3.06907e-08 5.37696e-09
2.23729 1.48718 1 1.60699e-08 2.6814e-09
2.28814 1.48718 1 8.34426e-09 1.32758e-09
2.33898 1.48718 1 4.29768e-09 6.52763e-10
2.38983 1.48718 1 2.19607e-09 3.18837e-10
2.44068 1.48718 1 1.11357e-09 1.54744e-10
2.49153 1.48718 1 5.60445e-10 7.46438e-11
2.54237 1.48718 1 2.80013e-10 3.57937e-11
2.59322 1.48718 1 1.38909e-10 1.70661e-11
2.64407 1.48718 1 6.84322e-11 8.09198e-12
2.69492 1.48718 1 3.34824e-11 3.81624e-12
2.74576 1.48718 1 1.62688e-11 1.79036e-12
2.79661 1.48718 1 7.84222e-12 8.35579e-13
2.84746 1.48718 1 3.73109e-12 3.87463e-13
2.89831 1.48718 1 1.70955e-12 1.76307e-13
2.94915 1.48718 1 6.60487e-13 7.10175e-14
3 1.48718 1 0 0

0 1.53846 1.00786 0 0
0.0508475 1.53846 1.01241 -0.00264902 0.0121765
0.101695 1.53846 1.01727 -0.00296904 0.0229419
0.152542 1.53846 1.02177 -0.00130463 0.0319897
0.20339 1.53846 1.02549 0.00179902 0.0389128
0.254237 1.53846 1.02806 0.00567986 0.0433972
0.305085 1.53846 1.02928 0.00965929 0.0453543
0.355932 1.53846 1.02917 0.0131556 0.044954
0.40678 1.53846 1.02787 0.0157631 0.0425834
0.457627 1.53846 1.02565 0.0172828 0.0387624
0.508475 1.53846 1.02282 0.017707 0.0340499
0.559322 1.53846 1.01969 0.0171735 0.0289633
0.610169 1.53846 1.01652 0.0159057 0.0239254
0.661017 1.53846 1.0135 0.0141572 0.0192402
0.711864 1.53846 1.01077 0.0121679 0.0150938
0.762712 1.53846 1.00841 0.0101365 0.0115709
0.813559 1.53846 1.00642 0.00820925 0.00867916
0.864407 1.53846 1.00481 0.00647872 0.00637524
0.915254 1.53846 1.00353 0.00499171 0.00458736
0.966102 1.53846 1.00254 0.00375976 0.00323312
1.01695 1.53846 1.00179 0.00277074 0.00223116
1.0678 1.53846 1.00124 0.00199895 0.00150734
1.11864 1.53846 1.00084 0.00141246 0.000997108
1.16949 1.53846 1.00056 0.000978029 0.00064618
1.22034 1.53846 1.00037 0.000664044 0.000410585
1.27119 1.53846 1.00024 0.000442419 0.000256052
1.32203 1.53846 1.00015 0.000289475 0.000156891
1.37288 1.53846 1.00009 0.000186164 9.45564e-05
1.42373 1.53846 1.00006 0.000117773 5.61125e-05
1.47458 1.53846 1.00004 7.33522e-05 3.28191e-05
1.52542 1.53846 1.00002 4.50118e-05 1.89356e-05
1.57627 1.53846 1.00001 2.72328e-05 1.07861e-05
1.62712 1.53846 1.00001 1.62552e-05 6.06994e-06
1.67797 1.53846 1 9.57827e-06 3.3769e-06
1.72881 1.53846 1 5.57457e-06 1.85825e-06
1.77966 1.53846 1 3.20614e-06 1.01195e-06
1.83051 1.53846 1 1.82305e-06 5.45596e-07
1.88136 1.53846 1 1.02528e-06 2.91345e-07
1.9322 1.53846 1 5.70529e-07 1.54141e-07
1.98305 1.53846 1 3.14242e-07 8.08226e-08
2.0339 1.53846 1 1.71373e-07 4.20116e-08
2.08475 1.53846 1 9.25654e-08 2.16539e-08
2.13559 1.53846 1 4.95343e-08 1.10697e-08
2.18644 1.53846 1 2.62684e-08 5.61399e-09
2.23729 1.53846 1 1.38083e-08 2.82518e-09
2.28814 1.53846 1 7.19679e-09 1.41113e-09
2.33898 1.53846 1 3.71986e-09 6.9974e-10
2.38983 1.53846 1 1.90723e-09 3.44555e-10
2.44068 1.53846 1 9.70204e-10 1.68512e-10
2.49153 1.53846 1 4.89775e-10 8.18749e-11
2.54237 1.53846 1 2.45408e-10 3.95278e-11
2.59322 1.53846 1 1.22073e-10 1.89658e-11
2.64407 1.53846 1 6.02931e-11 9.04543e-12
2.69492 1.53846 1 2.95719e-11 4.28897e-12
2.74576 1.53846 1 1.44017e-11 2.02215e-12
2.79661 1.53846 1 6.95718e-12 9.48055e-13
2.84746 1.53846 1 3.31668e-12 4.41425e-13
2.89831 1.53846 1 1.52245e-12 2.01564e-13
2.94915 1.53846 1 5.89165e-13 8.13808e-14
3 1.53846 1 0 0

0 1.58974 1.00566 0 0
0.0508475 1.58974 1.00897 -0.00205465 0.00888197
0.101695 1.58974 1.01234 -0.00242089 0.0166318
0.152542 1.58974 1.01542 -0.00138602 0.0230869
0.20339 1.58974 1.01794 0.000665026 0.0280095
0.254237 1.58974 1.01967 0.00328296 0.0312116
0.305085 1.58974 1.02049 0.006011 0.0326437
0.355932 1.58974 1.0204 0.00845335 0.032422
0.40678 1.58974 1.01952 0.0103265 0.0308071
0.457627 1.58974 1.018 0.0114814 0.0281517
0.508475 1.58974 1.01607 0.0118967 0.0248398
0.559322 1.58974 1.01391 0.0116512 0.0212321
0.610169 1.58974 1.01171 0.0108859 0.0176288
0.661017 1.58974 1.00961 0.00976737 0.0142507
0.711864 1.58974 1.0077 0.00845782 0.0112381
0.762712 1.58974 1.00603 0.00709525 0.00865963
0.813559 1.58974 1.00463 0.00578395 0.00652865
0.864407 1.58974 1.00348 0.00459287 0.00482028
0.915254 1.58974 1.00256 0.00355942 0.00348728
0.966102 1.58974 1.00185 0.00269613 0.00247263
1.01695 1.58974 1.00131 0.00199815 0.00171829
1.0678 1.58974 1.00091 0.00145 0.00117034
1.11864 1.58974 1.00062 0.00103093 0.000781428
1.16949 1.58974 1.00042 0.000718556 0.000511685
1.22034 1.58974 1.00028 0.000491273 0.00032879
1.27119 1.58974 1.00018 0.000329686 0.000207474
1.32203 1.58974 1.00011 0.000217319 0.000128679
1.37288 1.58974 1.00007 0.00014081 7.85121e-05
1.42373 1.58974 1.00004 8.97489e-05 4.71662e-05
1.47458 1.58974 1.00003 5.63112e-05 2.79227e-05
1.52542 1.58974 1.00002 3.48044e-05 1.63028e-05
1.57627 1.58974 1.00001 2.12049e-05 9.39427e-06
1.62712 1.58974 1.00001 1.27429e-05 5.34626e-06
1.67797 1.58974 1 7.55755e-06 3.00667e-06
1.72881 1.58974 1 4.42598e-06 1.6719e-06
1.77966 1.58974 1 2.56076e-06 9.19683e-07
1.83051 1.58974 1 1.4644e-06 5.00681e-07
1.88136 1.58974 1 8.28066e-07 2.6987e-07
1.9322 1.58974 1 4.63189e-07 1.44071e-07
1.98305 1.58974 1 2.56389e-07 7.62019e-08
2.0339 1.58974 1 1.40487e-07 3.99442e-08
2.08475 1.58974 1 7.62271e-08 2.07567e-08
2.13559 1.58974 1 4.09683e-08 1.06953e-08
2.18644 1.58974 1 2.18159e-08 5.46584e-09
2.23729 1.58974 1 1.15134e-08 2.77114e-09
2.28814 1.58974 1 6.0235e-09 1.39411e-09
2.33898 1.58974 1 3.12474e-09 6.96101e-10
2.38983 1.58974 1 1.60768e-09 3.45048e-10
2.44068 1.58974 1 8.20544e-10 1.69828e-10
2.49153 1.58974 1 4.1554e-10 8.30148e-11
2.54237 1.58974 1 2.08844e-10 4.03087e-11
2.59322 1.58974 1 1.04186e-10 1.94457e-11
2.64407 1.58974 1 5.16006e-11 9.32187e-12
2.69492 1.58974 1 2.53751e-11 4.44135e-12
2.74576 1.58974 1 1.23888e-11 2.10346e-12
2.79661 1.58974 1 5.99902e-12 9.90356e-13
2.84746 1.58974 1 2.86627e-12 4.62921e-13
2.89831 1.58974 1 1.31838e-12 2.12098e-13
2.94915 1.58974 1 5.11138e-13 8.58261e-14
3 1.58974 1 0 0

0 1.64103 1.00398 0 0
0.0508475 1.64103 1.00634 -0.00155101 0.00636717
0.101695 1.64103 1.00868 -0.00189434 0.0118651
0.152542 1.64103 1.01078 -0.00125796 0.0164092
0.20339 1.64103 1.01248 8.67529e-05 0.0198625
0.254237 1.64103 1.01364 0.0018358 0.0221158
0.305085 1.64103 1.01419 0.00368406 0.0231443
0.355932 1.64103 1.01413 0.00536569 0.0230279
0.40678 1.64103 1.01353 0.00668625 0.0219411
0.457627 1.64103 1.0125 0.00753792 0.0201205
0.508475 1.64103 1.01119 0.0078968 0.0178262
0.559322 1.64103 1.00972 0.00780655 0.0153059
0.610169 1.64103 1.00821 0.00735493 0.0127689
0.661017 1.64103 1.00676 0.00664983 0.0103727
0.711864 1.64103 1.00544 0.00579921 0.00822032
0.762712 1.64103 1.00427 0.00489726 0.00636539
0.813559 1.64103 1.00329 0.00401703 0.0048224
0.864407 1.64103 1.00248 0.00320847 0.00357796
0.915254 1.64103 1.00183 0.00250029 0.00260162
0.966102 1.64103 1.00133 0.00190394 0.00185471
1.01695 1.64103 1.00095 0.00141842 0.0012967
1.0678 1.64103 1.00066 0.00103476 0.000889237
1.11864 1.64103 1.00045 0.000739729 0.000598302
1.16949 1.64103 1.00031 0.000518547 0.000395099
1.22034 1.64103 1.0002 0.000356658 0.000256205
1.27119 1.64103 1.00013 0.000240845 0.000163241
1.32203 1.64103 1.00008 0.00015978 0.000102265
1.37288 1.64103 1.00005 0.000104207 6.3037e-05
1.42373 1.64103 1.00003 6.68567e-05 3.82614e-05
1.47458 1.64103 1.00002 4.22236e-05 2.28845e-05
1.52542 1.64103 1.00001 2.62667e-05 1.34971e-05
1.57627 1.64103 1.00001 1.61051e-05 7.85512e-06
1.62712 1.64103 1 9.73831e-06 4.51383e-06
1.67797 1.64103 1 5.81043e-06 2.56253e-06
1.72881 1.64103 1 3.42266e-06 1.43798e-06
1.77966 1.64103 1 1.99141e-06 7.98013e-07
1.83051 1.64103 1 1.14499e-06 4.3816e-07
1.88136 1.64103 1 6.50828e-07 2.38121e-07
1.9322 1.64103 1 3.65874e-07 1.28135e-07
1.98305 1.64103 1 2.03497e-07 6.82947e-08
2.0339 1.64103 1 1.12021e-07 3.60657e-08
2.08475 1.64103 1 6.10513e-08 1.88762e-08
2.13559 1.64103 1 3.29519e-08 9.7941e-09
2.18644 1.64103 1 1.7619e-08 5.03911e-09
2.23729 1.64103 1 9.33508e-09 2.57151e-09
2.28814 1.64103 1 4.90234e-09 1.30188e-09
2.33898 1.64103 1 2.55237e-09 6.54025e-10
2.38983 1.64103 1 1.31778e-09 3.26104e-10
2.44068 1.64103 1 6.74841e-10 1.61417e-10
2.49153 1.64103 1 3.42854e-10 7.93333e-11
2.54237 1.64103 1 1.72846e-10 3.87225e-11
2.59322 1.64103 1 8.64841e-11 1.87738e-11
2.64407 1.64103 1 4.29552e-11 9.04269e-12
2.69492 1.64103 1 2.11813e-11 4.32792e-12
2.74576 1.64103 1 1.03683e-11 2.05861e-12
2.79661 1.64103 1 5.03317e-12 9.73219e-13
2.84746 1.64103 1 2.41045e-12 4.56661e-13
2.89831 1.64103 1 1.11113e-12 2.09948e-13
2.94915 1.64103 1 4.31637e-13 8.5168e-14
3 1.64103 1 0 0

0 1.69231 1.00274 0 0
0.0508475 1.69231 1.00441 -0.0011451 0.00448469
0.101695 1.69231 1.00601 -0.00143719 0.00832521
0.152542 1.69231 1.00744 -0.0010506 0.0114786
0.20339 1.69231 1.00858 -0.000175706 0.0138675
0.254237 1.69231 1.00936 0.000982512 0.01543
0.305085 1.69231 1.00973 0.00222151 0.0161556
0.355932 1.69231 1.00969 0.0033646 0.0160996
0.40678 1.69231 1.00928 0.00428047 0.0153775
0.457627 1.69231 1.0086 0.00489321 0.0141464
0.508475 1.69231 1.00771 0.00518136 0.0125802
0.559322 1.69231 1.00672 0.00516841 0.0108463
0.610169 1.69231 1.00569 0.00490826 0.00908842
0.661017 1.69231 1.0047 0.00446993 0.00741667
0.711864 1.69231 1.00379 0.00392433 0.00590494
0.762712 1.69231 1.00299 0.00333474 0.00459373
0.813559 1.69231 1.00231 0.00275142 0.00349632
0.864407 1.69231 1.00175 0.00220974 0.00260614
0.915254 1.69231 1.0013 0.00173099 0.001904
0.966102 1.69231 1.00094 0.00132471 0.00136415
1.01695 1.69231 1.00067 0.000991693 0.000958874
1.0678 1.69231 1.00047 0.000726957 0.000661459
1.11864 1.69231 1.00033 0.000522248 0.000447946
1.16949 1.69231 1.00022 0.000367952 0.000297913
1.22034 1.69231 1.00015 0.00025441 0.000194663
1.27119 1.69231 1.0001 0.000172735 0.000125035
1.32203 1.69231 1.00006 0.000115238 7.89924e-05
1.37288 1.69231 1.00004 7.55873e-05 4.91146e-05
1.42373 1.69231 1.00002 4.87763e-05 3.00737e-05
1.47458 1.69231 1.00002 3.09841e-05 1.81464e-05
1.52542 1.69231 1.00001 1.93865e-05 1.07968e-05
1.57627 1.69231 1.00001 1.19547e-05 6.33818e-06
1.62712 1.69231 1 7.26945e-06 3.67324e-06
1.67797 1.69231 1 4.3613e-06 2.10273e-06
1.72881 1.69231 1 2.58286e-06 1.18957e-06
1.77966 1.69231 1 1.51065e-06 6.65382e-07
1.83051 1.69231 1 8.72967e-07 3.68144e-07
1.88136 1.69231 1 4.9864e-07 2.0156e-07
1.9322 1.69231 1 2.81647e-07 1.09244e-07
1.98305 1.69231 1 1.57367e-07 5.86331e-08
2.0339 1.69231 1 8.70096e-08 3.11733e-08
2.08475 1.69231 1 4.76219e-08 1.64228e-08
2.13559 1.69231 1 2.5809e-08 8.57539e-09
2.18644 1.69231 1 1.38543e-08 4.43936e-09
2.23729 1.69231 1 7.36843e-09 2.27905e-09
2.28814 1.69231 1 3.88377e-09 1.16053e-09
2.33898 1.69231 1 2.02923e-09 5.86308e-10
2.38983 1.69231 1 1.05126e-09 2.9394e-10
2.44068 1.69231 1 5.40127e-10 1.46266e-10
2.49153 1.69231 1 2.75283e-10 7.2255e-11
2.54237 1.69231 1 1.39205e-10 3.54418e-11
2.59322 1.69231 1 6.98567e-11 1.72651e-11
2.64407 1.69231 1 3.4795e-11 8.35418e-12
2.69492 1.69231 1 1.72043e-11 4.01605e-12
2.74576 1.69231 1 8.44364e-12 1.91839e-12
2.79661 1.69231 1 4.10914e-12 9.10621e-13
2.84746 1.69231 1 1.9726e-12 4.28949e-13
2.89831 1.69231 1 9.11316e-13 1.97909e-13
2.94915 1.69231 1 3.54747e-13 8.05076e-14
3 1.69231 1 0 0

0 1.74359 1.00186 0 0
0.0508475 1.74359 1.00302 -0.000830771 0.00309822
0.101695 1.74359 1.00412 -0.00106534 0.00573335
0.152542 1.74359 1.00508 -0.00083362 0.00788486
0.20339 1.74359 1.00585 -0.000268441 0.00951025
0.254237 1.74359 1.00637 0.000492362 0.0105756
0.305085 1.74359 1.00662 0.00131503 0.0110778
0.355932 1.74359 1.00659 0.00208312 0.0110548
0.40678 1.74359 1.00633 0.00270915 0.0105824
0.457627 1.74359 1.00587 0.00314083 0.00976326
0.508475 1.74359 1.00527 0.00336092 0.00871195
0.559322 1.74359 1.0046 0.00338162 0.00753982
0.610169 1.74359 1.00391 0.00323571 0.00634365
0.661017 1.74359 1.00324 0.00296688 0.00519884
0.711864 1.74359 1.00262 0.00262112 0.0041572
0.762712 1.74359 1.00207 0.00224037 0.00324829
0.813559 1.74359 1.0016 0.00185861 0.00248319
0.864407 1.74359 1.00122 0.0015004 0.00185915
0.915254 1.74359 1.00091 0.00118105 0.00136436
0.966102 1.74359 1.00066 0.000908047 0.000982071
1.01695 1.74359 1.00047 0.000682828 0.0006937
1.0678 1.74359 1.00033 0.000502757 0.000481059
1.11864 1.74359 1.00023 0.000362783 0.000327634
1.16949 1.74359 1.00016 0.000256752 0.000219235
1.22034 1.74359 1.0001 0.000178344 0.000144194
1.27119 1.74359 1.00007 0.000121664 9.32607e-05
1.32203 1.74359 1.00004 8.15629e-05 5.93455e-05
1.37288 1.74359 1.00003 5.37658e-05 3.71748e-05
1.42373 1.74359 1.00002 3.48705e-05 2.29364e-05
1.47458 1.74359 1.00001 2.22637e-05 1.39465e-05
1.52542 1.74359 1.00001 1.40014e-05 8.36202e-06
1.57627 1.74359 1 8.67785e-06 4.9466e-06
1.62712 1.74359 1 5.30338e-06 2.88856e-06
1.67797 1.74359 1 3.19751e-06 1.66593e-06
1.72881 1.74359 1 1.90283e-06 9.49387e-07
1.77966 1.74359 1 1.1182e-06 5.34855e-07
1.83051 1.74359 1 6.49168e-07 2.98003e-07
1.88136 1.74359 1 3.72474e-07 1.64275e-07
1.9322 1.74359 1 2.11303e-07 8.96287e-08
1.98305 1.74359 1 1.18562e-07 4.84174e-08
2.0339 1.74359 1 6.58224e-08 2.59044e-08
2.08475 1.74359 1 3.61685e-08 1.37308e-08
2.13559 1.74359 1 1.96768e-08 7.21261e-09
2.18644 1.74359 1 1.06017e-08 3.75559e-09
2.23729 1.74359 1 5.65868e-09 1.93894e-09
2.28814 1.74359 1 2.9929e-09 9.92786e-10
2.33898 1.74359 1 1.56898e-09 5.04255e-10
2.38983 1.74359 1 8.15447e-10 2.54123e-10
2.44068 1.74359 1 4.20273e-10 1.27095e-10
2.49153 1.74359 1 2.14842e-10 6.30943e-11
2.54237 1.74359 1 1.08957e-10 3.10966e-11
2.59322 1.74359 1 5.48305e-11 1.52188e-11
2.64407 1.74359 1 2.73844e-11 7.3972e-12
2.69492 1.74359 1 1.35755e-11 3.57154e-12
2.74576 1.74359 1 6.67939e-12 1.71327e-12
2.79661 1.74359 1 3.25839e-12 8.16593e-13
2.84746 1.74359 1 1.56781e-12 3.86193e-13
2.89831 1.74359 1 7.25883e-13 1.78861e-13
2.94915 1.74359 1 2.8315e-13 7.29969e-14
3 1.74359 1 0 0

0 1.79487 1.00125 0 0
0.0508475 1.79487 1.00205 -0.000595522 0.0020883
0.101695 1.79487 1.0028 -0.000776995 0.00385298
0.152542 1.79487 1.00346 -0.000639998 0.00528632
0.20339 1.79487 1.00398 -0.000277212 0.00636647
0.254237 1.79487 1.00433 0.000218762 0.0070758
0.305085 1.79487 1.0045 0.000759961 0.00741488
0.355932 1.79487 1.00448 0.0012703 0.0074089
0.40678 1.79487 1.0043 0.00169222 0.00710665
0.457627 1.79487 1.004 0.0019905 0.00657397
0.508475 1.79487 1.0036 0.00215223 0.0058846
0.559322 1.79487 1.00315 0.00218353 0.00511091
0.610169 1.79487 1.00268 0.00210418 0.00431653
0.661017 1.79487 1.00222 0.00194158 0.00355176
0.711864 1.79487 1.0018 0.00172523 0.00285187
0.762712 1.79487 1.00143 0.00148251 0.00223772
0.813559 1.79487 1.00111 0.00123603 0.00171789
0.864407 1.79487 1.00084 0.00100248 0.00129166
0.915254 1.79487 1.00063 0.000792593 0.000952009
0.966102 1.79487 1.00046 0.000611934 0.000688298
1.01695 1.79487 1.00033 0.000462012 0.000488434
1.0678 1.79487 1.00023 0.000341509 0.000340362
1.11864 1.79487 1.00016 0.000247387 0.000233006
1.16949 1.79487 1.00011 0.000175768 0.000156772
1.22034 1.79487 1.00007 0.000122576 0.000103711
1.27119 1.79487 1.00005 8.3959e-05 6.74881e-05
1.32203 1.79487 1.00003 5.65187e-05 4.32196e-05
1.37288 1.79487 1.00002 3.74142e-05 2.7252e-05
1.42373 1.79487 1.00001 2.43696e-05 1.69278e-05
1.47458 1.79487 1.00001 1.56267e-05 1.03635e-05
1.52542 1.79487 1 9.87024e-06 6.25673e-06
1.57627 1.79487 1 6.14406e-06 3.72682e-06
1.62712 1.79487 1 3.77112e-06 2.19128e-06
1.67797 1.79487 1 2.28341e-06 1.27242e-06
1.72881 1.79487 1 1.36457e-06 7.30021e-07
1.77966 1.79487 1 8.05205e-07 4.14003e-07
1.83051 1.79487 1 4.69349e-07 2.32173e-07
1.88136 1.79487 1 2.70361e-07 1.28804e-07
1.9322 1.79487 1 1.53964e-07 7.0716e-08
1.98305 1.79487 1 8.67116e-08 3.84347e-08
2.0339 1.79487 1 4.83142e-08 2.06865e-08
2.08475 1.79487 1 2.66412e-08 1.10291e-08
2.13559 1.79487 1 1.45429e-08 5.82655e-09
2.18644 1.79487 1 7.86141e-09 3.0508e-09
2.23729 1.79487 1 4.20941e-09 1.58366e-09
2.28814 1.79487 1 2.23324e-09 8.15186e-10
2.33898 1.79487 1 1.17423e-09 4.162e-10
2.38983 1.79487 1 6.12041e-10 2.10811e-10
2.44068 1.79487 1 3.16318e-10 1.05955e-10
2.49153 1.79487 1 1.62136e-10 5.28534e-11
2.54237 1.79487 1 8.24408e-11 2.61719e-11
2.59322 1.79487 1 4.15911e-11 1.28673e-11
2.64407 1.79487 1 2.08225e-11 6.28216e-12
2.69492 1.79487 1 1.03467e-11 3.04636e-12
2.74576 1.79487 1 5.10226e-12 1.46753e-12
2.79661 1.79487 1 2.49445e-12 7.02371e-13
2.84746 1.79487 1 1.20275e-12 3.3355e-13
2.89831 1.79487 1 5.58004e-13 1.55137e-13
2.94915 1.79487 1 2.1813e-13 6.36034e-14
3 1.79487 1 0 0

0 1.84615 1.00083 0 0
0.0508475 1.84615 1.0014 -0.000423751 0.00135394
0.101695 1.84615 1.00192 -0.000559853 0.00248813
0.152542 1.84615 1.00238 -0.000479665 0.00340405
0.20339 1.84615 1.00274 -0.000248551 0.00409274
0.254237 1.84615 1.00298 7.12962e-05 0.00454605
0.305085 1.84615 1.0031 0.000422532 0.00476568
0.355932 1.84615 1.00309 0.000756158 0.00476766
0.40678 1.84615 1.00296 0.00103508 0.00458204
0.457627 1.84615 1.00275 0.00123621 0.00424939
0.508475 1.84615 1.00248 0.0013505 0.00381532
0.559322 1.84615 1.00217 0.00138096 0.00332502
0.610169 1.84615 1.00185 0.00133946 0.00281863
0.661017 1.84615 1.00154 0.00124296 0.00232833
0.711864 1.84615 1.00125 0.00111005 0.00187711
0.762712 1.84615 1.00099 0.000958292 0.00147898
0.813559 1.84615 1.00077 0.000802379 0.00114019
0.864407 1.84615 1.00059 0.00065335 0.000860945
0.915254 1.84615 1.00044 0.00051848 0.000637286
0.966102 1.84615 1.00032 0.000401703 0.00046278
1.01695 1.84615 1.00023 0.0003043 0.000329886
1.0678 1.84615 1.00016 0.000225657 0.000230958
1.11864 1.84615 1.00011 0.000163982 0.000158886
1.16949 1.84615 1.00008 0.000116875 0.000107452
1.22034 1.84615 1.00005 8.17636e-05 7.14668e-05
1.27119 1.84615 1.00003 5.6184e-05 4.67675e-05
1.32203 1.84615 1.00002 3.79448e-05 3.01251e-05
1.37288 1.84615 1.00001 2.52022e-05 1.91097e-05
1.42373 1.84615 1.00001 1.64707e-05 1.19434e-05
1.47458 1.84615 1.00001 1.05977e-05 7.35788e-06
1.52542 1.84615 1 6.71678e-06 4.47033e-06
1.57627 1.84615 1 4.19548e-06 2.67974e-06
1.62712 1.84615 1 2.58394e-06 1.58567e-06
1.67797 1.84615 1 1.56989e-06 9.26612e-07
1.72881 1.84615 1 9.41327e-07 5.34976e-07
1.77966 1.84615 1 5.57292e-07 3.05284e-07
1.83051 1.84615 1 3.25895e-07 1.72258e-07
1.88136 1.84615 1 1.88321e-07 9.61444e-08
1.9322 1.84615 1 1.07575e-07 5.30999e-08
1.98305 1.84615 1 6.07683e-08 2.90292e-08
2.0339 1.84615 1 3.39579e-08 1.5714e-08
2.08475 1.84615 1 1.87781e-08 8.42519e-09
2.13559 1.84615 1 1.02788e-08 4.47547e-09
2.18644 1.84615 1 5.57115e-09 2.35603e-09
2.23729 1.84615 1 2.99078e-09 1.22947e-09
2.28814 1.84615 1 1.59067e-09 6.36145e-10
2.33898 1.84615 1 8.38382e-10 3.26433e-10
2.38983 1.84615 1 4.38008e-10 1.66161e-10
2.44068 1.84615 1 2.26884e-10 8.39178e-11
2.49153 1.84615 1 1.16548e-10 4.20587e-11
2.54237 1.84615 1 5.93852e-11 2.09227e-11
2.59322 1.84615 1 3.00205e-11 1.03329e-11
2.64407 1.84615 1 1.50592e-11 5.06703e-12
2.69492 1.84615 1 7.49706e-12 2.46767e-12
2.74576 1.84615 1 3.7038e-12 1.19375e-12
2.79661 1.84615 1 1.81397e-12 5.73716e-13
2.84746 1.84615 1 8.76181e-13 2.73617e-13
2.89831 1.84615 1 4.07247e-13 1.27902e-13
2.94915 1.84615 1 1.59563e-13 5.28114e-14
3 1.84615 1 0 0

0 1.89744 1.00056 0 0
0.0508475 1.89744 1.00097 -0.000296108 0.000810792
0.101695 1.89744 1.00136 -0.000391977 0.00147776
0.152542 1.89744 1.0017 -0.000344879 0.00201226
0.20339 1.89744 1.00197 -0.000201408 0.00241361
0.254237 1.89744 1.00215 -2.31161e-06 0.0026788
0.305085 1.89744 1.00223 0.000216527 0.00280929
0.355932 1.89744 1.00222 0.000425051 0.00281414
0.40678 1.89744 1.00213 0.00060061 0.00271017
0.457627 1.89744 1.00198 0.000729011 0.00252015
0.508475 1.89744 1.00178 0.000804486 0.00226991
0.559322 1.89744 1.00156 0.000828559 0.00198526
0.610169 1.89744 1.00132 0.000808155 0.00168943
0.661017 1.89744 1.0011 0.000753391 0.00140127
0.711864 1.89744 1.00089 0.000675506 0.00113452
0.762712 1.89744 1.0007 0.000585196 0.000897806
0.813559 1.89744 1.00055 0.000491526 0.000695224
0.864407 1.89744 1.00041 0.000401375 0.00052732
0.915254 1.89744 1.00031 0.000319354 0.00039211
0.966102 1.89744 1.00023 0.000248026 0.000286055
1.01695 1.89744 1.00016 0.000188312 0.000204869
1.0678 1.89744 1.00011 0.000139947 0.000144122
1.11864 1.89744 1.00008 0.00010191 9.96396e-05
1.16949 1.89744 1.00005 7.27838e-05 6.77292e-05
1.22034 1.89744 1.00004 5.10228e-05 4.5285e-05
1.27119 1.89744 1.00002 3.5133e-05 2.97958e-05
1.32203 1.89744 1.00002 2.37776e-05 1.93004e-05
1.37288 1.89744 1.00001 1.58264e-05 1.23135e-05
1.42373 1.89744 1.00001 1.03658e-05 7.74088e-06
1.47458 1.89744 1 6.68434e-06 4.79724e-06
1.52542 1.89744 1 4.24596e-06 2.9321e-06
1.57627 1.89744 1 2.65808e-06 1.76826e-06
1.62712 1.89744 1 1.64074e-06 1.05265e-06
1.67797 1.89744 1 9.99066e-07 6.18843e-07
1.72881 1.89744 1 6.00373e-07 3.59429e-07
1.77966 1.89744 1 3.5621e-07 2.06328e-07
1.83051 1.89744 1 2.0875e-07 1.17106e-07
1.88136 1.89744 1 1.2088e-07 6.57408e-08
1.9322 1.89744 1 6.91917e-08 3.65157e-08
1.98305 1.89744 1 3.91634e-08 2.00749e-08
2.0339 1.89744 1 2.19272e-08 1.09269e-08
2.08475 1.89744 1 1.2148e-08 5.89029e-09
2.13559 1.89744 1 6.66167e-09 3.14555e-09
2.18644 1.89744 1 3.617e-09 1.66454e-09
2.23729 1.89744 1 1.94503e-09 8.73046e-10
2.28814 1.89744 1 1.03618e-09 4.53978e-10
2.33898 1.89744 1 5.46997e-10 2.34092e-10
2.38983 1.89744 1 2.86214e-10 1.19726e-10
2.44068 1.89744 1 1.48475e-10 6.07478e-11
2.49153 1.89744 1 7.63787e-11 3.05847e-11
2.54237 1.89744 1 3.89713e-11 1.52825e-11
2.59322 1.89744 1 1.97269e-11 7.58017e-12
2.64407 1.89744 1 9.9083e-12 3.73287e-12
2.69492 1.89744 1 4.93883e-12 1.82544e-12
2.74576 1.89744 1 2.44286e-12 8.86646e-13
2.79661 1.89744 1 1.19783e-12 4.27844e-13
2.84746 1.89744 1 5.7931e-13 2.04945e-13
2.89831 1.89744 1 2.6973e-13 9.63907e-14
2.94915 1.89744 1 1.06022e-13 4.02756e-14
3 1.89744 1 0 0

0 1.94872 1.00034 0 0
0.0508475 1.94872 1.00071 -0.000180934 0.000385543
0.101695 1.94872 1.00105 -0.000233129 0.000686807
0.152542 1.94872 1.00134 -0.000206629 0.000926476
0.20339 1.94872 1.00157 -0.000130306 0.00110699
0.254237 1.94872 1.00171 -2.62791e-05 0.00122731
0.305085 1.94872 1.00178 8.71234e-05 0.00128791
0.355932 1.94872 1.00177 0.000194886 0.00129248
0.40678 1.94872 1.00169 0.000285772 0.00124809
0.457627 1.94872 1.00156 0.000352749 0.00116452
0.508475 1.94872 1.0014 0.000392954 0.00105301
0.559322 1.94872 1.00122 0.000407145 0.000924968
0.610169 1.94872 1.00103 0.000398773 0.000790803
0.661017 1.94872 1.00085 0.000372892 0.000659129
0.711864 1.94872 1.00068 0.000335133 0.000536354
0.762712 1.94872 1.00054 0.000290874 0.000426632
0.813559 1.94872 1.00041 0.000244688 0.000332089
0.864407 1.94872 1.00031 0.000200062 0.000253208
0.915254 1.94872 1.00023 0.000159347 0.000189274
0.966102 1.94872 1.00017 0.000123867 0.00013881
1.01695 1.94872 1.00012 9.41175e-05 9.9941e-05
1.0678 1.94872 1.00008 6.99924e-05 7.06826e-05
1.11864 1.94872 1.00006 5.10003e-05 4.91302e-05
1.16949 1.94872 1.00004 3.64457e-05 3.35782e-05
1.22034 1.94872 1.00003 2.5564e-05 2.25753e-05
1.27119 1.94872 1.00002 1.7613e-05 1.49371e-05
1.32203 1.94872 1.00001 1.19275e-05 9.73062e-06
1.37288 1.94872 1.00001 7.94392e-06 6.24374e-06
1.42373 1.94872 1 5.2064e-06 3.94791e-06
1.47458 1.94872 1 3.3596e-06 2.46091e-06
1.52542 1.94872 1 2.13554e-06 1.51292e-06
1.57627 1.94872 1 1.33785e-06 9.17736e-07
1.62712 1.94872 1 8.26408e-07 5.49516e-07
1.67797 1.94872 1 5.03574e-07 3.24925e-07
1.72881 1.94872 1 3.02834e-07 1.89802e-07
1.77966 1.94872 1 1.79805e-07 1.09572e-07
1.83051 1.94872 1 1.05446e-07 6.25381e-08
1.88136 1.94872 1 6.11026e-08 3.53009e-08
1.9322 1.94872 1 3.49988e-08 1.97139e-08
1.98305 1.94872 1 1.98228e-08 1.08955e-08
2.0339 1.94872 1 1.11057e-08 5.96134e-09
2.08475 1.94872 1 6.15653e-09 3.2299e-09
2.13559 1.94872 1 3.37811e-09 1.73343e-09
2.18644 1.94872 1 1.83522e-09 9.21746e-10
2.23729 1.94872 1 9.8743e-10 4.85752e-10
2.28814 1.94872 1 5.26314e-10 2.53759e-10
2.33898 1.94872 1 2.77983e-10 1.31442e-10
2.38983 1.94872 1 1.45524e-10 6.75222e-11
2.44068 1.94872 1 7.55267e-11 3.44075e-11
2.49153 1.94872 1 3.887e-11 1.73957e-11
2.54237 1.94872 1 1.98414e-11 8.72766e-12
2.59322 1.94872 1 1.00476e-11 4.34615e-12
2.64407 1.94872 1 5.04863e-12 2.14854e-12
2.69492 1.94872 1 2.51744e-12 1.05463e-12
2.74576 1.94872 1 1.24565e-12 5.14144e-13
2.79661 1.94872 1 6.1104e-13 2.49026e-13
2.84746 1.94872 1 2.9572e-13 1.19813e-13
2.89831 1.94872 1 1.37944e-13 5.67959e-14
2.94915 1.94872 1 5.45785e-14 2.42552e-14
3 1.94872 1 0 0

0 2 1 0 0
0.0508475 2 1.00055 0 0
0.101695 2 1.00096 0 0
0.152542 2 1.00128 0 0
0.20339 2 1.00151 0 0
0.254237 2 1.00166 0 0
0.305085 2 1.00172 0 0
0.355932 2 1.0017 0 0
0.40678 2 1.00161 0 0
0.457627 2 1.00147 0 0
0.508475 2 1.0013 0 0
0.559322 2 1.00111 0 0
0.610169 2 1.00093 0 0
0.661017 2 1.00075 0 0
0.711864 2 1.0006 0 0
0.762712 2 1.00046 0 0
0.813559 2 1.00035 0 0
0.864407 2 1.00026 0 0
0.915254 2 1.00019 0 0
0.966102 2 1.00013 0 0
1.01695 2 1.00009 0 0
1.0678 2 1.00006 0 0
1.11864 2 1.00004 0 0
1.16949 2 1.00003 0 0
1.22034 2 1.00002 0 0
1.27119 2 1.00001 0 0
1.32203 2 1.00001 0 0
1.37288 2 1 0 0
1.42373 2 1 0 0
1.47458 2 1 0 0
1.52542 2 1 0 0
1.57627 2 1 0 0
1.62712 2 1 0 0
1.67797 2 1 0 0
1.72881 2 1 0 0
1.77966 2 1 0 0
1.83051 2 1 0 0
1.88136 2 1 0 0
1.9322 2 1 0 0
1.98305 2 1 0 0
2.0339 2 1 0 0
2.08475 2 1 0 0
2.13559 2 1 0 0
2.18644 2 1 0 0
2.23729 2 1 0 0
2.28814 2 1 0 0
2.33898 2 1 0 0
2.38983 2 1 0 0
2.44068 2 1 0 0
2.49153 2 1 0 0
2.54237 2 1 0 0
2.59322 2 1 0 0
2.64407 2 1 0 0
2.69492 2 1 0 0
2.74576 2 1 0 0
2.79661 2 1 0 0
2.84746 2 1 0 0
2.89831 2 1 0 0
2.94915 2 1 0 0
3 2 1 0 0

