0 0 2 1 0
0.0508475 0 2.41065 0 0
0.101695 0 2.7782 0 0
0.152542 0 2.61204 0 0
0.20339 0 2.4697 0 0
0.254237 0 2.30764 0 0
0.305085 0 2.09166 0 0
0.355932 0 1.84697 0 0
0.40678 0 1.61846 0 0
0.457627 0 1.43329 0 0
0.508475 0 1.29552 0 0
0.559322 0 1.19774 0 0
0.610169 0 1.13028 0 0
0.661017 0 1.08468 0 0
0.711864 0 1.05437 0 0
0.762712 0 1.03455 0 0
0.813559 0 1.0218 0 0
0.864407 0 1.01359 0 0
0.915254 0 1.00768 0 0
0.966102 0 1 0 0
1.01695 0 0 0 0
1.0678 0 0 0 0
1.11864 0 0 0 0
1.16949 0 0 0 0
1.22034 0 0 0 0
1.27119 0 0 0 0
1.32203 0 0 0 0
1.37288 0 0 0 0
1.42373 0 0 0 0
1.47458 0 0 0 0
1.52542 0 0 0 0
1.57627 0 0 0 0
1.62712 0 0 0 0
1.67797 0 0 0 0
1.72881 0 0 0 0
1.77966 0 0 0 0
1.83051 0 0 0 0
1.88136 0 0 0 0
1.9322 0 0 0 0
1.98305 0 0 0 0
2.0339 0 1 0 0
2.08475 0 1 -9.00196e-20 -1.04658e-18
2.13559 0 1 -4.99869e-20 -1.87335e-18
2.18644 0 1 6.84353e-20 -2.36586e-18
2.23729 0 1 2.02675e-19 -2.49512e-18
2.28814 0 1 3.03617e-19 -2.32032e-18
2.33898 0 1 3.4872e-19 -1.95527e-18
2.38983 0 1 3.40671e-19 -1.5185e-18
2.44068 0 1 2.96267e-19 -1.09937e-18
2.49153 0 1 2.35119e-19 -7.48169e-19
2.54237 0 1 1.7294e-19 -4.81871e-19
2.59322 0 1 1.19218e-19 -2.95429e-19
2.64407 0 1 7.76791e-20 -1.73263e-19
2.69492 0 1 4.81593e-20 -9.76157e-20
2.74576 0 1 2.85578e-20 -5.30187e-20
2.79661 0 1 1.6252e-20 -2.78317e-20
2.84746 0 1 8.86531e-21 -1.41104e-20
2.89831 0 1 4.54183e-21 -6.79197e-21
2.94915 0 1 1.92713e-21 -2.75674e-21
3 0 1 0 0

0 0.0512821 2 1 0
0.0508475 0.0512821 3.36856 0.550819 0.0396825
0.101695 0.0512821 3.50997 0.447022 0.0542833
0.152542 0.0512821 3.15423 0.423124 0.0454897
0.20339 0.0512821 2.8695 0.4068 0.0210019
0.254237 0.0512821 2.62138 0.3975 -0.015696
0.305085 0.0512821 2.38063 0.389969 -0.0569212
0.355932 0.0512821 2.12938 0.37628 -0.0907567
0.40678 0.0512821 1.87356 0.34938 -0.107968
0.457627 0.0512821 1.63849 0.307669 -0.107324
0.508475 0.0512821 1.44623 0.255914 -0.0942996
0.559322 0.0512821 1.30256 0.201807 -0.0760088
0.610169 0.0512821 1.20116 0.151937 -0.0576588
0.661017 0.0512821 1.13193 0.109974 -0.0418791
0.711864 0.0512821 1.08565 0.0768852 -0.0294678
0.762712 0.0512821 1.05524 0.0519278 -0.0202561
0.813559 0.0512821 1.03563 0.0335669 -0.0136662
0.864407 0.0512821 1.02334 0.0200345 -0.00894537
0.915254 0.0512821 1.01602 0.00953216 -0.00507185
0.966102 0.0512821 1.01174 0 0
1.01695 0.0512821 0 0 0
1.0678 0.0512821 0 0 0
1.11864 0.0512821 0 0 0
1.16949 0.0512821 0 0 0
1.22034 0.0512821 0 0 0
1.27119 0.0512821 0 0 0
1.32203 0.0512821 0 0 0
1.37288 0.0512821 0 0 0
1.42373 0.0512821 0 0 0
1.47458 0.0512821 0 0 0
1.52542 0.0512821 0 0 0
1.57627 0.0512821 0 0 0
1.62712 0.0512821 0 0 0
1.67797 0.0512821 0 0 0
1.72881 0.0512821 0 0 0
1.77966 0.0512821 0 0 0
1.83051 0.0512821 0 0 0
1.88136 0.0512821 0 0 0
1.9322 0.0512821 0 0 0
1.98305 0.0512821 0 0 0
2.0339 0.0512821 1 0 0
2.08475 0.0512821 1 -9.00196e-20 -1.04658e-18
2.13559 0.0512821 1 -4.99869e-20 -1.87335e-18
2.18644 0.0512821 1 6.84353e-20 -2.36586e-18
2.23729 0.0512821 1 2.02675e-19 -2.49512e-18
2.28814 0.0512821 1 3.03617e-19 -2.32032e-18
2.33898 0.0512821 1 3.4872e-19 -1.95527e-18
2.38983 0.0512821 1 3.40671e-19 -1.5185e-18
2.44068 0.0512821 1 2.96267e-19 -1.09937e-18
2.49153 0.0512821 1 2.35119e-19 -7.48169e-19
2.54237 0.0512821 1 1.7294e-19 -4.81871e-19
2.59322 0.0512821 1 1.19218e-19 -2.95429e-19
2.64407 0.0512821 1 7.76791e-20 -1.73263e-19
2.69492 0.0512821 1 4.81593e-20 -9.76157e-20
2.74576 0.0512821 1 2.85578e-20 -5.30187e-20
2.79661 0.0512821 1 1.6252e-20 -2.78317e-20
2.84746 0.0512821 1 8.86531e-21 -1.41104e-20
2.89831 0.0512821 1 4.54183e-21 -6.79197e-21
2.94915 0.0512821 1 1.92713e-21 -2.75674e-21
3 0.0512821 1 0 0

0 0.102564 2 1 0
0.0508475 0.102564 2.54761 0.777095 0.107026
0.101695 0.102564 2.74894 0.682613 0.140357
0.152542 0.102564 2.63584 0.65311 0.116945
0.20339 0.102564 2.49627 0.637481 0.0707131
0.254237 0.102564 2.40386 0.628324 0.0125531
0.305085 0.102564 2.33278 0.623201 -0.0487066
0.355932 0.102564 2.22669 0.61288 -0.101553
0.40678 0.102564 2.04986 0.583866 -0.134818
0.457627 0.102564 1.82156 0.528087 -0.143823
0.508475 0.102564 1.59475 0.449326 -0.132707
0.559322 0.102564 1.40843 0.360195 -0.11049
0.610169 0.102564 1.27211 0.274083 -0.0855221
0.661017 0.102564 1.17832 0.199653 -0.0628552
0.711864 0.102564 1.11576 0.140074 -0.0445078
0.762712 0.102564 1.07486 0.0947402 -0.0306632
0.813559 0.102564 1.04868 0.0611767 -0.0206336
0.864407 0.102564 1.0326 0.0362869 -0.0133311
0.915254 0.102564 1.02361 0.0169101 -0.00726076
0.966102 0.102564 1.02045 0 0
1.01695 0.102564 0 0 0
1.0678 0.102564 0 0 0
1.11864 0.102564 0 0 0
1.16949 0.102564 0 0 0
1.22034 0.102564 0 0 0
1.27119 0.102564 0 0 0
1.32203 0.102564 0 0 0
1.37288 0.102564 0 0 0
1.42373 0.102564 0 0 0
1.47458 0.102564 0 0 0
1.52542 0.102564 0 0 0
1.57627 0.102564 0 0 0
1.62712 0.102564 0 0 0
1.67797 0.102564 0 0 0
1.72881 0.102564 0 0 0
1.77966 0.102564 0 0 0
1.83051 0.102564 0 0 0
1.88136 0.102564 0 0 0
1.9322 0.102564 0 0 0
1.98305 0.102564 0 0 0
2.0339 0.102564 1 0 0
2.08475 0.102564 1 -2.65261e-19 -2.42175e-18
2.13559 0.102564 1 -1.45172e-19 -4.31162e-18
2.18644 0.102564 1 1.81326e-19 -5.40977e-18
2.23729 0.102564 1 5.37943e-19 -5.65451e-18
2.28814 0.102564 1 7.9375e-19 -5.19801e-18
2.33898 0.102564 1 8.94806e-19 -4.32132e-18
2.38983 0.102564 1 8.5684e-19 -3.30649e-18
2.44068 0.102564 1 7.3023e-19 -2.35654e-18
2.49153 0.102564 1 5.67879e-19 -1.57775e-18
2.54237 0.102564 1 4.09199e-19 -9.99418e-19
2.59322 0.102564 1 2.76309e-19 -6.02618e-19
2.64407 0.102564 1 1.76362e-19 -3.47661e-19
2.69492 0.102564 1 1.07135e-19 -1.92743e-19
2.74576 0.102564 1 6.22731e-20 -1.03063e-19
2.79661 0.102564 1 3.47612e-20 -5.3299e-20
2.84746 0.102564 1 1.86237e-20 -2.66523e-20
2.89831 0.102564 1 9.40316e-21 -1.26908e-20
2.94915 0.102564 1 3.96878e-21 -5.13813e-21
3 0.102564 1 0 0

0 0.153846 2 1 0
0.0508475 0.153846 2.36293 0.86225 0.0767708
0.101695 0.153846 2.63112 0.793194 0.117651
0.152542 0.153846 2.66996 0.775781 0.109135
0.20339 0.153846 2.59225 0.77397 0.072588
0.254237 0.153846 2.49188 0.773609 0.0224824
0.305085 0.153846 2.40315 0.771393 -0.0322595
0.355932 0.153846 2.30946 0.762152 -0.0832022
0.40678 0.153846 2.16713 0.734334 -0.120824
0.457627 0.153846 1.95859 0.676398 -0.137873
0.508475 0.153846 1.72006 0.587368 -0.134086
0.559322 0.153846 1.50429 0.479289 -0.116019
0.610169 0.153846 1.33828 0.369487 -0.0921893
0.661017 0.153846 1.22187 0.271456 -0.068914
0.711864 0.153846 1.14397 0.191437 -0.049308
0.762712 0.153846 1.09315 0.129835 -0.0341564
0.813559 0.153846 1.06081 0.0838848 -0.0229929
0.864407 0.153846 1.04116 0.0496348 -0.0147411
0.915254 0.153846 1.03054 0.0229516 -0.00785297
0.966102 0.153846 1.02764 0 0
1.01695 0.153846 0 0 0
1.0678 0.153846 0 0 0
1.11864 0.153846 0 0 0
1.16949 0.153846 0 0 0
1.22034 0.153846 0 0 0
1.27119 0.153846 0 0 0
1.32203 0.153846 0 0 0
1.37288 0.153846 0 0 0
1.42373 0.153846 0 0 0
1.47458 0.153846 0 0 0
1.52542 0.153846 0 0 0
1.57627 0.153846 0 0 0
1.62712 0.153846 0 0 0
1.67797 0.153846 0 0 0
1.72881 0.153846 0 0 0
1.77966 0.153846 0 0 0
1.83051 0.153846 0 0 0
1.88136 0.153846 0 0 0
1.9322 0.153846 0 0 0
1.98305 0.153846 0 0 0
2.0339 0.153846 1 0 0
2.08475 0.153846 1 -7.55669e-19 -6.95309e-18
2.13559 0.153846 1 -3.46879e-19 -1.23251e-17
2.18644 0.153846 1 6.65492e-19 -1.53611e-17
2.23729 0.153846 1 1.73525e-18 -1.59041e-17
2.28814 0.153846 1 2.46482e-18 -1.4442e-17
2.33898 0.153846 1 2.70647e-18 -1.18326e-17
2.38983 0.153846 1 2.53196e-18 -8.90649e-18
2.44068 0.153846 1 2.11151e-18 -6.23584e-18
2.49153 0.153846 1 1.60837e-18 -4.09856e-18
2.54237 0.153846 1 1.13532e-18 -2.54758e-18
2.59322 0.153846 1 7.51136e-19 -1.50724e-18
2.64407 0.153846 1 4.69885e-19 -8.53325e-19
2.69492 0.153846 1 2.79855e-19 -4.64379e-19
2.74576 0.153846 1 1.59557e-19 -2.43844e-19
2.79661 0.153846 1 8.74137e-20 -1.23905e-19
2.84746 0.153846 1 4.6006e-20 -6.09376e-20
2.89831 0.153846 1 2.28598e-20 -2.8601e-20
2.94915 0.153846 1 9.5334e-21 -1.14774e-20
3 0.153846 1 0 0

0 0.205128 2 1 0
0.0508475 0.205128 2.22324 0.908154 0.0519198
0.101695 0.205128 2.41832 0.855447 0.092207
0.152542 0.205128 2.48628 0.840356 0.097797
0.20339 0.205128 2.46106 0.840989 0.074702
0.254237 0.205128 2.41059 0.843944 0.0347475
0.305085 0.205128 2.36846 0.845456 -0.0121136
0.355932 0.205128 2.32197 0.841431 -0.0576027
0.40678 0.205128 2.22637 0.820627 -0.0938599
0.457627 0.205128 2.0499 0.768724 -0.114275
0.508475 0.205128 1.81611 0.680181 -0.116681
0.559322 0.205128 1.58392 0.564655 -0.104821
0.610169 0.205128 1.39558 0.441203 -0.0856206
0.661017 0.205128 1.26024 0.327216 -0.0652487
0.711864 0.205128 1.16894 0.23218 -0.0472914
0.762712 0.205128 1.10937 0.158051 -0.0330189
0.813559 0.205128 1.07154 0.102295 -0.0222944
0.864407 0.205128 1.0487 0.0605169 -0.0142441
0.915254 0.205128 1.03654 0.0279109 -0.00749219
0.966102 0.205128 1.03359 0 0
1.01695 0.205128 0 0 0
1.0678 0.205128 0 0 0
1.11864 0.205128 0 0 0
1.16949 0.205128 0 0 0
1.22034 0.205128 0 0 0
1.27119 0.205128 0 0 0
1.32203 0.205128 0 0 0
1.37288 0.205128 0 0 0
1.42373 0.205128 0 0 0
1.47458 0.205128 0 0 0
1.52542 0.205128 0 0 0
1.57627 0.205128 0 0 0
1.62712 0.205128 0 0 0
1.67797 0.205128 0 0 0
1.72881 0.205128 0 0 0
1.77966 0.205128 0 0 0
1.83051 0.205128 0 0 0
1.88136 0.205128 0 0 0
1.9322 0.205128 0 0 0
1.98305 0.205128 0 0 0
2.0339 0.205128 1 0 0
2.08475 0.205128 1 -2.08954e-18 -2.04827e-17
2.13559 0.205128 1 -6.94729e-19 -3.60971e-17
2.18644 0.205128 1 2.44606e-18 -4.4647e-17
2.23729 0.205128 1 5.64594e-18 -4.5773e-17
2.28814 0.205128 1 7.71063e-18 -4.10769e-17
2.33898 0.205128 1 8.24634e-18 -3.31891e-17
2.38983 0.205128 1 7.53592e-18 -2.45747e-17
2.44068 0.205128 1 6.14654e-18 -1.68814e-17
2.49153 0.205128 1 4.58373e-18 -1.08852e-17
2.54237 0.205128 1 3.16795e-18 -6.63538e-18
2.59322 0.205128 1 2.05297e-18 -3.85029e-18
2.64407 0.205128 1 1.25853e-18 -2.13857e-18
2.69492 0.205128 1 7.34917e-19 -1.14211e-18
2.74576 0.205128 1 4.11061e-19 -5.88783e-19
2.79661 0.205128 1 2.21081e-19 -2.93898e-19
2.84746 0.205128 1 1.14328e-19 -1.42115e-19
2.89831 0.205128 1 5.58986e-20 -6.57021e-20
2.94915 0.205128 1 2.30012e-20 -2.60867e-20
3 0.205128 1 0 0

0 0.25641 2 1 0
0.0508475 0.25641 2.15627 0.932016 0.0315513
0.101695 0.25641 2.31015 0.8879 0.0611245
0.152542 0.25641 2.39588 0.871781 0.0706113
0.20339 0.25641 2.40948 0.871474 0.0584786
0.254237 0.25641 2.39101 0.875949 0.0314397
0.305085 0.25641 2.37133 0.880855 -0.00294761
0.355932 0.25641 2.34555 0.882077 -0.0381339
0.40678 0.25641 2.27376 0.868531 -0.0680529
0.457627 0.25641 2.11762 0.824288 -0.0872064
0.508475 0.25641 1.88939 0.740335 -0.0927122
0.559322 0.25641 1.64726 0.623542 -0.0861044
0.610169 0.25641 1.44257 0.493124 -0.0721992
0.661017 0.25641 1.29226 0.369024 -0.0561108
0.711864 0.25641 1.18996 0.26348 -0.0412455
0.762712 0.25641 1.12306 0.180093 -0.0290724
0.813559 0.25641 1.08062 0.116847 -0.0197295
0.864407 0.25641 1.05505 0.0691962 -0.0126022
0.915254 0.25641 1.04153 0.0319035 -0.00658233
0.966102 0.25641 1.03838 0 0
1.01695 0.25641 0 0 0
1.0678 0.25641 0 0 0
1.11864 0.25641 0 0 0
1.16949 0.25641 0 0 0
1.22034 0.25641 0 0 0
1.27119 0.25641 0 0 0
1.32203 0.25641 0 0 0
1.37288 0.25641 0 0 0
1.42373 0.25641 0 0 0
1.47458 0.25641 0 0 0
1.52542 0.25641 0 0 0
1.57627 0.25641 0 0 0
1.62712 0.25641 0 0 0
1.67797 0.25641 0 0 0
1.72881 0.25641 0 0 0
1.77966 0.25641 0 0 0
1.83051 0.25641 0 0 0
1.88136 0.25641 0 0 0
1.9322 0.25641 0 0 0
1.98305 0.25641 0 0 0
2.0339 0.25641 1 0 0
2.08475 0.25641 1 -5.68804e-18 -6.03574e-17
2.13559 0.25641 1 -9.32282e-19 -1.05335e-16
2.18644 0.25641 1 8.73994e-18 -1.29027e-16
2.23729 0.25641 1 1.81602e-17 -1.30859e-16
2.28814 0.25641 1 2.38669e-17 -1.16138e-16
2.33898 0.25641 1 2.49036e-17 -9.26841e-17
2.38983 0.25641 1 2.22685e-17 -6.75605e-17
2.44068 0.25641 1 1.77596e-17 -4.53593e-17
2.49153 0.25641 1 1.29466e-17 -2.86669e-17
2.54237 0.25641 1 8.74859e-18 -1.71145e-17
2.59322 0.25641 1 5.54703e-18 -9.73028e-18
2.64407 0.25641 1 3.3292e-18 -5.29857e-18
2.69492 0.25641 1 1.90454e-18 -2.775e-18
2.74576 0.25641 1 1.04433e-18 -1.4036e-18
2.79661 0.25641 1 5.5107e-19 -6.87872e-19
2.84746 0.25641 1 2.7987e-19 -3.26871e-19
2.89831 0.25641 1 1.34582e-19 -1.48774e-19
2.94915 0.25641 1 5.46116e-20 -5.84049e-20
3 0.25641 1 0 0

0 0.307692 2 1 0
0.0508475 0.307692 2.12153 0.945252 0.0182817
0.101695 0.307692 2.24455 0.90614 0.0377394
0.152542 0.307692 2.32667 0.888113 0.0469036
0.20339 0.307692 2.35631 0.884836 0.0419048
0.254237 0.307692 2.35871 0.888349 0.0253633
0.305085 0.307692 2.35865 0.894767 0.00204842
0.355932 0.307692 2.3522 0.899919 -0.0232757
0.40678 0.307692 2.30107 0.892595 -0.0460648
0.457627 0.307692 2.16285 0.855666 -0.06203
0.508475 0.307692 1.94191 0.777505 -0.068403
0.559322 0.307692 1.69481 0.662465 -0.0654641
0.610169 0.307692 1.47896 0.529195 -0.0562497
0.661017 0.307692 1.31752 0.399137 -0.0445614
0.711864 0.307692 1.20673 0.286614 -0.0332353
0.762712 0.307692 1.13406 0.196688 -0.0236736
0.813559 0.307692 1.08793 0.127953 -0.0161722
0.864407 0.307692 1.06016 0.0758919 -0.0103518
0.915254 0.307692 1.0455 0.035015 -0.00538931
0.966102 0.307692 1.0421 0 0
1.01695 0.307692 0 0 0
1.0678 0.307692 0 0 0
1.11864 0.307692 0 0 0
1.16949 0.307692 0 0 0
1.22034 0.307692 0 0 0
1.27119 0.307692 0 0 0
1.32203 0.307692 0 0 0
1.37288 0.307692 0 0 0
1.42373 0.307692 0 0 0
1.47458 0.307692 0 0 0
1.52542 0.307692 0 0 0
1.57627 0.307692 0 0 0
1.62712 0.307692 0 0 0
1.67797 0.307692 0 0 0
1.72881 0.307692 0 0 0
1.77966 0.307692 0 0 0
1.83051 0.307692 0 0 0
1.88136 0.307692 0 0 0
1.9322 0.307692 0 0 0
1.98305 0.307692 0 0 0
2.0339 0.307692 1 0 0
2.08475 0.307692 1 -1.51987e-17 -1.77393e-16
2.13559 0.307692 1 1.09698e-18 -3.04293e-16
2.18644 0.307692 1 3.0549e-17 -3.68173e-16
2.23729 0.307692 1 5.76178e-17 -3.68724e-16
2.28814 0.307692 1 7.27143e-17 -3.24009e-16
2.33898 0.307692 1 7.40477e-17 -2.56396e-16
2.38983 0.307692 1 6.51679e-17 -1.85088e-16
2.44068 0.307692 1 5.09592e-17 -1.20105e-16
2.49153 0.307692 1 3.61514e-17 -7.45002e-17
2.54237 0.307692 1 2.38515e-17 -4.3457e-17
2.59322 0.307692 1 1.47762e-17 -2.41748e-17
2.64407 0.307692 1 8.67235e-18 -1.28996e-17
2.69492 0.307692 1 4.85571e-18 -6.61935e-18
2.74576 0.307692 1 2.608e-18 -3.28203e-18
2.79661 0.307692 1 1.34918e-18 -1.57797e-18
2.84746 0.307692 1 6.72476e-19 -7.36389e-19
2.89831 0.307692 1 3.17874e-19 -3.29761e-19
2.94915 0.307692 1 1.27151e-19 -1.27929e-19
3 0.307692 1 0 0

0 0.358974 2 1 0
0.0508475 0.358974 2.10326 0.952575 0.0102701
0.101695 0.358974 2.20818 0.916326 0.0221186
0.152542 0.358974 2.28498 0.896664 0.0290692
0.20339 0.358974 2.32191 0.890441 0.0276649
0.254237 0.358974 2.33685 0.892204 0.0184185
0.305085 0.358974 2.34978 0.898922 0.00388419
0.355932 0.358974 2.35624 0.906533 -0.0128859
0.40678 0.358974 2.31887 0.903696 -0.0287861
0.457627 0.358974 2.1931 0.872482 -0.0407507
0.508475 0.358974 1.97817 0.79947 -0.0465252
0.559322 0.358974 1.72865 0.687055 -0.0457946
0.610169 0.358974 1.50549 0.553099 -0.0402736
0.661017 0.358974 1.33627 0.4198 -0.0325128
0.711864 0.358974 1.21932 0.3029 -0.0246149
0.762712 0.358974 1.14239 0.208595 -0.017736
0.813559 0.358974 1.0935 0.136037 -0.0122144
0.864407 0.358974 1.06405 0.080822 -0.00785117
0.915254 0.358974 1.04851 0.0373297 -0.00408566
0.966102 0.358974 1.04485 0 0
1.01695 0.358974 0 0 0
1.0678 0.358974 0 0 0
1.11864 0.358974 0 0 0
1.16949 0.358974 0 0 0
1.22034 0.358974 0 0 0
1.27119 0.358974 0 0 0
1.32203 0.358974 0 0 0
1.37288 0.358974 0 0 0
1.42373 0.358974 0 0 0
1.47458 0.358974 0 0 0
1.52542 0.358974 0 0 0
1.57627 0.358974 0 0 0
1.62712 0.358974 0 0 0
1.67797 0.358974 0 0 0
1.72881 0.358974 0 0 0
1.77966 0.358974 0 0 0
1.83051 0.358974 0 0 0
1.88136 0.358974 0 0 0
1.9322 0.358974 0 0 0
1.98305 0.358974 0 0 0
2.0339 0.358974 1 0 0
2.08475 0.358974 1 -4.32629e-17 -4.75331e-16
2.13559 0.358974 1 1.55978e-17 -8.22034e-16
2.18644 0.358974 1 1.04841e-16 -9.90156e-16
2.23729 0.358974 1 1.80768e-16 -9.74913e-16
2.28814 0.358974 1 2.18416e-16 -8.42597e-16
2.33898 0.358974 1 2.17294e-16 -6.54669e-16
2.38983 0.358974 1 1.91041e-16 -4.69716e-16
2.44068 0.358974 1 1.46687e-16 -3.09885e-16
2.49153 0.358974 1 9.93684e-17 -1.91364e-16
2.54237 0.358974 1 6.41526e-17 -1.0829e-16
2.59322 0.358974 1 3.87352e-17 -5.88528e-17
2.64407 0.358974 1 2.22007e-17 -3.0796e-17
2.69492 0.358974 1 1.21572e-17 -1.5466e-17
2.74576 0.358974 1 6.39067e-18 -7.50884e-18
2.79661 0.358974 1 3.23861e-18 -3.5387e-18
2.84746 0.358974 1 1.58317e-18 -1.62059e-18
2.89831 0.358974 1 7.35205e-19 -7.13546e-19
2.94915 0.358974 1 2.89785e-19 -2.73402e-19
3 0.358974 1 0 0

0 0.410256 2 1 0
0.0508475 0.410256 2.09355 0.956658 0.00571533
0.101695 0.410256 2.18798 0.922128 0.0127193
0.152542 0.410256 2.25973 0.901432 0.0176076
0.20339 0.410256 2.29876 0.892978 0.0179843
0.254237 0.410256 2.32017 0.892995 0.0135391
0.305085 0.410256 2.34112 0.89931 0.00541176
0.355932 0.410256 2.35624 0.908125 -0.00466732
0.40678 0.410256 2.32821 0.90807 -0.014774
0.457627 0.410256 2.21113 0.88073 -0.0229194
0.508475 0.410256 2.00094 0.81154 -0.0275022
0.559322 0.410256 1.75065 0.701531 -0.0280341
0.610169 0.410256 1.52318 0.567845 -0.0253357
0.661017 0.410256 1.34901 0.432984 -0.0209086
0.711864 0.410256 1.22801 0.313557 -0.0161156
0.762712 0.410256 1.14819 0.216538 -0.0117811
0.813559 0.410256 1.09741 0.14151 -0.00820441
0.864407 0.410256 1.0668 0.0842003 -0.00531278
0.915254 0.410256 1.05062 0.0389324 -0.00277259
0.966102 0.410256 1.04675 0 0
1.01695 0.410256 0 0 0
1.0678 0.410256 0 0 0
1.11864 0.410256 0 0 0
1.16949 0.410256 0 0 0
1.22034 0.410256 0 0 0
1.27119 0.410256 0 0 0
1.32203 0.410256 0 0 0
1.37288 0.410256 0 0 0
1.42373 0.410256 0 0 0
1.47458 0.410256 0 0 0
1.52542 0.410256 0 0 0
1.57627 0.410256 0 0 0
1.62712 0.410256 0 0 0
1.67797 0.410256 0 0 0
1.72881 0.410256 0 0 0
1.77966 0.410256 0 0 0
1.83051 0.410256 0 0 0
1.88136 0.410256 0 0 0
1.9322 0.410256 0 0 0
1.98305 0.410256 0 0 0
2.0339 0.410256 1 0 0
2.08475 0.410256 1 -8.33034e-17 -1.26776e-15
2.13559 0.410256 1 9.31951e-17 -2.18584e-15
2.18644 0.410256 1 3.56905e-16 -2.59314e-15
2.23729 0.410256 1 5.61405e-16 -2.52325e-15
2.28814 0.410256 1 6.39121e-16 -2.13379e-15
2.33898 0.410256 1 6.0527e-16 -1.62763e-15
2.38983 0.410256 1 5.0518e-16 -1.13839e-15
2.44068 0.410256 1 3.8334e-16 -7.40678e-16
2.49153 0.410256 1 2.67138e-16 -4.51745e-16
2.54237 0.410256 1 1.71428e-16 -2.62804e-16
2.59322 0.410256 1 9.96062e-17 -1.39748e-16
2.64407 0.410256 1 5.56839e-17 -7.20937e-17
2.69492 0.410256 1 2.98398e-17 -3.53465e-17
2.74576 0.410256 1 1.53413e-17 -1.67774e-17
2.79661 0.410256 1 7.60935e-18 -7.74231e-18
2.84746 0.410256 1 3.64549e-18 -3.47669e-18
2.89831 0.410256 1 1.66221e-18 -1.50406e-18
2.94915 0.410256 1 6.45341e-19 -5.6886e-19
3 0.410256 1 0 0

0 0.461538 2 1 0
0.0508475 0.461538 2.08821 0.959002 0.00330403
0.101695 0.461538 2.17658 0.925592 0.00760509
0.152542 0.461538 2.24444 0.904415 0.0112304
0.20339 0.461538 2.28331 0.894547 0.0127236
0.254237 0.461538 2.30747 0.893185 0.0115668
0.305085 0.461538 2.3327 0.898808 0.00809279
0.355932 0.461538 2.35288 0.907908 0.00310892
0.40678 0.461538 2.33056 0.909173 -0.00237228
0.457627 0.461538 2.21903 0.883965 -0.00725993
0.508475 0.461538 2.01236 0.817094 -0.0106047
0.559322 0.461538 1.76242 0.708777 -0.0119579
0.610169 0.461538 1.53306 0.575635 -0.0115355
0.661017 0.461538 1.35634 0.440223 -0.00998535
0.711864 0.461538 1.23312 0.319581 -0.00799015
0.762712 0.461538 1.15167 0.22113 -0.00602153
0.813559 0.461538 1.09979 0.144733 -0.00429793
0.864407 0.461538 1.06848 0.0862177 -0.00283545
0.915254 0.461538 1.05192 0.0399009 -0.00149683
0.966102 0.461538 1.04789 0 0
1.01695 0.461538 0 0 0
1.0678 0.461538 0 0 0
1.11864 0.461538 0 0 0
1.16949 0.461538 0 0 0
1.22034 0.461538 0 0 0
1.27119 0.461538 0 0 0
1.32203 0.461538 0 0 0
1.37288 0.461538 0 0 0
1.42373 0.461538 0 0 0
1.47458 0.461538 0 0 0
1.52542 0.461538 0 0 0
1.57627 0.461538 0 0 0
1.62712 0.461538 0 0 0
1.67797 0.461538 0 0 0
1.72881 0.461538 0 0 0
1.77966 0.461538 0 0 0
1.83051 0.461538 0 0 0
1.88136 0.461538 0 0 0
1.9322 0.461538 0 0 0
1.98305 0.461538 0 0 0
2.0339 0.461538 1 0 0
2.08475 0.461538 1 -9.9323e-17 -3.39652e-15
2.13559 0.461538 1 4.69481e-16 -5.82206e-15
2.18644 0.461538 1 1.196e-15 -6.80949e-15
2.23729 0.461538 1 1.70333e-15 -6.49133e-15
2.28814 0.461538 1 1.84266e-15 -5.37312e-15
2.33898 0.461538 1 1.67453e-15 -3.99569e-15
2.38983 0.461538 1 1.35083e-15 -2.72147e-15
2.44068 0.461538 1 9.85484e-16 -1.73028e-15
2.49153 0.461538 1 6.58271e-16 -1.03531e-15
2.54237 0.461538 1 4.17381e-16 -5.91237e-16
2.59322 0.461538 1 2.49673e-16 -3.21462e-16
2.64407 0.461538 1 1.36111e-16 -1.66505e-16
2.69492 0.461538 1 7.17985e-17 -7.89398e-17
2.74576 0.461538 1 3.60427e-17 -3.65473e-17
2.79661 0.461538 1 1.74726e-17 -1.64962e-17
2.84746 0.461538 1 8.19595e-18 -7.25616e-18
2.89831 0.461538 1 3.66691e-18 -3.08176e-18
2.94915 0.461538 1 1.40174e-18 -1.1498e-18
3 0.461538 1 0 0

0 0.512821 2 1 0
0.0508475 0.512821 2.08497 0.960494 0.00219574
0.101695 0.512821 2.16954 0.927966 0.00530698
0.152542 0.512821 2.23424 0.906764 0.00862096
0.20339 0.512821 2.27164 0.896155 0.0113081
0.254237 0.512821 2.29606 0.893794 0.0128125
0.305085 0.512821 2.3228 0.898575 0.0129836
0.355932 0.512821 2.3453 0.907241 0.0119937
0.40678 0.512821 2.32591 0.908592 0.0101692
0.457627 0.512821 2.21758 0.883961 0.00787006
0.508475 0.512821 2.01354 0.81796 0.00546091
0.559322 0.512821 1.76499 0.710477 0.0032875
0.610169 0.512821 1.53583 0.577848 0.0015961
0.661017 0.512821 1.3587 0.442534 0.000464897
0.711864 0.512821 1.23492 0.321667 -0.000175054
0.762712 0.512821 1.15299 0.22282 -0.000458897
0.813559 0.512821 1.10074 0.145974 -0.00051675
0.864407 0.512821 1.06919 0.0870222 -0.000438855
0.915254 0.512821 1.05248 0.0402975 -0.000267388
0.966102 0.512821 1.04837 0 0
1.01695 0.512821 0 0 0
1.0678 0.512821 0 0 0
1.11864 0.512821 0 0 0
1.16949 0.512821 0 0 0
1.22034 0.512821 0 0 0
1.27119 0.512821 0 0 0
1.32203 0.512821 0 0 0
1.37288 0.512821 0 0 0
1.42373 0.512821 0 0 0
1.47458 0.512821 0 0 0
1.52542 0.512821 0 0 0
1.57627 0.512821 0 0 0
1.62712 0.512821 0 0 0
1.67797 0.512821 0 0 0
1.72881 0.512821 0 0 0
1.77966 0.512821 0 0 0
1.83051 0.512821 0 0 0
1.88136 0.512821 0 0 0
1.9322 0.512821 0 0 0
1.98305 0.512821 0 0 0
2.0339 0.512821 1 0 0
2.08475 0.512821 1 9.69704e-17 -9.09377e-15
2.13559 0.512821 1 1.90097e-15 -1.54685e-14
2.18644 0.512821 1 3.93833e-15 -1.77927e-14
2.23729 0.512821 1 5.15023e-15 -1.65707e-14
2.28814 0.512821 1 5.26573e-15 -1.3361e-14
2.33898 0.512821 1 4.5819e-15 -9.65827e-15
2.38983 0.512821 1 3.53693e-15 -6.41017e-15
2.44068 0.512821 1 2.48686e-15 -3.96664e-15
2.49153 0.512821 1 1.62207e-15 -2.31913e-15
2.54237 0.512821 1 9.92539e-16 -1.28281e-15
2.59322 0.512821 1 5.76369e-16 -6.86371e-16
2.64407 0.512821 1 3.22607e-16 -3.49887e-16
2.69492 0.512821 1 1.71116e-16 -1.71639e-16
2.74576 0.512821 1 8.28954e-17 -7.75094e-17
2.79661 0.512821 1 3.91526e-17 -3.41796e-17
2.84746 0.512821 1 1.79602e-17 -1.47034e-17
2.89831 0.512821 1 7.87883e-18 -6.12382e-18
2.94915 0.512821 1 2.96411e-18 -2.25227e-18
3 0.512821 1 0 0

0 0.564103 2 1 0
0.0508475 0.564103 2.08258 0.961667 0.00189314
0.101695 0.564103 2.16423 0.930039 0.00489804
0.152542 0.564103 2.22579 0.909198 0.00887251
0.20339 0.564103 2.26057 0.898312 0.0133027
0.254237 0.564103 2.28337 0.895165 0.01752
0.305085 0.564103 2.30953 0.898885 0.0209868
0.355932 0.564103 2.33223 0.906423 0.0233976
0.40678 0.564103 2.31361 0.906722 0.0245434
0.457627 0.564103 2.20667 0.88125 0.0241757
0.508475 0.564103 2.00477 0.81478 0.0221642
0.559322 0.564103 1.75874 0.707306 0.0187963
0.610169 0.564103 1.53184 0.575101 0.014774
0.661017 0.564103 1.35635 0.440422 0.01086
0.711864 0.564103 1.2336 0.32019 0.00755193
0.762712 0.564103 1.15226 0.221865 0.00501594
0.813559 0.564103 1.10035 0.145399 0.00318992
0.864407 0.564103 1.06896 0.0867096 0.00190096
0.915254 0.564103 1.05233 0.0401645 0.000927528
0.966102 0.564103 1.04823 0 0
1.01695 0.564103 0 0 0
1.0678 0.564103 0 0 0
1.11864 0.564103 0 0 0
1.16949 0.564103 0 0 0
1.22034 0.564103 0 0 0
1.27119 0.564103 0 0 0
1.32203 0.564103 0 0 0
1.37288 0.564103 0 0 0
1.42373 0.564103 0 0 0
1.47458 0.564103 0 0 0
1.52542 0.564103 0 0 0
1.57627 0.564103 0 0 0
1.62712 0.564103 0 0 0
1.67797 0.564103 0 0 0
1.72881 0.564103 0 0 0
1.77966 0.564103 0 0 0
1.83051 0.564103 0 0 0
1.88136 0.564103 0 0 0
1.9322 0.564103 0 0 0
1.98305 0.564103 0 0 0
2.0339 0.564103 1 0 0
2.08475 0.564103 1 1.46042e-15 -2.43728e-14
2.13559 0.564103 1 7.16064e-15 -4.10157e-14
2.18644 0.564103 1 1.27225e-14 -4.61531e-14
2.23729 0.564103 1 1.54024e-14 -4.18368e-14
2.28814 0.564103 1 1.48914e-14 -3.27328e-14
2.33898 0.564103 1 1.23454e-14 -2.29531e-14
2.38983 0.564103 1 9.13745e-15 -1.47794e-14
2.44068 0.564103 1 6.1869e-15 -8.87793e-15
2.49153 0.564103 1 3.90189e-15 -5.03881e-15
2.54237 0.564103 1 2.32151e-15 -2.7235e-15
2.59322 0.564103 1 1.31014e-15 -1.41455e-15
2.64407 0.564103 1 7.09246e-16 -7.03706e-16
2.69492 0.564103 1 3.70908e-16 -3.421e-16
2.74576 0.564103 1 1.85383e-16 -1.60392e-16
2.79661 0.564103 1 8.54091e-17 -6.88845e-17
2.84746 0.564103 1 3.82987e-17 -2.88632e-17
2.89831 0.564103 1 1.6459e-17 -1.17705e-17
2.94915 0.564103 1 6.09016e-18 -4.26422e-18
3 0.564103 1 0 0

0 0.615385 2 1 0
0.0508475 0.615385 2.08033 0.962846 0.00211805
0.101695 0.615385 2.15903 0.932319 0.00590717
0.152542 0.615385 2.21672 0.912171 0.0116203
0.20339 0.615385 2.2474 0.901236 0.0187329
0.254237 0.615385 2.26684 0.897226 0.0262313
0.305085 0.615385 2.29075 0.899434 0.0331395
0.355932 0.615385 2.31205 0.905023 0.0387399
0.40678 0.615385 2.29249 0.903105 0.0423752
0.457627 0.615385 2.18554 0.875426 0.0432676
0.508475 0.615385 1.98562 0.807266 0.0408941
0.559322 0.615385 1.74352 0.699118 0.0356168
0.610169 0.615385 1.5211 0.567371 0.0287006
0.661017 0.615385 1.34935 0.433937 0.0216269
0.711864 0.615385 1.22921 0.315232 0.0154313
0.762712 0.615385 1.14955 0.218347 0.0105311
0.813559 0.615385 1.09865 0.143077 0.00688826
0.864407 0.615385 1.06785 0.0853248 0.0042182
0.915254 0.615385 1.05152 0.0395244 0.00210451
0.966102 0.615385 1.0475 0 0
1.01695 0.615385 0 0 0
1.0678 0.615385 0 0 0
1.11864 0.615385 0 0 0
1.16949 0.615385 0 0 0
1.22034 0.615385 0 0 0
1.27119 0.615385 0 0 0
1.32203 0.615385 0 0 0
1.37288 0.615385 0 0 0
1.42373 0.615385 0 0 0
1.47458 0.615385 0 0 0
1.52542 0.615385 0 0 0
1.57627 0.615385 0 0 0
1.62712 0.615385 0 0 0
1.67797 0.615385 0 0 0
1.72881 0.615385 0 0 0
1.77966 0.615385 0 0 0
1.83051 0.615385 0 0 0
1.88136 0.615385 0 0 0
1.9322 0.615385 0 0 0
1.98305 0.615385 0 0 0
2.0339 0.615385 1 0 0
2.08475 0.615385 1 7.85192e-15 -6.55064e-14
2.13559 0.615385 1 2.57627e-14 -1.08582e-13
2.18644 0.615385 1 4.05557e-14 -1.18893e-13
2.23729 0.615385 1 4.55212e-14 -1.04279e-13
2.28814 0.615385 1 4.14992e-14 -7.88066e-14
2.33898 0.615385 1 3.27258e-14 -5.33794e-14
2.38983 0.615385 1 2.31685e-14 -3.32264e-14
2.44068 0.615385 1 1.50804e-14 -1.93328e-14
2.49153 0.615385 1 9.1731e-15 -1.06358e-14
2.54237 0.615385 1 5.27544e-15 -5.59433e-15
2.59322 0.615385 1 2.89779e-15 -2.82304e-15
2.64407 0.615385 1 1.53023e-15 -1.38018e-15
2.69492 0.615385 1 7.74098e-16 -6.50685e-16
2.74576 0.615385 1 3.82162e-16 -3.02577e-16
2.79661 0.615385 1 1.81787e-16 -1.35433e-16
2.84746 0.615385 1 7.95051e-17 -5.46508e-17
2.89831 0.615385 1 3.33794e-17 -2.18055e-17
2.94915 0.615385 1 1.21326e-17 -7.77931e-18
3 0.615385 1 0 0

0 0.666667 2 1 0
0.0508475 0.666667 2.07791 0.964196 0.00272238
0.101695 0.666667 2.153 0.93507 0.00824529
0.152542 0.666667 2.20528 0.915836 0.0171079
0.20339 0.666667 2.23006 0.904748 0.0282983
0.254237 0.666667 2.24458 0.899398 0.0400584
0.305085 0.666667 2.26497 0.899316 0.0508412
0.355932 0.666667 2.28352 0.901929 0.0595651
0.40678 0.666667 2.26139 0.896537 0.065204
0.457627 0.666667 2.15309 0.865306 0.066522
0.508475 0.666667 1.95522 0.794375 0.0627394
0.559322 0.666667 1.7188 0.685115 0.0545089
0.610169 0.666667 1.50333 0.554135 0.0438496
0.661017 0.666667 1.33758 0.422789 0.0330337
0.711864 0.666667 1.22173 0.306659 0.0236034
0.762712 0.666667 1.14484 0.212221 0.0161557
0.813559 0.666667 1.09565 0.139 0.0106115
0.864407 0.666667 1.06586 0.0828768 0.0065293
0.915254 0.666667 1.05005 0.0383859 0.0032716
0.966102 0.666667 1.04618 0 0
1.01695 0.666667 0 0 0
1.0678 0.666667 0 0 0
1.11864 0.666667 0 0 0
1.16949 0.666667 0 0 0
1.22034 0.666667 0 0 0
1.27119 0.666667 0 0 0
1.32203 0.666667 0 0 0
1.37288 0.666667 0 0 0
1.42373 0.666667 0 0 0
1.47458 0.666667 0 0 0
1.52542 0.666667 0 0 0
1.57627 0.666667 0 0 0
1.62712 0.666667 0 0 0
1.67797 0.666667 0 0 0
1.72881 0.666667 0 0 0
1.77966 0.666667 0 0 0
1.83051 0.666667 0 0 0
1.88136 0.666667 0 0 0
1.9322 0.666667 0 0 0
1.98305 0.666667 0 0 0
2.0339 0.666667 1 0 0
2.08475 0.666667 1 3.42903e-14 -1.77138e-13
2.13559 0.666667 1 9.00231e-14 -2.87195e-13
2.18644 0.666667 1 1.27587e-13 -3.03683e-13
2.23729 0.666667 1 1.32792e-13 -2.55952e-13
2.28814 0.666667 1 1.13774e-13 -1.8573e-13
2.33898 0.666667 1 8.50448e-14 -1.20944e-13
2.38983 0.666667 1 5.74232e-14 -7.25092e-14
2.44068 0.666667 1 3.58329e-14 -4.07288e-14
2.49153 0.666667 1 2.09818e-14 -2.16969e-14
2.54237 0.666667 1 1.16622e-14 -1.10606e-14
2.59322 0.666667 1 6.20475e-15 -5.43142e-15
2.64407 0.666667 1 3.17899e-15 -2.58824e-15
2.69492 0.666667 1 1.57654e-15 -1.19782e-15
2.74576 0.666667 1 7.55379e-16 -5.40267e-16
2.79661 0.666667 1 3.56096e-16 -2.39469e-16
2.84746 0.666667 1 1.61127e-16 -9.81868e-17
2.89831 0.666667 1 6.54964e-17 -3.87549e-17
2.94915 0.666667 1 2.33562e-17 -1.36326e-17
3 0.666667 1 0 0

0 0.717949 2 1 0
0.0508475 0.717949 2.07565 0.965675 0.00366527
0.101695 0.717949 2.14565 0.938226 0.0122424
0.152542 0.717949 2.18874 0.919878 0.026149
0.20339 0.717949 2.20351 0.908018 0.0430941
0.254237 0.717949 2.21057 0.90027 0.0601843
0.305085 0.717949 2.22675 0.896694 0.0752866
0.355932 0.717949 2.24256 0.895095 0.0870412
0.40678 0.717949 2.21744 0.88494 0.0940837
0.457627 0.717949 2.10734 0.848935 0.0947545
0.508475 0.717949 1.91231 0.77444 0.0882073
0.559322 0.717949 1.68389 0.664037 0.0757065
0.610169 0.717949 1.47825 0.534565 0.0602788
0.661017 0.717949 1.32095 0.406503 0.0450556
0.711864 0.717949 1.21112 0.294232 0.0320189
0.762712 0.717949 1.13814 0.203385 0.0218435
0.813559 0.717949 1.09137 0.133138 0.0143258
0.864407 0.717949 1.06299 0.0793635 0.0088138
0.915254 0.717949 1.04792 0.0367545 0.00441942
0.966102 0.717949 1.04426 0 0
1.01695 0.717949 0 0 0
1.0678 0.717949 0 0 0
1.11864 0.717949 0 0 0
1.16949 0.717949 0 0 0
1.22034 0.717949 0 0 0
1.27119 0.717949 0 0 0
1.32203 0.717949 0 0 0
1.37288 0.717949 0 0 0
1.42373 0.717949 0 0 0
1.47458 0.717949 0 0 0
1.52542 0.717949 0 0 0
1.57627 0.717949 0 0 0
1.62712 0.717949 0 0 0
1.67797 0.717949 0 0 0
1.72881 0.717949 0 0 0
1.77966 0.717949 0 0 0
1.83051 0.717949 0 0 0
1.88136 0.717949 0 0 0
1.9322 0.717949 0 0 0
1.98305 0.717949 0 0 0
2.0339 0.717949 1 0 0
2.08475 0.717949 1 1.37551e-13 -4.83936e-13
2.13559 0.717949 1 3.08792e-13 -7.5922e-13
2.18644 0.717949 1 3.96236e-13 -7.67269e-13
2.23729 0.717949 1 3.81228e-13 -6.16121e-13
2.28814 0.717949 1 3.05611e-13 -4.26402e-13
2.33898 0.717949 1 2.15661e-13 -2.65537e-13
2.38983 0.717949 1 1.38443e-13 -1.52757e-13
2.44068 0.717949 1 8.25894e-14 -8.26028e-14
2.49153 0.717949 1 4.64683e-14 -4.25076e-14
2.54237 0.717949 1 2.49168e-14 -2.09871e-14
2.59322 0.717949 1 1.28301e-14 -1.00168e-14
2.64407 0.717949 1 6.38433e-15 -4.63831e-15
2.69492 0.717949 1 3.08314e-15 -2.09494e-15
2.74576 0.717949 1 1.44972e-15 -9.27143e-16
2.79661 0.717949 1 6.68662e-16 -4.00813e-16
2.84746 0.717949 1 2.97769e-16 -1.72465e-16
2.89831 0.717949 1 1.22001e-16 -6.643e-17
2.94915 0.717949 1 4.31718e-17 -2.2921e-17
3 0.717949 1 0 0

0 0.769231 2 1 0
0.0508475 0.769231 2.07432 0.966733 0.00505279
0.101695 0.769231 2.13786 0.94058 0.0192068
0.152542 0.769231 2.17239 0.922169 0.0418055
0.20339 0.769231 2.18065 0.908174 0.0674897
0.254237 0.769231 2.18253 0.896756 0.0912491
0.305085 0.769231 2.19278 0.88865 0.110422
0.355932 0.769231 2.20059 0.881846 0.123913
0.40678 0.769231 2.1661 0.865808 0.130507
0.457627 0.769231 2.04971 0.824001 0.128445
0.508475 0.769231 1.85682 0.745518 0.117134
0.559322 0.769231 1.6386 0.63448 0.0987606
0.610169 0.769231 1.4458 0.507797 0.0775041
0.661017 0.769231 1.29948 0.384628 0.0572919
0.711864 0.769231 1.19744 0.277756 0.0403888
0.762712 0.769231 1.12951 0.191779 0.027404
0.813559 0.769231 1.08584 0.125492 0.0179151
0.864407 0.769231 1.05929 0.0748058 0.0110076
0.915254 0.769231 1.04516 0.0346472 0.00551912
0.966102 0.769231 1.04174 0 0
1.01695 0.769231 0 0 0
1.0678 0.769231 0 0 0
1.11864 0.769231 0 0 0
1.16949 0.769231 0 0 0
1.22034 0.769231 0 0 0
1.27119 0.769231 0 0 0
1.32203 0.769231 0 0 0
1.37288 0.769231 0 0 0
1.42373 0.769231 0 0 0
1.47458 0.769231 0 0 0
1.52542 0.769231 0 0 0
1.57627 0.769231 0 0 0
1.62712 0.769231 0 0 0
1.67797 0.769231 0 0 0
1.72881 0.769231 0 0 0
1.77966 0.769231 0 0 0
1.83051 0.769231 0 0 0
1.88136 0.769231 0 0 0
1.9322 0.769231 0 0 0
1.98305 0.769231 0 0 0
2.0339 0.769231 1 0 0
2.08475 0.769231 1 5.31838e-13 -1.34269e-12
2.13559 0.769231 1 1.04649e-12 -2.00507e-12
2.18644 0.769231 1 1.21283e-12 -1.90993e-12
2.23729 0.769231 1 1.07222e-12 -1.44583e-12
2.28814 0.769231 1 7.99833e-13 -9.46895e-13
2.33898 0.769231 1 5.30485e-13 -5.60739e-13
2.38983 0.769231 1 3.22684e-13 -3.0829e-13
2.44068 0.769231 1 1.83635e-13 -1.60068e-13
2.49153 0.769231 1 9.91076e-14 -7.94088e-14
2.54237 0.769231 1 5.12173e-14 -3.79531e-14
2.59322 0.769231 1 2.55178e-14 -1.75812e-14
2.64407 0.769231 1 1.23273e-14 -7.93041e-15
2.69492 0.769231 1 5.79054e-15 -3.49726e-15
2.74576 0.769231 1 2.6539e-15 -1.50756e-15
2.79661 0.769231 1 1.19332e-15 -6.40533e-16
2.84746 0.769231 1 5.27346e-16 -2.69476e-16
2.89831 0.769231 1 2.22876e-16 -1.10176e-16
2.94915 0.769231 1 7.75028e-17 -3.66535e-17
3 0.769231 1 0 0

0 0.820513 2 1 0
0.0508475 0.820513 2.07786 0.966017 0.00748562
0.101695 0.820513 2.11883 0.940698 0.0299446
0.152542 0.820513 2.1075 0.921017 0.0620596
0.20339 0.820513 2.07563 0.902072 0.0955369
0.254237 0.820513 2.06312 0.883702 0.12538
0.305085 0.820513 2.08124 0.868743 0.149056
0.355932 0.820513 2.10355 0.855739 0.164965
0.40678 0.820513 2.07866 0.833687 0.171075
0.457627 0.820513 1.96804 0.786465 0.165252
0.508475 0.820513 1.78487 0.704983 0.147684
0.559322 0.820513 1.58226 0.594978 0.122184
0.610169 0.820513 1.4062 0.473167 0.0943907
0.661017 0.820513 1.2735 0.356955 0.0689434
0.711864 0.820513 1.18093 0.257239 0.0481872
0.762712 0.820513 1.11908 0.17749 0.0325107
0.813559 0.820513 1.07916 0.116161 0.0211898
0.864407 0.820513 1.05479 0.0692858 0.0130124
0.915254 0.820513 1.04181 0.0321104 0.00653024
0.966102 0.820513 1.03866 0 0
1.01695 0.820513 0 0 0
1.0678 0.820513 0 0 0
1.11864 0.820513 0 0 0
1.16949 0.820513 0 0 0
1.22034 0.820513 0 0 0
1.27119 0.820513 0 0 0
1.32203 0.820513 0 0 0
1.37288 0.820513 0 0 0
1.42373 0.820513 0 0 0
1.47458 0.820513 0 0 0
1.52542 0.820513 0 0 0
1.57627 0.820513 0 0 0
1.62712 0.820513 0 0 0
1.67797 0.820513 0 0 0
1.72881 0.820513 0 0 0
1.77966 0.820513 0 0 0
1.83051 0.820513 0 0 0
1.88136 0.820513 0 0 0
1.9322 0.820513 0 0 0
1.98305 0.820513 0 0 0
2.0339 0.820513 1 0 0
2.08475 0.820513 1 2.0386e-12 -3.80722e-12
2.13559 0.820513 1 3.51636e-12 -5.27824e-12
2.18644 0.820513 1 3.64466e-12 -4.65207e-12
2.23729 0.820513 1 2.93479e-12 -3.27736e-12
2.28814 0.820513 1 2.02398e-12 -2.0135e-12
2.33898 0.820513 1 1.25601e-12 -1.12736e-12
2.38983 0.820513 1 7.21741e-13 -5.90133e-13
2.44068 0.820513 1 3.91045e-13 -2.93503e-13
2.49153 0.820513 1 2.02208e-13 -1.40185e-13
2.54237 0.820513 1 1.00644e-13 -6.47988e-14
2.59322 0.820513 1 4.85107e-14 -2.91343e-14
2.64407 0.820513 1 2.2748e-14 -1.27973e-14
2.69492 0.820513 1 1.04186e-14 -5.51192e-15
2.74576 0.820513 1 4.66971e-15 -2.32905e-15
2.79661 0.820513 1 2.05063e-15 -9.68322e-16
2.84746 0.820513 1 8.8266e-16 -3.95084e-16
2.89831 0.820513 1 3.6843e-16 -1.62037e-16
2.94915 0.820513 1 1.34261e-16 -5.4956e-17
3 0.820513 1 0 0

0 0.871795 2 1 0
0.0508475 0.871795 2.1047 0.954421 0.0169123
0.101695 0.871795 2.17976 0.921224 0.0641441
0.152542 0.871795 2.22319 0.895537 0.120723
0.20339 0.871795 2.22814 0.873634 0.167369
0.254237 0.871795 2.20019 0.854447 0.198735
0.305085 0.871795 2.1629 0.837811 0.217009
0.355932 0.871795 2.1182 0.820322 0.224739
0.40678 0.871795 2.03656 0.79133 0.221574
0.457627 0.871795 1.894 0.737407 0.205808
0.508475 0.871795 1.70702 0.652965 0.178347
0.559322 0.871795 1.51857 0.54555 0.144099
0.610169 0.871795 1.36111 0.430888 0.109402
0.661017 0.871795 1.24389 0.323838 0.0789414
0.711864 0.871795 1.1621 0.23305 0.0547305
0.762712 0.871795 1.10716 0.160838 0.0367509
0.813559 0.871795 1.07149 0.105401 0.0239199
0.864407 0.871795 1.04961 0.062991 0.0147227
0.915254 0.871795 1.03792 0.0292485 0.0074251
0.966102 0.871795 1.03514 0 0
1.01695 0.871795 0 0 0
1.0678 0.871795 0 0 0
1.11864 0.871795 0 0 0
1.16949 0.871795 0 0 0
1.22034 0.871795 0 0 0
1.27119 0.871795 0 0 0
1.32203 0.871795 0 0 0
1.37288 0.871795 0 0 0
1.42373 0.871795 0 0 0
1.47458 0.871795 0 0 0
1.52542 0.871795 0 0 0
1.57627 0.871795 0 0 0
1.62712 0.871795 0 0 0
1.67797 0.871795 0 0 0
1.72881 0.871795 0 0 0
1.77966 0.871795 0 0 0
1.83051 0.871795 0 0 0
1.88136 0.871795 0 0 0
1.9322 0.871795 0 0 0
1.98305 0.871795 0 0 0
2.0339 0.871795 1 0 0
2.08475 0.871795 1 7.92279e-12 -1.11116e-11
2.13559 0.871795 1 1.17142e-11 -1.37662e-11
2.18644 0.871795 1 1.06702e-11 -1.09543e-11
2.23729 0.871795 1 7.7381e-12 -7.07427e-12
2.28814 0.871795 1 4.89981e-12 -4.04043e-12
2.33898 0.871795 1 2.83339e-12 -2.12774e-12
2.38983 0.871795 1 1.53462e-12 -1.05749e-12
2.44068 0.871795 1 7.90752e-13 -5.03145e-13
2.49153 0.871795 1 3.91636e-13 -2.31317e-13
2.54237 0.871795 1 1.8777e-13 -1.03416e-13
2.59322 0.871795 1 8.75985e-14 -4.5163e-14
2.64407 0.871795 1 3.99072e-14 -1.93309e-14
2.69492 0.871795 1 1.78065e-14 -8.12621e-15
2.74576 0.871795 1 7.80157e-15 -3.36956e-15
2.79661 0.871795 1 3.36218e-15 -1.37503e-15
2.84746 0.871795 1 1.42152e-15 -5.55682e-16
2.89831 0.871795 1 5.85241e-16 -2.17749e-16
2.94915 0.871795 1 2.1123e-16 -8.14736e-17
3 0.871795 1 0 0

0 0.923077 2 1 0
0.0508475 0.923077 1.97331 0.933454 0.00964048
0.101695 0.923077 1.75554 0.894134 0.063467
0.152542 0.923077 1.5918 0.855654 0.135803
0.20339 0.923077 1.56124 0.815318 0.196946
0.254237 0.923077 1.63796 0.782124 0.238559
0.305085 0.923077 1.75758 0.760334 0.262572
0.355932 0.923077 1.84731 0.743529 0.271207
0.40678 0.923077 1.85035 0.716449 0.263788
0.457627 0.923077 1.75582 0.664592 0.239916
0.508475 0.923077 1.60298 0.584422 0.203254
0.559322 0.923077 1.44423 0.485061 0.161037
0.610169 0.923077 1.31114 0.381408 0.120471
0.661017 0.923077 1.21164 0.286109 0.0860548
0.711864 0.923077 1.14165 0.205953 0.0592899
0.762712 0.923077 1.09419 0.142414 0.0397006
0.813559 0.923077 1.06308 0.0936561 0.025879
0.864407 0.923077 1.04385 0.0562736 0.0160646
0.915254 0.923077 1.03353 0.0263027 0.00823948
0.966102 0.923077 1.0316 0 0
1.01695 0.923077 0 0 0
1.0678 0.923077 0 0 0
1.11864 0.923077 0 0 0
1.16949 0.923077 0 0 0
1.22034 0.923077 0 0 0
1.27119 0.923077 0 0 0
1.32203 0.923077 0 0 0
1.37288 0.923077 0 0 0
1.42373 0.923077 0 0 0
1.47458 0.923077 0 0 0
1.52542 0.923077 0 0 0
1.57627 0.923077 0 0 0
1.62712 0.923077 0 0 0
1.67797 0.923077 0 0 0
1.72881 0.923077 0 0 0
1.77966 0.923077 0 0 0
1.83051 0.923077 0 0 0
1.88136 0.923077 0 0 0
1.9322 0.923077 0 0 0
1.98305 0.923077 0 0 0
2.0339 0.923077 1 0 0
2.08475 0.923077 1 3.1904e-11 -3.3543e-11
2.13559 0.923077 1 3.84406e-11 -3.50483e-11
2.18644 0.923077 1 2.99991e-11 -2.4395e-11
2.23729 0.923077 1 1.93505e-11 -1.42129e-11
2.28814 0.923077 1 1.11822e-11 -7.48896e-12
2.33898 0.923077 1 6.00969e-12 -3.69759e-12
2.38983 0.923077 1 3.06569e-12 -1.74358e-12
2.44068 0.923077 1 1.5028e-12 -7.94153e-13
2.49153 0.923077 1 7.13569e-13 -3.51908e-13
2.54237 0.923077 1 3.29995e-13 -1.52451e-13
2.59322 0.923077 1 1.49207e-13 -6.47896e-14
2.64407 0.923077 1 6.61517e-14 -2.70828e-14
2.69492 0.923077 1 2.88161e-14 -1.11537e-14
2.74576 0.923077 1 1.23524e-14 -4.5303e-15
2.79661 0.923077 1 5.21983e-15 -1.81631e-15
2.84746 0.923077 1 2.17149e-15 -7.21446e-16
2.89831 0.923077 1 8.76842e-16 -2.82179e-16
2.94915 0.923077 1 3.11641e-16 -1.0571e-16
3 0.923077 1 0 0

0 0.974359 2 1 0
0.0508475 0.974359 3.17075 0.731388 0.211048
0.101695 0.974359 3.17193 0.724427 0.284481
0.152542 0.974359 2.75646 0.742231 0.308535
0.20339 0.974359 2.42233 0.736978 0.319423
0.254237 0.974359 2.206 0.720894 0.326756
0.305085 0.974359 2.06737 0.703067 0.3298
0.355932 0.974359 1.95354 0.681216 0.323525
0.40678 0.974359 1.82425 0.645615 0.30272
0.457627 0.974359 1.67111 0.588185 0.266483
0.508475 0.974359 1.513 0.509569 0.219843
0.559322 0.974359 1.37264 0.418836 0.170789
0.610169 0.974359 1.26122 0.327807 0.126097
0.661017 0.974359 1.17888 0.245718 0.0893554
0.711864 0.974359 1.12065 0.177228 0.061308
0.762712 0.974359 1.08072 0.123072 0.0410235
0.813559 0.974359 1.05424 0.0815459 0.0268753
0.864407 0.974359 1.03769 0.0497213 0.0170216
0.915254 0.974359 1.02908 0.0239965 0.0092971
0.966102 0.974359 1.0298 0 0
1.01695 0.974359 0 0 0
1.0678 0.974359 0 0 0
1.11864 0.974359 0 0 0
1.16949 0.974359 0 0 0
1.22034 0.974359 0 0 0
1.27119 0.974359 0 0 0
1.32203 0.974359 0 0 0
1.37288 0.974359 0 0 0
1.42373 0.974359 0 0 0
1.47458 0.974359 0 0 0
1.52542 0.974359 0 0 0
1.57627 0.974359 0 0 0
1.62712 0.974359 0 0 0
1.67797 0.974359 0 0 0
1.72881 0.974359 0 0 0
1.77966 0.974359 0 0 0
1.83051 0.974359 0 0 0
1.88136 0.974359 0 0 0
1.9322 0.974359 0 0 0
1.98305 0.974359 0 0 0
2.0339 0.974359 1 0 0
2.08475 0.974359 1 1.36076e-10 -1.0702e-10
2.13559 0.974359 1 1.21394e-10 -8.40579e-11
2.18644 0.974359 1 7.88826e-11 -4.93161e-11
2.23729 0.974359 1 4.4815e-11 -2.56167e-11
2.28814 0.974359 1 2.35743e-11 -1.24258e-11
2.33898 0.974359 1 1.17822e-11 -5.7626e-12
2.38983 0.974359 1 5.67246e-12 -2.58694e-12
2.44068 0.974359 1 2.65237e-12 -1.13241e-12
2.49153 0.974359 1 1.21089e-12 -4.85596e-13
2.54237 0.974359 1 5.41669e-13 -2.04632e-13
2.59322 0.974359 1 2.38032e-13 -8.49334e-14
2.64407 0.974359 1 1.02948e-13 -3.47766e-14
2.69492 0.974359 1 4.38908e-14 -1.40708e-14
2.74576 0.974359 1 1.84671e-14 -5.62598e-15
2.79661 0.974359 1 7.66961e-15 -2.22466e-15
2.84746 0.974359 1 3.13699e-15 -8.71695e-16
2.89831 0.974359 1 1.24744e-15 -3.3646e-16
2.94915 0.974359 1 4.35211e-16 -1.19165e-16
3 0.974359 1 0 0

0 1.02564 0.0366027 0 0
0.0508475 1.02564 0.367911 0.236851 0.328216
0.101695 1.02564 0.855575 0.350635 0.439678
0.152542 1.02564 1.2131 0.436142 0.45811
0.20339 1.02564 1.43602 0.495217 0.447271
0.254237 1.02564 1.57934 0.532134 0.428029
0.305085 1.02564 1.65943 0.552004 0.404164
0.355932 1.02564 1.67183 0.553797 0.372886
0.40678 1.02564 1.61781 0.532836 0.331189
0.457627 1.02564 1.51803 0.487324 0.280029
0.508475 1.02564 1.40326 0.422086 0.224607
0.559322 1.02564 1.29749 0.34687 0.171421
0.610169 1.02564 1.21157 0.271892 0.125296
0.661017 1.02564 1.14675 0.204487 0.0883497
0.711864 1.02564 1.1 0.148237 0.060515
0.762712 1.02564 1.06734 0.103721 0.0405209
0.813559 1.02564 1.04511 0.0697108 0.0266646
0.864407 1.02564 1.03033 0.0441852 0.0172099
0.915254 1.02564 1.02044 0.0250194 0.0104463
0.966102 1.02564 1.01164 0.0103531 0.00455363
1.01695 1.02564 0.998324 0 0
1.0678 1.02564 0.99997 0 0
1.11864 1.02564 1.00014 0 0
1.16949 1.02564 1.0001 0 0
1.22034 1.02564 1.00006 0 0
1.27119 1.02564 1.00003 0 0
1.32203 1.02564 1.00002 0 0
1.37288 1.02564 1.00001 0 0
1.42373 1.02564 1 0 0
1.47458 1.02564 1 0 0
1.52542 1.02564 1 0 0
1.57627 1.02564 1 0 0
1.62712 1.02564 1 0 0
1.67797 1.02564 1 0 0
1.72881 1.02564 1 0 0
1.77966 1.02564 1 0 0
1.83051 1.02564 1 0 0
1.88136 1.02564 1 0 0
1.9322 1.02564 1 0 0
1.98305 1.02564 1 0 0
2.0339 1.02564 1 8.17371e-10 -4.19953e-10
2.08475 1.02564 1 5.98076e-10 -3.03455e-10
2.13559 1.02564 1 3.50525e-10 -1.67241e-10
2.18644 1.02564 1 1.85664e-10 -8.30475e-11
2.23729 1.02564 1 9.2861e-11 -3.89917e-11
2.28814 1.02564 1 4.46987e-11 -1.76546e-11
2.33898 1.02564 1 2.09128e-11 -7.78502e-12
2.38983 1.02564 1 9.56489e-12 -3.36203e-12
2.44068 1.02564 1 4.29212e-12 -1.42692e-12
2.49153 1.02564 1 1.89428e-12 -5.96588e-13
2.54237 1.02564 1 8.23661e-13 -2.46105e-13
2.59322 1.02564 1 3.53298e-13 -1.00301e-13
2.64407 1.02564 1 1.49641e-13 -4.04212e-14
2.69492 1.02564 1 6.26351e-14 -1.61201e-14
2.74576 1.02564 1 2.59292e-14 -6.36822e-15
2.79661 1.02564 1 1.06153e-14 -2.49183e-15
2.84746 1.02564 1 4.29062e-15 -9.63598e-16
2.89831 1.02564 1 1.68852e-15 -3.68822e-16
2.94915 1.02564 1 5.78842e-16 -1.2657e-16
3 1.02564 1 0 0

0 1.07692 0.624264 0 0
0.0508475 1.07692 0.783059 0.0756561 0.141011
0.101695 1.07692 1.05443 0.163311 0.275
0.152542 1.07692 1.25514 0.252188 0.355403
0.20339 1.07692 1.39534 0.32639 0.39303
0.254237 1.07692 1.48939 0.381874 0.402679
0.305085 1.07692 1.53555 0.417683 0.391976
0.355932 1.07692 1.5296 0.431321 0.363815
0.40678 1.07692 1.47761 0.42049 0.320906
0.457627 1.07692 1.39771 0.386606 0.268419
0.508475 1.07692 1.31088 0.335836 0.213293
0.559322 1.07692 1.23184 0.276937 0.161831
0.610169 1.07692 1.16709 0.218107 0.117989
0.661017 1.07692 1.11739 0.165024 0.083195
0.711864 1.07692 1.08087 0.120494 0.0570651
0.762712 1.07692 1.05486 0.0850901 0.0382821
0.813559 1.07692 1.0368 0.0580288 0.0252269
0.864407 1.07692 1.02448 0.037926 0.0163075
0.915254 1.07692 1.01606 0.0233097 0.0100624
0.966102 1.07692 1.00965 0.0128834 0.00521673
1.01695 1.07692 1.00432 0.00591934 0.00146511
1.0678 1.07692 1.00189 0.00280373 0.000372021
1.11864 1.07692 1.00087 0.00136788 8.05168e-05
1.16949 1.07692 1.00042 0.000681282 3.01402e-06
1.22034 1.07692 1.00021 0.000343741 -1.33254e-05
1.27119 1.07692 1.0001 0.000174588 -1.29453e-05
1.32203 1.07692 1.00005 8.88355e-05 -9.19781e-06
1.37288 1.07692 1.00003 4.51234e-05 -5.78145e-06
1.42373 1.07692 1.00001 2.28212e-05 -3.39568e-06
1.47458 1.07692 1.00001 1.14708e-05 -1.90689e-06
1.52542 1.07692 1 5.72249e-06 -1.03586e-06
1.57627 1.07692 1 2.83076e-06 -5.47953e-07
1.62712 1.07692 1 1.38758e-06 -2.8344e-07
1.67797 1.07692 1 6.73671e-07 -1.43766e-07
1.72881 1.07692 1 3.23845e-07 -7.1643e-08
1.77966 1.07692 1 1.54114e-07 -3.51266e-08
1.83051 1.07692 1 7.25968e-08 -1.69639e-08
1.88136 1.07692 1 3.38535e-08 -8.07819e-09
1.9322 1.07692 1 1.56419e-08 -3.803e-09
1.98305 1.07692 1 7.20713e-09 -1.80414e-09
2.0339 1.07692 1 3.44716e-09 -9.73662e-10
2.08475 1.07692 1 1.63545e-09 -4.84636e-10
2.13559 1.07692 1 7.68159e-10 -2.30054e-10
2.18644 1.07692 1 3.5629e-10 -1.05417e-10
2.23729 1.07692 1 1.63078e-10 -4.70342e-11
2.28814 1.07692 1 7.36618e-11 -2.0545e-11
2.33898 1.07692 1 3.28475e-11 -8.81708e-12
2.38983 1.07692 1 1.44672e-11 -3.72662e-12
2.44068 1.07692 1 6.2965e-12 -1.55388e-12
2.49153 1.07692 1 2.7093e-12 -6.39998e-13
2.54237 1.07692 1 1.15303e-12 -2.60614e-13
2.59322 1.07692 1 4.85529e-13 -1.05006e-13
2.64407 1.07692 1 2.02369e-13 -4.18924e-14
2.69492 1.07692 1 8.35159e-14 -1.65487e-14
2.74576 1.07692 1 3.41392e-14 -6.4789e-15
2.79661 1.07692 1 1.38238e-14 -2.5155e-15
2.84746 1.07692 1 5.52836e-15 -9.6598e-16
2.89831 1.07692 1 2.15445e-15 -3.72057e-16
2.94915 1.07692 1 7.36054e-16 -1.29877e-16
3 1.07692 1 0 0

0 1.12821 0.891181 0 0
0.0508475 1.12821 0.948923 0.0269752 0.0882652
0.101695 1.12821 1.0934 0.0767761 0.198106
0.152542 1.12821 1.21711 0.143261 0.283269
0.20339 1.12821 1.31346 0.208993 0.334854
0.254237 1.12821 1.37822 0.264131 0.356575
0.305085 1.12821 1.40599 0.302842 0.353168
0.355932 1.12821 1.39563 0.321106 0.328956
0.40678 1.12821 1.3544 0.317479 0.289272
0.457627 1.12821 1.29582 0.294323 0.240935
0.508475 1.12821 1.23343 0.257359 0.190967
0.559322 1.12821 1.17639 0.213661 0.14488
0.610169 1.12821 1.12891 0.169529 0.105847
0.661017 1.12821 1.09175 0.129308 0.0748875
0.711864 1.12821 1.0639 0.0952426 0.0515673
0.762712 1.12821 1.0437 0.067932 0.0347135
0.813559 1.12821 1.02942 0.0469498 0.02292
0.864407 1.12821 1.01952 0.0313729 0.0148251
0.915254 1.12821 1.01267 0.0201464 0.00923305
0.966102 1.12821 1.00774 0.0122732 0.00520342
1.01695 1.12821 1.00407 0.00695445 0.00235102
1.0678 1.12821 1.00212 0.00377339 0.000953965
1.11864 1.12821 1.00109 0.00201011 0.000365597
1.16949 1.12821 1.00056 0.00106104 0.00013177
1.22034 1.12821 1.00029 0.000556535 4.28434e-05
1.27119 1.12821 1.00015 0.000290204 1.10127e-05
1.32203 1.12821 1.00007 0.000150371 8.08346e-07
1.37288 1.12821 1.00004 7.7366e-05 -1.70216e-06
1.42373 1.12821 1.00002 3.94932e-05 -1.78282e-06
1.47458 1.12821 1.00001 1.99884e-05 -1.29512e-06
1.52542 1.12821 1 1.00246e-05 -8.17473e-07
1.57627 1.12821 1 4.97966e-06 -4.7743e-07
1.62712 1.12821 1 2.44919e-06 -2.64927e-07
1.67797 1.12821 1 1.19243e-06 -1.41592e-07
1.72881 1.12821 1 5.74598e-07 -7.34654e-08
1.77966 1.12821 1 2.74015e-07 -3.71909e-08
1.83051 1.12821 1 1.29315e-07 -1.84324e-08
1.88136 1.12821 1 6.0398e-08 -8.9673e-09
1.9322 1.12821 1 2.79285e-08 -4.2966e-09
1.98305 1.12821 1 1.28053e-08 -2.04796e-09
2.0339 1.12821 1 5.84692e-09 -9.99784e-10
2.08475 1.12821 1 2.65128e-09 -4.76837e-10
2.13559 1.12821 1 1.19381e-09 -2.21314e-10
2.18644 1.12821 1 5.33435e-10 -1.0012e-10
2.23729 1.12821 1 2.36405e-10 -4.42933e-11
2.28814 1.12821 1 1.03866e-10 -1.9222e-11
2.33898 1.12821 1 4.52275e-11 -8.20326e-12
2.38983 1.12821 1 1.95152e-11 -3.44942e-12
2.44068 1.12821 1 8.34358e-12 -1.43128e-12
2.49153 1.12821 1 3.53461e-12 -5.86712e-13
2.54237 1.12821 1 1.48376e-12 -2.37825e-13
2.59322 1.12821 1 6.17226e-13 -9.53915e-14
2.64407 1.12821 1 2.54477e-13 -3.78823e-14
2.69492 1.12821 1 1.04e-13 -1.4902e-14
2.74576 1.12821 1 4.21311e-14 -5.8095e-15
2.79661 1.12821 1 1.69176e-14 -2.24693e-15
2.84746 1.12821 1 6.7146e-15 -8.59265e-16
2.89831 1.12821 1 2.59882e-15 -3.23673e-16
2.94915 1.12821 1 8.86949e-16 -1.14174e-16
3 1.12821 1 0 0

0 1.17949 0.97098 0 0
0.0508475 1.17949 0.999018 0.00852052 0.0684157
0.101695 1.17949 1.08651 0.0352394 0.152454
0.152542 1.17949 1.1684 0.0801015 0.225015
0.20339 1.17949 1.23522 0.130704 0.274369
0.254237 1.17949 1.27918 0.176926 0.298273
0.305085 1.17949 1.29596 0.211457 0.298513
0.355932 1.17949 1.28627 0.229784 0.279041
0.40678 1.17949 1.25633 0.230645 0.245555
0.457627 1.17949 1.21532 0.216131 0.204684
0.508475 1.17949 1.17179 0.190754 0.162596
0.559322 1.17949 1.13154 0.159819 0.123835
0.610169 1.17949 1.09743 0.127995 0.0909363
0.661017 1.17949 1.07021 0.0985561 0.0647089
0.711864 1.17949 1.04942 0.0732948 0.0448143
0.762712 1.17949 1.03408 0.0528139 0.030318
0.813559 1.17949 1.02307 0.0369393 0.0200876
0.864407 1.17949 1.01534 0.025086 0.0130242
0.915254 1.17949 1.00996 0.0165176 0.00817755
0.966102 1.17949 1.0062 0.0104966 0.00481864
1.01695 1.17949 1.00358 0.00638202 0.0025418
1.0678 1.17949 1.002 0.00372102 0.00123863
1.11864 1.17949 1.00109 0.00210407 0.000572627
1.16949 1.17949 1.00058 0.00116376 0.000254551
1.22034 1.17949 1.00031 0.000632817 0.000109282
1.27119 1.17949 1.00016 0.000339278 4.52156e-05
1.32203 1.17949 1.00008 0.000179628 1.78814e-05
1.37288 1.17949 1.00004 9.39908e-05 6.64139e-06
1.42373 1.17949 1.00002 4.86256e-05 2.22999e-06
1.47458 1.17949 1.00001 2.48765e-05 6.09871e-07
1.52542 1.17949 1.00001 1.25861e-05 7.67481e-08
1.57627 1.17949 1 6.29764e-06 -6.19414e-08
1.62712 1.17949 1 3.11643e-06 -7.37155e-08
1.67797 1.17949 1 1.52523e-06 -5.43991e-08
1.72881 1.17949 1 7.38296e-07 -3.40591e-08
1.77966 1.17949 1 3.53478e-07 -1.95371e-08
1.83051 1.17949 1 1.67404e-07 -1.05918e-08
1.88136 1.17949 1 7.84314e-08 -5.5143e-09
1.9322 1.17949 1 3.63602e-08 -2.78557e-09
1.98305 1.17949 1 1.66872e-08 -1.3801e-09
2.0339 1.17949 1 7.58754e-09 -6.80365e-10
2.08475 1.17949 1 3.41802e-09 -3.28678e-10
2.13559 1.17949 1 1.526e-09 -1.54857e-10
2.18644 1.17949 1 6.75353e-10 -7.11284e-11
2.23729 1.17949 1 2.96309e-10 -3.19072e-11
2.28814 1.17949 1 1.28888e-10 -1.40125e-11
2.33898 1.17949 1 5.55817e-11 -6.03879e-12
2.38983 1.17949 1 2.37631e-11 -2.55906e-12
2.44068 1.17949 1 1.00722e-11 -1.0682e-12
2.49153 1.17949 1 4.23265e-12 -4.3982e-13
2.54237 1.17949 1 1.76352e-12 -1.78847e-13
2.59322 1.17949 1 7.28539e-13 -7.18813e-14
2.64407 1.17949 1 2.9844e-13 -2.85782e-14
2.69492 1.17949 1 1.21235e-13 -1.12512e-14
2.74576 1.17949 1 4.8843e-14 -4.38455e-15
2.79661 1.17949 1 1.95169e-14 -1.69305e-15
2.84746 1.17949 1 7.71452e-15 -6.45634e-16
2.89831 1.17949 1 2.96987e-15 -2.35486e-16
2.94915 1.17949 1 1.0014e-15 -8.01473e-17
3 1.17949 1 0 0

0 1.23077 0.999941 0 0
0.0508475 1.23077 1.02079 0.000682525 0.0549883
0.101695 1.23077 1.07452 0.0150342 0.11851
0.152542 1.23077 1.12757 0.0440783 0.175534
0.20339 1.23077 1.17179 0.08019 0.216611
0.254237 1.23077 1.20034 0.115355 0.237908
0.305085 1.23077 1.2103 0.143003 0.239653
0.355932 1.23077 1.20271 0.159013 0.224907
0.40678 1.23077 1.18202 0.16215 0.198567
0.457627 1.23077 1.15411 0.153848 0.166173
0.508475 1.23077 1.12432 0.137301 0.132685
0.559322 1.23077 1.09637 0.11627 0.101689
0.610169 1.23077 1.07227 0.0940982 0.0751957
0.661017 1.23077 1.05268 0.073205 0.0538946
0.711864 1.23077 1.03745 0.0549951 0.0375844
0.762712 1.23077 1.02604 0.0400329 0.0255835
0.813559 1.23077 1.01774 0.0283046 0.0170348
0.864407 1.23077 1.01184 0.0194655 0.0110924
0.915254 1.23077 1.00772 0.0130253 0.0070216
0.966102 1.23077 1.00487 0.00846693 0.00425192
1.01695 1.23077 1.00293 0.00532309 0.00241146
1.0678 1.23077 1.00171 0.00323086 0.00129001
1.11864 1.23077 1.00097 0.00190063 0.000658935
1.16949 1.23077 1.00054 0.00108913 0.000324645
1.22034 1.23077 1.00029 0.000610497 0.000155339
1.27119 1.23077 1.00016 0.000335778 7.24886e-05
1.32203 1.23077 1.00008 0.000181607 3.30608e-05
1.37288 1.23077 1.00004 9.67331e-05 1.47475e-05
1.42373 1.23077 1.00002 5.07961e-05 6.43101e-06
1.47458 1.23077 1.00001 2.63156e-05 2.73715e-06
1.52542 1.23077 1.00001 1.34571e-05 1.13373e-06
1.57627 1.23077 1 6.79529e-06 4.5481e-07
1.62712 1.23077 1 3.38937e-06 1.7533e-07
1.67797 1.23077 1 1.67029e-06 6.40729e-08
1.72881 1.23077 1 8.13433e-07 2.1619e-08
1.77966 1.23077 1 3.91556e-07 6.33143e-09
1.83051 1.23077 1 1.86333e-07 1.29592e-09
1.88136 1.23077 1 8.7679e-08 -1.08156e-10
1.9322 1.23077 1 4.08039e-08 -3.49802e-10
1.98305 1.23077 1 1.87856e-08 -2.87885e-10
2.0339 1.23077 1 8.55859e-09 -1.87095e-10
2.08475 1.23077 1 3.85937e-09 -1.07951e-10
2.13559 1.23077 1 1.72304e-09 -5.75901e-11
2.18644 1.23077 1 7.6184e-10 -2.89863e-11
2.23729 1.23077 1 3.33684e-10 -1.39394e-11
2.28814 1.23077 1 1.44811e-10 -6.46108e-12
2.33898 1.23077 1 6.22781e-11 -2.90498e-12
2.38983 1.23077 1 2.65462e-11 -1.27302e-12
2.44068 1.23077 1 1.12164e-11 -5.45711e-13
2.49153 1.23077 1 4.69827e-12 -2.29485e-13
2.54237 1.23077 1 1.95121e-12 -9.48815e-14
2.59322 1.23077 1 8.03514e-13 -3.86353e-14
2.64407 1.23077 1 3.2813e-13 -1.55203e-14
2.69492 1.23077 1 1.329e-13 -6.15786e-15
2.74576 1.23077 1 5.33897e-14 -2.40965e-15
2.79661 1.23077 1 2.12705e-14 -9.32462e-16
2.84746 1.23077 1 8.38861e-15 -3.56538e-16
2.89831 1.23077 1 3.22387e-15 -1.29525e-16
2.94915 1.23077 1 1.08161e-15 -4.42633e-17
3 1.23077 1 0 0

0 1.28205 1.01009 0 0
0.0508475 1.28205 1.02686 -0.00252809 0.0438663
0.101695 1.28205 1.06063 0.00514094 0.0912312
0.152542 1.28205 1.09458 0.0236043 0.133964
0.20339 1.28205 1.12294 0.0482624 0.165558
0.254237 1.28205 1.14096 0.0734547 0.182564
0.305085 1.28205 1.14681 0.0941315 0.184659
0.355932 1.28205 1.14134 0.106983 0.174012
0.40678 1.28205 1.12744 0.110871 0.154358
0.457627 1.28205 1.10876 0.106614 0.129915
0.508475 1.28205 1.08863 0.0963108 0.104436
0.559322 1.28205 1.06948 0.0825031 0.080643
0.610169 1.28205 1.05268 0.0675148 0.0601078
0.661017 1.28205 1.0388 0.0530873 0.0434251
0.711864 1.28205 1.02784 0.0402933 0.0305144
0.762712 1.28205 1.01951 0.0296255 0.0209147
0.813559 1.28205 1.01338 0.0211568 0.0140095
0.864407 1.28205 1.00898 0.0147038 0.00917339
0.915254 1.28205 1.00589 0.00995585 0.00585332
0.966102 1.28205 1.00375 0.0065658 0.00360945
1.01695 1.28205 1.00231 0.00420863 0.0021287
1.0678 1.28205 1.00138 0.00261746 0.00120092
1.11864 1.28205 1.00081 0.00158107 0.000651338
1.16949 1.28205 1.00046 0.000929921 0.000341642
1.22034 1.28205 1.00026 0.000534037 0.000174222
1.27119 1.28205 1.00014 0.000300206 8.67368e-05
1.32203 1.28205 1.00008 0.000165536 4.22876e-05
1.37288 1.28205 1.00004 8.9681e-05 2.02346e-05
1.42373 1.28205 1.00002 4.77967e-05 9.51769e-06
1.47458 1.28205 1.00001 2.50851e-05 4.40548e-06
1.52542 1.28205 1.00001 1.29746e-05 2.00814e-06
1.57627 1.28205 1 6.61761e-06 9.01832e-07
1.62712 1.28205 1 3.33012e-06 3.99108e-07
1.67797 1.28205 1 1.65408e-06 1.74063e-07
1.72881 1.28205 1 8.11235e-07 7.48036e-08
1.77966 1.28205 1 3.92982e-07 3.16672e-08
1.83051 1.28205 1 1.88088e-07 1.31995e-08
1.88136 1.28205 1 8.89672e-08 5.41285e-09
1.9322 1.28205 1 4.15999e-08 2.18081e-09
1.98305 1.28205 1 1.92337e-08 8.60837e-10
2.0339 1.28205 1 8.79536e-09 3.31193e-10
2.08475 1.28205 1 3.9789e-09 1.23714e-10
2.13559 1.28205 1 1.78117e-09 4.47122e-11
2.18644 1.28205 1 7.89214e-10 1.5575e-11
2.23729 1.28205 1 3.46218e-10 5.19997e-12
2.28814 1.28205 1 1.5041e-10 1.64817e-12
2.33898 1.28205 1 6.47263e-11 4.8706e-13
2.38983 1.28205 1 2.75962e-11 1.29039e-13
2.44068 1.28205 1 1.16591e-11 2.7444e-14
2.49153 1.28205 1 4.88205e-12 2.42627e-15
2.54237 1.28205 1 2.02644e-12 -1.93379e-15
2.59322 1.28205 1 8.33915e-13 -1.72604e-15
2.64407 1.28205 1 3.40269e-13 -9.84153e-16
2.69492 1.28205 1 1.37696e-13 -4.79819e-16
2.74576 1.28205 1 5.52665e-14 -2.13572e-16
2.79661 1.28205 1 2.19972e-14 -8.7218e-17
2.84746 1.28205 1 8.66634e-15 -3.61465e-17
2.89831 1.28205 1 3.32462e-15 -1.41848e-17
2.94915 1.28205 1 1.11362e-15 -5.46143e-18
3 1.28205 1 0 0

0 1.33333 1.01215 0 0
0.0508475 1.33333 1.02535 -0.00354855 0.0341396
0.101695 1.33333 1.04697 0.000448584 0.0688957
0.152542 1.33333 1.06858 0.0120541 0.099901
0.20339 1.33333 1.08648 0.0284248 0.123018
0.254237 1.33333 1.0977 0.0457754 0.135732
0.305085 1.33333 1.10112 0.0605431 0.13765
0.355932 1.33333 1.09734 0.0702823 0.130238
0.40678 1.33333 1.08814 0.0740297 0.116144
0.457627 1.33333 1.07577 0.0721795 0.0983877
0.508475 1.33333 1.06231 0.0660302 0.0796798
0.559322 1.33333 1.04932 0.0572377 0.0620227
0.610169 1.33333 1.03776 0.0473698 0.0466139
0.661017 1.33333 1.02807 0.0376483 0.0339546
0.711864 1.33333 1.02031 0.0288676 0.0240482
0.762712 1.33333 1.01434 0.021432 0.0166029
0.813559 1.33333 1.00989 0.0154499 0.0111944
0.864407 1.33333 1.00668 0.0108378 0.00737595
0.915254 1.33333 1.0044 0.00740889 0.00474252
0.966102 1.33333 1.00283 0.00493819 0.00296313
1.01695 1.33333 1.00177 0.00320668 0.00178935
1.0678 1.33333 1.00108 0.00202661 0.00104296
1.11864 1.33333 1.00064 0.00124673 0.000587777
1.16949 1.33333 1.00037 0.000747427 0.000321291
1.22034 1.33333 1.00021 0.000437422 0.000170936
1.27119 1.33333 1.00012 0.000250355 8.87986e-05
1.32203 1.33333 1.00006 0.000140372 4.51647e-05
1.37288 1.33333 1.00003 7.72186e-05 2.2541e-05
1.42373 1.33333 1.00002 4.17288e-05 1.10585e-05
1.47458 1.33333 1.00001 2.21761e-05 5.34044e-06
1.52542 1.33333 1 1.16e-05 2.54154e-06
1.57627 1.33333 1 5.97698e-06 1.193e-06
1.62712 1.33333 1 3.03549e-06 5.52724e-07
1.67797 1.33333 1 1.52032e-06 2.529e-07
1.72881 1.33333 1 7.51284e-07 1.1433e-07
1.77966 1.33333 1 3.66455e-07 5.10861e-08
1.83051 1.33333 1 1.765e-07 2.25689e-08
1.88136 1.33333 1 8.397e-08 9.86016e-09
1.9322 1.33333 1 3.94728e-08 4.26069e-09
1.98305 1.33333 1 1.83398e-08 1.82085e-09
2.0339 1.33333 1 8.42431e-09 7.69389e-10
2.08475 1.33333 1 3.82677e-09 3.21453e-10
2.13559 1.33333 1 1.7195e-09 1.32851e-10
2.18644 1.33333 1 7.64463e-10 5.43501e-11
2.23729 1.33333 1 3.36365e-10 2.20304e-11
2.28814 1.33333 1 1.46513e-10 8.85647e-12
2.33898 1.33333 1 6.31918e-11 3.53451e-12
2.38983 1.33333 1 2.69938e-11 1.40154e-12
2.44068 1.33333 1 1.1423e-11 5.52595e-13
2.49153 1.33333 1 4.78965e-12 2.16766e-13
2.54237 1.33333 1 1.99027e-12 8.46351e-14
2.59322 1.33333 1 8.19759e-13 3.28958e-14
2.64407 1.33333 1 3.34734e-13 1.27335e-14
2.69492 1.33333 1 1.35531e-13 4.91062e-15
2.74576 1.33333 1 5.44227e-14 1.88058e-15
2.79661 1.33333 1 2.16669e-14 7.14974e-16
2.84746 1.33333 1 8.53515e-15 2.68551e-16
2.89831 1.33333 1 3.27742e-15 9.67883e-17
2.94915 1.33333 1 1.09875e-15 3.26626e-17
3 1.33333 1 0 0

0 1.38462 1.01094 0 0
0.0508475 1.38462 1.02095 -0.00353391 0.0258042
0.101695 1.38462 1.03494 -0.00155991 0.0508587
0.152542 1.38462 1.04867 0.00566294 0.0728158
0.20339 1.38462 1.05989 0.0163199 0.0891703
0.254237 1.38462 1.06683 0.0279473 0.0982769
0.305085 1.38462 1.06883 0.038154 0.0998391
0.355932 1.38462 1.06628 0.04523 0.0948211
0.40678 1.38462 1.06025 0.0484208 0.0850154
0.457627 1.38462 1.05213 0.0478713 0.0724962
0.508475 1.38462 1.04321 0.0443495 0.0591533
0.559322 1.38462 1.0345 0.0389003 0.0464161
0.610169 1.38462 1.02663 0.0325544 0.0351731
0.661017 1.38462 1.01996 0.0261472 0.0258309
0.711864 1.38462 1.01455 0.0202489 0.0184386
0.762712 1.38462 1.01034 0.0151748 0.0128239
0.813559 1.38462 1.00718 0.0110368 0.00870529
0.864407 1.38462 1.00487 0.00780834 0.00577325
0.915254 1.38462 1.00323 0.00538265 0.00373905
0.966102 1.38462 1.00209 0.00361877 0.00236015
1.01695 1.38462 1.00132 0.00237289 0.0014479
1.0678 1.38462 1.00081 0.00151701 0.000862189
1.11864 1.38462 1.00049 0.000945607 0.000498548
1.16949 1.38462 1.00029 0.000575043 0.000280371
1.22034 1.38462 1.00017 0.000341516 0.000153676
1.27119 1.38462 1.00009 0.000198332 8.22822e-05
1.32203 1.38462 1.00005 0.000112777 4.31277e-05
1.37288 1.38462 1.00003 6.28706e-05 2.21706e-05
1.42373 1.38462 1.00002 3.44011e-05 1.11963e-05
1.47458 1.38462 1.00001 1.84946e-05 5.5621e-06
1.52542 1.38462 1 9.77815e-06 2.72126e-06
1.57627 1.38462 1 5.08805e-06 1.31243e-06
1.62712 1.38462 1 2.60753e-06 6.24462e-07
1.67797 1.38462 1 1.31691e-06 2.93321e-07
1.72881 1.38462 1 6.55789e-07 1.36092e-07
1.77966 1.38462 1 3.22152e-07 6.23987e-08
1.83051 1.38462 1 1.56184e-07 2.82845e-08
1.88136 1.38462 1 7.47585e-08 1.26794e-08
1.9322 1.38462 1 3.5342e-08 5.62278e-09
1.98305 1.38462 1 1.65072e-08 2.46712e-09
2.0339 1.38462 1 7.61983e-09 1.07122e-09
2.08475 1.38462 1 3.47722e-09 4.60351e-10
2.13559 1.38462 1 1.56912e-09 1.95857e-10
2.18644 1.38462 1 7.00384e-10 8.2524e-11
2.23729 1.38462 1 3.09306e-10 3.44503e-11
2.28814 1.38462 1 1.35184e-10 1.42552e-11
2.33898 1.38462 1 5.84866e-11 5.84944e-12
2.38983 1.38462 1 2.50547e-11 2.38118e-12
2.44068 1.38462 1 1.06297e-11 9.61981e-13
2.49153 1.38462 1 4.46738e-12 3.85812e-13
2.54237 1.38462 1 1.86025e-12 1.53644e-13
2.59322 1.38462 1 7.67651e-13 6.07725e-14
2.64407 1.38462 1 3.13991e-13 2.38765e-14
2.69492 1.38462 1 1.27323e-13 9.32123e-15
2.74576 1.38462 1 5.11886e-14 3.61409e-15
2.79661 1.38462 1 2.0407e-14 1.38809e-15
2.84746 1.38462 1 8.0505e-15 5.30485e-16
2.89831 1.38462 1 3.09426e-15 1.94048e-16
2.94915 1.38462 1 1.04038e-15 6.63041e-17
3 1.38462 1 0 0

0 1.4359 1.0087 0 0
0.0508475 1.4359 1.01602 -0.00307357 0.018951
0.101695 1.4359 1.02513 -0.00219517 0.0366816
0.152542 1.4359 1.03385 0.00225389 0.0519264
0.20339 1.4359 1.04087 0.00908672 0.0632179
0.254237 1.4359 1.04515 0.0167221 0.0695503
0.305085 1.4359 1.04632 0.0236035 0.0707413
0.355932 1.4359 1.04462 0.02858 0.0674175
0.40678 1.4359 1.04071 0.0310944 0.060757
0.457627 1.4359 1.03542 0.0311669 0.0521418
0.508475 1.4359 1.02956 0.0292344 0.042854
0.559322 1.4359 1.02377 0.0259395 0.0338875
0.610169 1.4359 1.01849 0.021944 0.0258837
0.661017 1.4359 1.01395 0.0178053 0.019159
0.711864 1.4359 1.01024 0.0139213 0.0137806
0.762712 1.4359 1.00732 0.0105268 0.00965362
0.813559 1.4359 1.00511 0.00772109 0.0065977
0.864407 1.4359 1.00349 0.00550611 0.00440404
0.915254 1.4359 1.00232 0.00382455 0.00287189
0.966102 1.4359 1.00151 0.00259067 0.00182815
1.01695 1.4359 1.00096 0.00171233 0.00113448
1.0678 1.4359 1.0006 0.00110451 0.000685725
1.11864 1.4359 1.00036 0.000695406 0.000403712
1.16949 1.4359 1.00022 0.000427543 0.000231683
1.22034 1.4359 1.00013 0.000256863 0.00012977
1.27119 1.4359 1.00007 0.000150938 7.10519e-05
1.32203 1.4359 1.00004 8.68386e-05 3.80879e-05
1.37288 1.4359 1.00002 4.89659e-05 2.00202e-05
1.42373 1.4359 1.00001 2.7088e-05 1.03328e-05
1.47458 1.4359 1.00001 1.47154e-05 5.24287e-06
1.52542 1.4359 1 7.85691e-06 2.61813e-06
1.57627 1.4359 1 4.12624e-06 1.28791e-06
1.62712 1.4359 1 2.13298e-06 6.24595e-07
1.67797 1.4359 1 1.08598e-06 2.98835e-07
1.72881 1.4359 1 5.44891e-07 1.41137e-07
1.77966 1.4359 1 2.6957e-07 6.58343e-08
1.83051 1.4359 1 1.31557e-07 3.0343e-08
1.88136 1.4359 1 6.33613e-08 1.38239e-08
1.9322 1.4359 1 3.01282e-08 6.22755e-09
1.98305 1.4359 1 1.41488e-08 2.77487e-09
2.0339 1.4359 1 6.56471e-09 1.22325e-09
2.08475 1.4359 1 3.01021e-09 5.3363e-10
2.13559 1.4359 1 1.36457e-09 2.30421e-10
2.18644 1.4359 1 6.11699e-10 9.85097e-11
2.23729 1.4359 1 2.71233e-10 4.17097e-11
2.28814 1.4359 1 1.18995e-10 1.74955e-11
2.33898 1.4359 1 5.16661e-11 7.27244e-12
2.38983 1.4359 1 2.22067e-11 2.99658e-12
2.44068 1.4359 1 9.4508e-12 1.22429e-12
2.49153 1.4359 1 3.98344e-12 4.96091e-13
2.54237 1.4359 1 1.66322e-12 1.9941e-13
2.59322 1.4359 1 6.8807e-13 7.9534e-14
2.64407 1.4359 1 2.82095e-13 3.14852e-14
2.69492 1.4359 1 1.14641e-13 1.237e-14
2.74576 1.4359 1 4.61854e-14 4.82414e-15
2.79661 1.4359 1 1.84447e-14 1.8704e-15
2.84746 1.4359 1 7.28429e-15 7.18314e-16
2.89831 1.4359 1 2.80334e-15 2.735e-16
2.94915 1.4359 1 9.45574e-16 9.72714e-17
3 1.4359 1 0 0

0 1.48718 1.00643 0 0
0.0508475 1.48718 1.01163 -0.00247375 0.0135506
0.101695 1.48718 1.01756 -0.00216438 0.0258691
0.152542 1.48718 1.0231 0.000545796 0.0362723
0.20339 1.48718 1.02748 0.00487078 0.043921
0.254237 1.48718 1.03012 0.00980386 0.0482284
0.305085 1.48718 1.03081 0.0143516 0.0490984
0.355932 1.48718 1.02969 0.0177601 0.0469361
0.40678 1.48718 1.02717 0.0196365 0.0425003
0.457627 1.48718 1.02375 0.0199492 0.0366919
0.508475 1.48718 1.01994 0.0189388 0.0303612
0.559322 1.48718 1.01613 0.0169919 0.0241836
0.610169 1.48718 1.01263 0.0145244 0.0186102
0.661017 1.48718 1.00959 0.0119002 0.0138783
0.711864 1.48718 1.00708 0.00938958 0.010055
0.762712 1.48718 1.00509 0.007161 0.00709284
0.813559 1.48718 1.00357 0.00529453 0.00487958
0.864407 1.48718 1.00245 0.00380404 0.00327788
0.915254 1.48718 1.00164 0.00266103 0.00215137
0.966102 1.48718 1.00107 0.00181488 0.00137952
1.01695 1.48718 1.00069 0.00120788 0.000863793
1.0678 1.48718 1.00043 0.000784887 0.000527938
1.11864 1.48718 1.00026 0.000498154 0.000314943
1.16949 1.48718 1.00016 0.000308949 0.000183458
1.22034 1.48718 1.00009 0.000187339 0.000104435
1.27119 1.48718 1.00005 0.000111146 5.81578e-05
1.32203 1.48718 1.00003 6.45716e-05 3.17199e-05
1.37288 1.48718 1.00002 3.67653e-05 1.69641e-05
1.42373 1.48718 1.00001 2.05332e-05 8.90638e-06
1.47458 1.48718 1 1.1258e-05 4.59518e-06
1.52542 1.48718 1 6.06454e-06 2.33215e-06
1.57627 1.48718 1 3.21207e-06 1.1653e-06
1.62712 1.48718 1 1.67387e-06 5.737e-07
1.67797 1.48718 1 8.58775e-07 2.78478e-07
1.72881 1.48718 1 4.34022e-07 1.33358e-07
1.77966 1.48718 1 2.16196e-07 6.30375e-08
1.83051 1.48718 1 1.06195e-07 2.94266e-08
1.88136 1.48718 1 5.146e-08 1.35714e-08
1.9322 1.48718 1 2.46112e-08 6.1861e-09
1.98305 1.48718 1 1.16215e-08 2.78781e-09
2.0339 1.48718 1 5.42015e-09 1.24249e-09
2.08475 1.48718 1 2.49765e-09 5.47804e-10
2.13559 1.48718 1 1.13753e-09 2.38989e-10
2.18644 1.48718 1 5.12193e-10 1.03197e-10
2.23729 1.48718 1 2.28073e-10 4.41163e-11
2.28814 1.48718 1 1.00462e-10 1.86765e-11
2.33898 1.48718 1 4.37859e-11 7.83187e-12
2.38983 1.48718 1 1.88879e-11 3.25402e-12
2.44068 1.48718 1 8.06593e-12 1.33989e-12
2.49153 1.48718 1 3.41077e-12 5.46901e-13
2.54237 1.48718 1 1.42848e-12 2.21325e-13
2.59322 1.48718 1 5.92685e-13 8.88226e-14
2.64407 1.48718 1 2.43658e-13 3.5362e-14
2.69492 1.48718 1 9.92701e-14 1.39652e-14
2.74576 1.48718 1 4.00909e-14 5.47083e-15
2.79661 1.48718 1 1.60502e-14 2.12529e-15
2.84746 1.48718 1 6.35528e-15 8.17828e-16
2.89831 1.48718 1 2.45308e-15 3.13911e-16
2.94915 1.48718 1 8.27548e-16 1.12246e-16
3 1.48718 1 0 0

0 1.53846 1.00453 0 0
0.0508475 1.53846 1.00812 -0.00188744 0.00945442
0.101695 1.53846 1.01197 -0.00185178 0.0178597
0.152542 1.53846 1.01547 -0.000220249 0.0248468
0.20339 1.53846 1.01821 0.00248547 0.0299448
0.254237 1.53846 1.01983 0.00562829 0.0328232
0.305085 1.53846 1.02024 0.0085829 0.0334396
0.355932 1.53846 1.01952 0.0108655 0.0320547
0.40678 1.53846 1.01791 0.0122089 0.0291504
0.457627 1.53846 1.01572 0.0125677 0.025304
0.508475 1.53846 1.01326 0.0120702 0.0210691
0.559322 1.53846 1.01079 0.0109446 0.0168952
0.610169 1.53846 1.00849 0.00944797 0.013092
0.661017 1.53846 1.00648 0.00781271 0.00983137
0.711864 1.53846 1.00481 0.00621792 0.00717181
0.762712 1.53846 1.00348 0.00478066 0.00509248
0.813559 1.53846 1.00245 0.00356147 0.0035256
0.864407 1.53846 1.00169 0.00257704 0.0023828
0.915254 1.53846 1.00114 0.00181474 0.00157345
0.966102 1.53846 1.00075 0.00124556 0.00101552
1.01695 1.53846 1.00048 0.000834172 0.000640616
1.0678 1.53846 1.0003 0.000545532 0.000394963
1.11864 1.53846 1.00019 0.000348588 0.00023801
1.16949 1.53846 1.00011 0.000217752 0.000140232
1.22034 1.53846 1.00007 0.00013305 8.08255e-05
1.27119 1.53846 1.00004 7.95682e-05 4.56064e-05
1.32203 1.53846 1.00002 4.66056e-05 2.52147e-05
1.37288 1.53846 1.00001 2.67562e-05 1.36721e-05
1.42373 1.53846 1.00001 1.50669e-05 7.27734e-06
1.47458 1.53846 1 8.32832e-06 3.80593e-06
1.52542 1.53846 1 4.52209e-06 1.95735e-06
1.57627 1.53846 1 2.41362e-06 9.90687e-07
1.62712 1.53846 1 1.26715e-06 4.93833e-07
1.67797 1.53846 1 6.5476e-07 2.42596e-07
1.72881 1.53846 1 3.33181e-07 1.17518e-07
1.77966 1.53846 1 1.67052e-07 5.61662e-08
1.83051 1.53846 1 8.25679e-08 2.64976e-08
1.88136 1.53846 1 4.02495e-08 1.2345e-08
1.9322 1.53846 1 1.93591e-08 5.68196e-09
1.98305 1.53846 1 9.19099e-09 2.58457e-09
2.0339 1.53846 1 4.30877e-09 1.16226e-09
2.08475 1.53846 1 1.99533e-09 5.16866e-10
2.13559 1.53846 1 9.13038e-10 2.27371e-10
2.18644 1.53846 1 4.12967e-10 9.89676e-11
2.23729 1.53846 1 1.84682e-10 4.26351e-11
2.28814 1.53846 1 8.16847e-11 1.81832e-11
2.33898 1.53846 1 3.57424e-11 7.67907e-12
2.38983 1.53846 1 1.54763e-11 3.2121e-12
2.44068 1.53846 1 6.63291e-12 1.33111e-12
2.49153 1.53846 1 2.81447e-12 5.46615e-13
2.54237 1.53846 1 1.18263e-12 2.22477e-13
2.59322 1.53846 1 4.92221e-13 8.97678e-14
2.64407 1.53846 1 2.02965e-13 3.59094e-14
2.69492 1.53846 1 8.29295e-14 1.42453e-14
2.74576 1.53846 1 3.35807e-14 5.60788e-15
2.79661 1.53846 1 1.3477e-14 2.19113e-15
2.84746 1.53846 1 5.35191e-15 8.44912e-16
2.89831 1.53846 1 2.07335e-15 3.22736e-16
2.94915 1.53846 1 7.0274e-16 1.11849e-16
3 1.53846 1 0 0

0 1.58974 1.00307 0 0
0.0508475 1.58974 1.0055 -0.00138218 0.0064491
0.101695 1.58974 1.00797 -0.0014602 0.0120839
0.152542 1.58974 1.01019 -0.000490011 0.0167056
0.20339 1.58974 1.01188 0.00118385 0.0200539
0.254237 1.58974 1.01288 0.00316057 0.0219479
0.305085 1.58974 1.01313 0.00505084 0.022374
0.355932 1.58974 1.01267 0.00654937 0.0214996
0.40678 1.58974 1.01165 0.00747942 0.0196273
0.457627 1.58974 1.01026 0.00779877 0.0171215
0.508475 1.58974 1.00869 0.00757373 0.0143371
0.559322 1.58974 1.0071 0.00693692 0.0115676
0.610169 1.58974 1.00562 0.0060443 0.00902112
0.661017 1.58974 1.00431 0.0050418 0.00681816
0.711864 1.58974 1.00322 0.00404546 0.00500553
0.762712 1.58974 1.00234 0.00313421 0.00357638
0.813559 1.58974 1.00166 0.00235167 0.00249084
0.864407 1.58974 1.00114 0.00171308 0.00169324
0.915254 1.58974 1.00077 0.00121395 0.00112453
0.966102 1.58974 1.00051 0.000838188 0.000730088
1.01695 1.58974 1.00033 0.0005646 0.000463524
1.0678 1.58974 1.00021 0.000371373 0.000287841
1.11864 1.58974 1.00013 0.000238712 0.000174866
1.16949 1.58974 1.00008 0.00015004 0.00010396
1.22034 1.58974 1.00005 9.22717e-05 6.05103e-05
1.27119 1.58974 1.00003 5.55548e-05 3.45019e-05
1.32203 1.58974 1.00002 3.27673e-05 1.92842e-05
1.37288 1.58974 1.00001 1.89456e-05 1.05736e-05
1.42373 1.58974 1 1.07452e-05 5.69176e-06
1.47458 1.58974 1 5.98201e-06 3.01024e-06
1.52542 1.58974 1 3.27111e-06 1.56534e-06
1.57627 1.58974 1 1.75806e-06 8.00897e-07
1.62712 1.58974 1 9.29248e-07 4.03455e-07
1.67797 1.58974 1 4.83327e-07 2.00231e-07
1.72881 1.58974 1 2.47515e-07 9.79565e-08
1.77966 1.58974 1 1.24865e-07 4.72638e-08
1.83051 1.58974 1 6.20826e-08 2.25024e-08
1.88136 1.58974 1 3.04363e-08 1.05761e-08
1.9322 1.58974 1 1.47195e-08 4.90901e-09
1.98305 1.58974 1 7.0251e-09 2.25113e-09
2.0339 1.58974 1 3.31007e-09 1.02023e-09
2.08475 1.58974 1 1.54029e-09 4.57113e-10
2.13559 1.58974 1 7.08113e-10 2.0254e-10
2.18644 1.58974 1 3.21717e-10 8.87735e-11
2.23729 1.58974 1 1.44496e-10 3.84999e-11
2.28814 1.58974 1 6.41756e-11 1.65255e-11
2.33898 1.58974 1 2.81932e-11 7.02224e-12
2.38983 1.58974 1 1.22544e-11 2.95482e-12
2.44068 1.58974 1 5.27145e-12 1.23146e-12
2.49153 1.58974 1 2.24473e-12 5.08443e-13
2.54237 1.58974 1 9.46448e-13 2.08015e-13
2.59322 1.58974 1 3.95213e-13 8.43506e-14
2.64407 1.58974 1 1.63476e-13 3.3905e-14
2.69492 1.58974 1 6.70018e-14 1.35089e-14
2.74576 1.58974 1 2.72165e-14 5.34037e-15
2.79661 1.58974 1 1.0951e-14 2.09938e-15
2.84746 1.58974 1 4.35751e-15 8.20361e-16
2.89831 1.58974 1 1.69368e-15 3.13976e-16
2.94915 1.58974 1 5.7404e-16 1.07959e-16
3 1.58974 1 0 0

0 1.64103 1.00202 0 0
0.0508475 1.64103 1.00362 -0.000978604 0.00430707
0.101695 1.64103 1.0052 -0.00108876 0.00801947
0.152542 1.64103 1.00659 -0.000519022 0.0110308
0.20339 1.64103 1.00764 0.000505159 0.0131989
0.254237 1.64103 1.00826 0.00173332 0.0144271
0.305085 1.64103 1.0084 0.0029254 0.0147157
0.355932 1.64103 1.00811 0.00389147 0.0141712
0.40678 1.64103 1.00747 0.00451747 0.0129817
0.457627 1.64103 1.0066 0.00476981 0.0113745
0.508475 1.64103 1.00561 0.00468169 0.00957352
0.559322 1.64103 1.00461 0.00432906 0.00776743
0.610169 1.64103 1.00366 0.00380519 0.00609297
0.661017 1.64103 1.00282 0.00320009 0.00463248
0.711864 1.64103 1.00211 0.00258744 0.00342108
0.762712 1.64103 1.00154 0.00201907 0.00245853
0.813559 1.64103 1.0011 0.00152521 0.00172198
0.864407 1.64103 1.00076 0.0011181 0.00117701
0.915254 1.64103 1.00052 0.000797059 0.000785915
0.966102 1.64103 1.00034 0.000553451 0.000513035
1.01695 1.64103 1.00022 0.000374827 0.000327588
1.0678 1.64103 1.00014 0.000247862 0.000204685
1.11864 1.64103 1.00009 0.000160175 0.00012519
1.16949 1.64103 1.00005 0.000101228 7.49781e-05
1.22034 1.64103 1.00003 6.26053e-05 4.39907e-05
1.27119 1.64103 1.00002 3.7914e-05 2.52967e-05
1.32203 1.64103 1.00001 2.24973e-05 1.42655e-05
1.37288 1.64103 1.00001 1.3088e-05 7.89403e-06
1.42373 1.64103 1 7.46949e-06 4.28922e-06
1.47458 1.64103 1 4.18461e-06 2.28988e-06
1.52542 1.64103 1 2.30266e-06 1.20194e-06
1.57627 1.64103 1 1.24529e-06 6.20674e-07
1.62712 1.64103 1 6.62268e-07 3.15515e-07
1.67797 1.64103 1 3.46542e-07 1.5798e-07
1.72881 1.64103 1 1.78513e-07 7.7955e-08
1.77966 1.64103 1 9.05722e-08 3.79285e-08
1.83051 1.64103 1 4.52835e-08 1.82043e-08
1.88136 1.64103 1 2.23204e-08 8.62298e-09
1.9322 1.64103 1 1.0851e-08 4.03271e-09
1.98305 1.64103 1 5.20503e-09 1.86276e-09
2.0339 1.64103 1 2.46449e-09 8.50147e-10
2.08475 1.64103 1 1.15223e-09 3.83488e-10
2.13559 1.64103 1 5.32129e-10 1.71029e-10
2.18644 1.64103 1 2.42828e-10 7.54348e-11
2.23729 1.64103 1 1.09528e-10 3.29142e-11
2.28814 1.64103 1 4.88452e-11 1.42109e-11
2.33898 1.64103 1 2.15436e-11 6.07292e-12
2.38983 1.64103 1 9.40008e-12 2.56932e-12
2.44068 1.64103 1 4.05861e-12 1.07644e-12
2.49153 1.64103 1 1.73446e-12 4.46695e-13
2.54237 1.64103 1 7.33839e-13 1.83647e-13
2.59322 1.64103 1 3.07461e-13 7.4816e-14
2.64407 1.64103 1 1.27584e-13 3.02069e-14
2.69492 1.64103 1 5.24521e-14 1.20912e-14
2.74576 1.64103 1 2.13747e-14 4.80161e-15
2.79661 1.64103 1 8.63083e-15 1.88785e-15
2.84746 1.64103 1 3.44067e-15 7.43844e-16
2.89831 1.64103 1 1.33415e-15 2.86753e-16
2.94915 1.64103 1 4.53724e-16 1.00546e-16
3 1.64103 1 0 0

0 1.69231 1.00129 0 0
0.0508475 1.69231 1.00233 -0.000673269 0.00281855
0.101695 1.69231 1.00333 -0.00077819 0.00522205
0.152542 1.69231 1.0042 -0.000447805 0.00715396
0.20339 1.69231 1.00484 0.000172082 0.00853766
0.254237 1.69231 1.00522 0.000926134 0.00932271
0.305085 1.69231 1.00531 0.00166767 0.00951443
0.355932 1.69231 1.00513 0.00228005 0.00918005
0.40678 1.69231 1.00473 0.00269117 0.00843526
0.457627 1.69231 1.00419 0.00287659 0.00742019
0.508475 1.69231 1.00357 0.00285232 0.00627415
0.559322 1.69231 1.00294 0.0026613 0.00511628
0.610169 1.69231 1.00235 0.00235856 0.00403474
0.661017 1.69231 1.00182 0.00199873 0.00308438
0.711864 1.69231 1.00137 0.0016277 0.00229029
0.762712 1.69231 1.001 0.00127874 0.00165482
0.813559 1.69231 1.00071 0.000972115 0.0011652
0.864407 1.69231 1.0005 0.00071691 0.000800563
0.915254 1.69231 1.00034 0.000513949 0.000537278
0.966102 1.69231 1.00023 0.000358779 0.000352515
1.01695 1.69231 1.00015 0.000244228 0.000226266
1.0678 1.69231 1.00009 0.000162305 0.000142152
1.11864 1.69231 1.00006 0.000105402 8.74515e-05
1.16949 1.69231 1.00004 6.69425e-05 5.27044e-05
1.22034 1.69231 1.00002 4.16103e-05 3.11299e-05
1.27119 1.69231 1.00001 2.53297e-05 1.80285e-05
1.32203 1.69231 1.00001 1.51098e-05 1.02427e-05
1.37288 1.69231 1 8.83789e-06 5.71177e-06
1.42373 1.69231 1 5.07174e-06 3.12807e-06
1.47458 1.69231 1 2.85718e-06 1.68337e-06
1.52542 1.69231 1 1.58102e-06 8.90705e-07
1.57627 1.69231 1 8.59815e-07 4.63645e-07
1.62712 1.69231 1 4.59806e-07 2.37561e-07
1.67797 1.69231 1 2.41923e-07 1.19877e-07
1.72881 1.69231 1 1.25295e-07 5.96059e-08
1.77966 1.69231 1 6.39083e-08 2.92176e-08
1.83051 1.69231 1 3.21182e-08 1.41254e-08
1.88136 1.69231 1 1.59114e-08 6.7382e-09
1.9322 1.69231 1 7.7735e-09 3.17288e-09
1.98305 1.69231 1 3.7467e-09 1.47534e-09
2.0339 1.69231 1 1.78227e-09 6.77672e-10
2.08475 1.69231 1 8.3705e-10 3.07596e-10
2.13559 1.69231 1 3.88269e-10 1.38011e-10
2.18644 1.69231 1 1.77936e-10 6.12286e-11
2.23729 1.69231 1 8.05903e-11 2.68673e-11
2.28814 1.69231 1 3.60845e-11 1.16639e-11
2.33898 1.69231 1 1.59773e-11 5.01103e-12
2.38983 1.69231 1 6.99767e-12 2.131e-12
2.44068 1.69231 1 3.0324e-12 8.97259e-13
2.49153 1.69231 1 1.30051e-12 3.74141e-13
2.54237 1.69231 1 5.52129e-13 1.54542e-13
2.59322 1.69231 1 2.32095e-13 6.32391e-14
2.64407 1.69231 1 9.66239e-14 2.56456e-14
2.69492 1.69231 1 3.98552e-14 1.03101e-14
2.74576 1.69231 1 1.6287e-14 4.11082e-15
2.79661 1.69231 1 6.59545e-15 1.623e-15
2.84746 1.69231 1 2.6415e-15 6.30089e-16
2.89831 1.69231 1 1.02579e-15 2.44981e-16
2.94915 1.69231 1 3.4845e-16 9.2175e-17
3 1.69231 1 0 0

0 1.74359 1.00081 0 0
0.0508475 1.74359 1.00147 -0.000452061 0.00180664
0.101695 1.74359 1.0021 -0.000538032 0.00333404
0.152542 1.74359 1.00263 -0.0003488 0.00455264
0.20339 1.74359 1.00303 2.24406e-05 0.0054217
0.254237 1.74359 1.00326 0.000480106 0.00591558
0.305085 1.74359 1.00331 0.000935372 0.00604047
0.355932 1.74359 1.0032 0.00131746 0.00583827
0.40678 1.74359 1.00296 0.00158163 0.0053793
0.457627 1.74359 1.00263 0.00171111 0.00474875
0.508475 1.74359 1.00225 0.00171329 0.00403198
0.559322 1.74359 1.00186 0.00161217 0.00330296
0.610169 1.74359 1.00148 0.00143982 0.00261741
0.661017 1.74359 1.00115 0.00122889 0.00201093
0.711864 1.74359 1.00087 0.00100748 0.00150078
0.762712 1.74359 1.00064 0.000796483 0.00108984
0.813559 1.74359 1.00046 0.0006091 0.000771203
0.864407 1.74359 1.00032 0.000451721 0.000532456
0.915254 1.74359 1.00022 0.000325558 0.000359066
0.966102 1.74359 1.00015 0.000228412 0.000236717
1.01695 1.74359 1.0001 0.000156234 0.000152676
1.0678 1.74359 1.00006 0.000104311 9.63974e-05
1.11864 1.74359 1.00004 6.80492e-05 5.96127e-05
1.16949 1.74359 1.00002 4.34151e-05 3.61243e-05
1.22034 1.74359 1.00001 2.71092e-05 2.14607e-05
1.27119 1.74359 1.00001 1.65787e-05 1.25047e-05
1.32203 1.74359 1 9.93619e-06 7.14982e-06
1.37288 1.74359 1 5.83968e-06 4.01349e-06
1.42373 1.74359 1 3.36753e-06 2.21298e-06
1.47458 1.74359 1 1.90648e-06 1.19918e-06
1.52542 1.74359 1 1.06021e-06 6.38963e-07
1.57627 1.74359 1 5.79461e-07 3.34944e-07
1.62712 1.74359 1 3.11427e-07 1.72821e-07
1.67797 1.74359 1 1.64668e-07 8.78146e-08
1.72881 1.74359 1 8.57027e-08 4.39632e-08
1.77966 1.74359 1 4.39258e-08 2.16953e-08
1.83051 1.74359 1 2.2181e-08 1.05581e-08
1.88136 1.74359 1 1.104e-08 5.06914e-09
1.9322 1.74359 1 5.4183e-09 2.40204e-09
1.98305 1.74359 1 2.62324e-09 1.1238e-09
2.0339 1.74359 1 1.25332e-09 5.19301e-10
2.08475 1.74359 1 5.91138e-10 2.3709e-10
2.13559 1.74359 1 2.75343e-10 1.06983e-10
2.18644 1.74359 1 1.26696e-10 4.77262e-11
2.23729 1.74359 1 5.76089e-11 2.10554e-11
2.28814 1.74359 1 2.58935e-11 9.18881e-12
2.33898 1.74359 1 1.15078e-11 3.96786e-12
2.38983 1.74359 1 5.05844e-12 1.69578e-12
2.44068 1.74359 1 2.19978e-12 7.17469e-13
2.49153 1.74359 1 9.46666e-13 3.0058e-13
2.54237 1.74359 1 4.03245e-13 1.24723e-13
2.59322 1.74359 1 1.70059e-13 5.12655e-14
2.64407 1.74359 1 7.10215e-14 2.08826e-14
2.69492 1.74359 1 2.93818e-14 8.4306e-15
2.74576 1.74359 1 1.20459e-14 3.3738e-15
2.79661 1.74359 1 4.88598e-15 1.3369e-15
2.84746 1.74359 1 1.96019e-15 5.2106e-16
2.89831 1.74359 1 7.74775e-16 1.98748e-16
2.94915 1.74359 1 2.68416e-16 7.46313e-17
3 1.74359 1 0 0

0 1.79487 1.0005 0 0
0.0508475 1.79487 1.00092 -0.000297726 0.00113075
0.101695 1.79487 1.00131 -0.000362622 0.00207973
0.152542 1.79487 1.00163 -0.000255488 0.0028321
0.20339 1.79487 1.00188 -3.53612e-05 0.00336682
0.254237 1.79487 1.00201 0.000239357 0.00367128
0.305085 1.79487 1.00205 0.000515344 0.00375079
0.355932 1.79487 1.00198 0.000750164 0.00363096
0.40678 1.79487 1.00183 0.000916537 0.00335379
0.457627 1.79487 1.00163 0.00100346 0.00297015
0.508475 1.79487 1.0014 0.00101418 0.00253134
0.559322 1.79487 1.00116 0.000961972 0.00208232
0.610169 1.79487 1.00093 0.000865302 0.00165749
0.661017 1.79487 1.00072 0.000743422 0.00127933
0.711864 1.79487 1.00055 0.000613243 0.000959287
0.762712 1.79487 1.0004 0.00048763 0.00069992
0.813559 1.79487 1.00029 0.000374955 0.00049762
0.864407 1.79487 1.0002 0.000279517 0.000345169
0.915254 1.79487 1.00014 0.00020244 0.00023384
0.966102 1.79487 1.00009 0.000142695 0.000154867
1.01695 1.79487 1.00006 9.80387e-05 0.000100344
1.0678 1.79487 1.00004 6.57369e-05 6.36522e-05
1.11864 1.79487 1.00002 4.30639e-05 3.95525e-05
1.16949 1.79487 1.00002 2.75876e-05 2.40879e-05
1.22034 1.79487 1.00001 1.72968e-05 1.43848e-05
1.27119 1.79487 1.00001 1.06214e-05 8.42735e-06
1.32203 1.79487 1 6.39226e-06 4.8458e-06
1.37288 1.79487 1 3.77268e-06 2.73609e-06
1.42373 1.79487 1 2.18487e-06 1.51774e-06
1.47458 1.79487 1 1.24228e-06 8.27508e-07
1.52542 1.79487 1 6.9386e-07 4.43678e-07
1.57627 1.79487 1 3.80896e-07 2.34042e-07
1.62712 1.79487 1 2.0561e-07 1.21522e-07
1.67797 1.79487 1 1.09194e-07 6.21379e-08
1.72881 1.79487 1 5.70791e-08 3.13036e-08
1.77966 1.79487 1 2.93817e-08 1.55438e-08
1.83051 1.79487 1 1.49002e-08 7.61084e-09
1.88136 1.79487 1 7.44742e-09 3.67615e-09
1.9322 1.79487 1 3.67026e-09 1.7523e-09
1.98305 1.79487 1 1.78416e-09 8.24591e-10
2.0339 1.79487 1 8.55825e-10 3.83211e-10
2.08475 1.79487 1 4.05232e-10 1.75936e-10
2.13559 1.79487 1 1.8947e-10 7.98223e-11
2.18644 1.79487 1 8.75068e-11 3.58e-11
2.23729 1.79487 1 3.99341e-11 1.58766e-11
2.28814 1.79487 1 1.80128e-11 6.96418e-12
2.33898 1.79487 1 8.03305e-12 3.0223e-12
2.38983 1.79487 1 3.54294e-12 1.29799e-12
2.44068 1.79487 1 1.54579e-12 5.51793e-13
2.49153 1.79487 1 6.67344e-13 2.32253e-13
2.54237 1.79487 1 2.85148e-13 9.6808e-14
2.59322 1.79487 1 1.20618e-13 3.99709e-14
2.64407 1.79487 1 5.05229e-14 1.6351e-14
2.69492 1.79487 1 2.09649e-14 6.63222e-15
2.74576 1.79487 1 8.61526e-15 2.66077e-15
2.79661 1.79487 1 3.50444e-15 1.06022e-15
2.84746 1.79487 1 1.41017e-15 4.21787e-16
2.89831 1.79487 1 5.57245e-16 1.61955e-16
2.94915 1.79487 1 1.95189e-16 5.5059e-17
3 1.79487 1 0 0

0 1.84615 1.0003 0 0
0.0508475 1.84615 1.00057 -0.000193497 0.000683593
0.101695 1.84615 1.00081 -0.000239873 0.0012528
0.152542 1.84615 1.00101 -0.000179795 0.00170145
0.20339 1.84615 1.00116 -5.06212e-05 0.00201946
0.254237 1.84615 1.00125 0.000112206 0.00220099
0.305085 1.84615 1.00127 0.000277043 0.00224991
0.355932 1.84615 1.00123 0.000418847 0.0021813
0.40678 1.84615 1.00114 0.000521346 0.00201946
0.457627 1.84615 1.00101 0.000577631 0.00179378
0.508475 1.84615 1.00087 0.000589044 0.00153414
0.559322 1.84615 1.00072 0.000562878 0.00126694
0.610169 1.84615 1.00058 0.000509621 0.0010127
0.661017 1.84615 1.00045 0.000440438 0.000785089
0.711864 1.84615 1.00034 0.000365312 0.000591344
0.762712 1.84615 1.00025 0.000291979 0.00043343
0.813559 1.84615 1.00018 0.000225599 0.000309565
0.864407 1.84615 1.00013 0.000168946 0.000215707
0.915254 1.84615 1.00009 0.000122888 0.000146797
0.966102 1.84615 1.00006 8.69762e-05 9.76595e-05
1.01695 1.84615 1.00004 5.99905e-05 6.3564e-05
1.0678 1.84615 1.00002 4.03756e-05 4.05054e-05
1.11864 1.84615 1.00002 2.65457e-05 2.52866e-05
1.16949 1.84615 1.00001 1.7066e-05 1.54735e-05
1.22034 1.84615 1.00001 1.07375e-05 9.28598e-06
1.27119 1.84615 1 6.61656e-06 5.46791e-06
1.32203 1.84615 1 3.99598e-06 3.16063e-06
1.37288 1.84615 1 2.36674e-06 1.79426e-06
1.42373 1.84615 1 1.37553e-06 1.00083e-06
1.47458 1.84615 1 7.84928e-07 5.48777e-07
1.52542 1.84615 1 4.40005e-07 2.95933e-07
1.57627 1.84615 1 2.42426e-07 1.57017e-07
1.62712 1.84615 1 1.31344e-07 8.20082e-08
1.67797 1.84615 1 7.00098e-08 4.21806e-08
1.72881 1.84615 1 3.67304e-08 2.13748e-08
1.77966 1.84615 1 1.8976e-08 1.06759e-08
1.83051 1.84615 1 9.65792e-09 5.25777e-09
1.88136 1.84615 1 4.84445e-09 2.55423e-09
1.9322 1.84615 1 2.39586e-09 1.22446e-09
1.98305 1.84615 1 1.16869e-09 5.79442e-10
2.0339 1.84615 1 5.62503e-10 2.70776e-10
2.08475 1.84615 1 2.67232e-10 1.24994e-10
2.13559 1.84615 1 1.25355e-10 5.70144e-11
2.18644 1.84615 1 5.80803e-11 2.57057e-11
2.23729 1.84615 1 2.6588e-11 1.14591e-11
2.28814 1.84615 1 1.20294e-11 5.05204e-12
2.33898 1.84615 1 5.38066e-12 2.20342e-12
2.38983 1.84615 1 2.38e-12 9.50948e-13
2.44068 1.84615 1 1.04134e-12 4.06207e-13
2.49153 1.84615 1 4.50807e-13 1.71779e-13
2.54237 1.84615 1 1.93142e-13 7.19318e-14
2.59322 1.84615 1 8.19147e-14 2.98321e-14
2.64407 1.84615 1 3.44011e-14 1.22592e-14
2.69492 1.84615 1 1.43059e-14 4.99042e-15
2.74576 1.84615 1 5.89483e-15 2.0107e-15
2.79661 1.84615 1 2.40844e-15 8.07894e-16
2.84746 1.84615 1 9.68007e-16 3.19606e-16
2.89831 1.84615 1 3.81545e-16 1.29021e-16
2.94915 1.84615 1 1.33395e-16 4.17589e-17
3 1.84615 1 0 0

0 1.89744 1.00018 0 0
0.0508475 1.89744 1.00036 -0.000123742 0.00038506
0.101695 1.89744 1.00052 -0.000154653 0.000701338
0.152542 1.89744 1.00065 -0.000121293 0.000949049
0.20339 1.89744 1.00075 -4.73269e-05 0.00112438
0.254237 1.89744 1.0008 4.62542e-05 0.00122489
0.305085 1.89744 1.00082 0.000141325 0.00125295
0.355932 1.89744 1.00079 0.000223706 0.00121668
0.40678 1.89744 1.00073 0.000284152 0.00112908
0.457627 1.89744 1.00065 0.000318614 0.00100594
0.508475 1.89744 1.00056 0.000327643 0.000863369
0.559322 1.89744 1.00046 0.000315154 0.000715802
0.610169 1.89744 1.00037 0.000286922 0.000574579
0.661017 1.89744 1.00029 0.000249186 0.000447419
0.711864 1.89744 1.00022 0.000207598 0.000338552
0.762712 1.89744 1.00016 0.000166602 0.000249306
0.813559 1.89744 1.00012 0.000129214 0.000178902
0.864407 1.89744 1.00008 9.71082e-05 0.000125251
0.915254 1.89744 1.00006 7.08693e-05 8.5643e-05
0.966102 1.89744 1.00004 5.0316e-05 5.72461e-05
1.01695 1.89744 1.00002 3.48074e-05 3.7437e-05
1.0678 1.89744 1.00002 2.34926e-05 2.39703e-05
1.11864 1.89744 1.00001 1.54875e-05 1.50364e-05
1.16949 1.89744 1.00001 9.98293e-06 9.24627e-06
1.22034 1.89744 1 6.29715e-06 5.57664e-06
1.27119 1.89744 1 3.89028e-06 3.3005e-06
1.32203 1.89744 1 2.35546e-06 1.91776e-06
1.37288 1.89744 1 1.39866e-06 1.09451e-06
1.42373 1.89744 1 8.14987e-07 6.1384e-07
1.47458 1.89744 1 4.66269e-07 3.38447e-07
1.52542 1.89744 1 2.62062e-07 1.83536e-07
1.57627 1.89744 1 1.44768e-07 9.79348e-08
1.62712 1.89744 1 7.86424e-08 5.14428e-08
1.67797 1.89744 1 4.20301e-08 2.66114e-08
1.72881 1.89744 1 2.21097e-08 1.35627e-08
1.77966 1.89744 1 1.14528e-08 6.81297e-09
1.83051 1.89744 1 5.84435e-09 3.37448e-09
1.88136 1.89744 1 2.93921e-09 1.64863e-09
1.9322 1.89744 1 1.45736e-09 7.94778e-10
1.98305 1.89744 1 7.12703e-10 3.78204e-10
2.0339 1.89744 1 3.43889e-10 1.7771e-10
2.08475 1.89744 1 1.63776e-10 8.24798e-11
2.13559 1.89744 1 7.70102e-11 3.78239e-11
2.18644 1.89744 1 3.5765e-11 1.71436e-11
2.23729 1.89744 1 1.64103e-11 7.68204e-12
2.28814 1.89744 1 7.44138e-12 3.4042e-12
2.33898 1.89744 1 3.33578e-12 1.49222e-12
2.38983 1.89744 1 1.47867e-12 6.47199e-13
2.44068 1.89744 1 6.48324e-13 2.77808e-13
2.49153 1.89744 1 2.81238e-13 1.18042e-13
2.54237 1.89744 1 1.20733e-13 4.96644e-14
2.59322 1.89744 1 5.13056e-14 2.06933e-14
2.64407 1.89744 1 2.15869e-14 8.54175e-15
2.69492 1.89744 1 8.99563e-15 3.495e-15
2.74576 1.89744 1 3.717e-15 1.41737e-15
2.79661 1.89744 1 1.51935e-15 5.69637e-16
2.84746 1.89744 1 6.14798e-16 2.29688e-16
2.89831 1.89744 1 2.42026e-16 9.12217e-17
2.94915 1.89744 1 8.00952e-17 2.92165e-17
3 1.89744 1 0 0

0 1.94872 1.0001 0 0
0.0508475 1.94872 1.00024 -7.06053e-05 0.000174396
0.101695 1.94872 1.00036 -8.66284e-05 0.000312344
0.152542 1.94872 1.00046 -6.96244e-05 0.000419794
0.20339 1.94872 1.00054 -3.28676e-05 0.000496053
0.254237 1.94872 1.00058 1.31189e-05 0.000540204
0.305085 1.94872 1.00058 5.9654e-05 0.000553189
0.355932 1.94872 1.00056 0.000100046 0.000538353
0.40678 1.94872 1.00052 0.000129941 0.000501113
0.457627 1.94872 1.00046 0.000147419 0.000448114
0.508475 1.94872 1.00039 0.000152717 0.000386237
0.559322 1.94872 1.00032 0.000147662 0.000321712
0.610169 1.94872 1.00026 0.000134972 0.000259523
0.661017 1.94872 1.0002 0.000117602 0.000203137
0.711864 1.94872 1.00015 9.82445e-05 0.000154532
0.762712 1.94872 1.00011 7.90315e-05 0.000114416
0.813559 1.94872 1.00008 6.14252e-05 8.25564e-05
0.864407 1.94872 1.00006 4.62501e-05 5.81181e-05
0.915254 1.94872 1.00004 3.38109e-05 3.99589e-05
0.966102 1.94872 1.00003 2.40426e-05 2.68568e-05
1.01695 1.94872 1.00002 1.66559e-05 1.76601e-05
1.0678 1.94872 1.00001 1.12566e-05 1.13696e-05
1.11864 1.94872 1.00001 7.43017e-06 7.17124e-06
1.16949 1.94872 1 4.79506e-06 4.43409e-06
1.22034 1.94872 1 3.02818e-06 2.68913e-06
1.27119 1.94872 1 1.87289e-06 1.60044e-06
1.32203 1.94872 1 1.13527e-06 9.35178e-07
1.37288 1.94872 1 6.7489e-07 5.36763e-07
1.42373 1.94872 1 3.93708e-07 3.0276e-07
1.47458 1.94872 1 2.25513e-07 1.67894e-07
1.52542 1.94872 1 1.26899e-07 9.15756e-08
1.57627 1.94872 1 7.01868e-08 4.91494e-08
1.62712 1.94872 1 3.81747e-08 2.59677e-08
1.67797 1.94872 1 2.04278e-08 1.35115e-08
1.72881 1.94872 1 1.07594e-08 6.92628e-09
1.77966 1.94872 1 5.58039e-09 3.49942e-09
1.83051 1.94872 1 2.85124e-09 1.74324e-09
1.88136 1.94872 1 1.43572e-09 8.56533e-10
1.9322 1.94872 1 7.12762e-10 4.15251e-10
1.98305 1.94872 1 3.48996e-10 1.98705e-10
2.0339 1.94872 1 1.68599e-10 9.38818e-11
2.08475 1.94872 1 8.03903e-11 4.38096e-11
2.13559 1.94872 1 3.78452e-11 2.0198e-11
2.18644 1.94872 1 1.75961e-11 9.20292e-12
2.23729 1.94872 1 8.0828e-12 4.14522e-12
2.28814 1.94872 1 3.66924e-12 1.84626e-12
2.33898 1.94872 1 1.64658e-12 8.13355e-13
2.38983 1.94872 1 7.30647e-13 3.54501e-13
2.44068 1.94872 1 3.20681e-13 1.52903e-13
2.49153 1.94872 1 1.39249e-13 6.52776e-14
2.54237 1.94872 1 5.98362e-14 2.75948e-14
2.59322 1.94872 1 2.54501e-14 1.15499e-14
2.64407 1.94872 1 1.07209e-14 4.788e-15
2.69492 1.94872 1 4.46992e-15 1.96925e-15
2.74576 1.94872 1 1.84623e-15 8.0224e-16
2.79661 1.94872 1 7.60971e-16 3.26171e-16
2.84746 1.94872 1 3.06845e-16 1.32382e-16
2.89831 1.94872 1 1.15901e-16 4.82039e-17
2.94915 1.94872 1 3.85513e-17 1.61452e-17
3 1.94872 1 0 0

0 2 1 0 0
0.0508475 2 1.00019 0 0
0.101695 2 1.00033 0 0
0.152542 2 1.00043 0 0
0.20339 2 1.00051 0 0
0.254237 2 1.00054 0 0
0.305085 2 1.00055 0 0
0.355932 2 1.00052 0 0
0.40678 2 1.00048 0 0
0.457627 2 1.00042 0 0
0.508475 2 1.00035 0 0
0.559322 2 1.00028 0 0
0.610169 2 1.00022 0 0
0.661017 2 1.00017 0 0
0.711864 2 1.00012 0 0
0.762712 2 1.00009 0 0
0.813559 2 1.00006 0 0
0.864407 2 1.00004 0 0
0.915254 2 1.00003 0 0
0.966102 2 1.00002 0 0
1.01695 2 1.00001 0 0
1.0678 2 1.00001 0 0
1.11864 2 1 0 0
1.16949 2 1 0 0
1.22034 2 1 0 0
1.27119 2 1 0 0
1.32203 2 1 0 0
1.37288 2 1 0 0
1.42373 2 1 0 0
1.47458 2 1 0 0
1.52542 2 1 0 0
1.57627 2 1 0 0
1.62712 2 1 0 0
1.67797 2 1 0 0
1.72881 2 1 0 0
1.77966 2 1 0 0
1.83051 2 1 0 0
1.88136 2 1 0 0
1.9322 2 1 0 0
1.98305 2 1 0 0
2.0339 2 1 0 0
2.08475 2 1 0 0
2.13559 2 1 0 0
2.18644 2 1 0 0
2.23729 2 1 0 0
2.28814 2 1 0 0
2.33898 2 1 0 0
2.38983 2 1 0 0
2.44068 2 1 0 0
2.49153 2 1 0 0
2.54237 2 1 0 0
2.59322 2 1 0 0
2.64407 2 1 0 0
2.69492 2 1 0 0
2.74576 2 1 0 0
2.79661 2 1 0 0
2.84746 2 1 0 0
2.89831 2 1 0 0
2.94915 2 1 0 0
3 2 1 0 0

