0 0 3 0.5 0
0.0508475 0 1.91817 0 0
0.101695 0 1.81888 0 0
0.152542 0 1.54732 0 0
0.20339 0 1.34877 0 0
0.254237 0 1.22095 0 0
0.305085 0 1.13949 0 0
0.355932 0 1.08727 0 0
0.40678 0 1.05385 0 0
0.457627 0 1.03268 0 0
0.508475 0 1.01948 0 0
0.559322 0 1.0114 0 0
0.610169 0 1.00654 0 0
0.661017 0 1.00369 0 0
0.711864 0 1.00204 0 0
0.762712 0 1.00111 0 0
0.813559 0 1.00059 0 0
0.864407 0 1.00031 0 0
0.915254 0 1.00015 0 0
0.966102 0 1 0 0
1.01695 0 0 0 0
1.0678 0 0 0 0
1.11864 0 0 0 0
1.16949 0 0 0 0
1.22034 0 0 0 0
1.27119 0 0 0 0
1.32203 0 0 0 0
1.37288 0 0 0 0
1.42373 0 0 0 0
1.47458 0 0 0 0
1.52542 0 0 0 0
1.57627 0 0 0 0
1.62712 0 0 0 0
1.67797 0 0 0 0
1.72881 0 0 0 0
1.77966 0 0 0 0
1.83051 0 0 0 0
1.88136 0 0 0 0
1.9322 0 0 0 0
1.98305 0 0 0 0
2.0339 0 1 0 0
2.08475 0 1 7.57324e-24 -2.64875e-22
2.13559 0 1 3.11541e-23 -4.77772e-22
2.18644 0 1 6.03299e-23 -6.02739e-22
2.23729 0 1 8.4545e-23 -6.31296e-22
2.28814 0 1 9.73006e-23 -5.80936e-22
2.33898 0 1 9.73169e-23 -4.83099e-22
2.38983 0 1 8.72964e-23 -3.6945e-22
2.44068 0 1 7.1666e-23 -2.63073e-22
2.49153 0 1 5.46151e-23 -1.7609e-22
2.54237 0 1 3.90498e-23 -1.11648e-22
2.59322 0 1 2.64148e-23 -6.74779e-23
2.64407 0 1 1.70176e-23 -3.90819e-23
2.69492 0 1 1.04985e-23 -2.17894e-23
2.74576 0 1 6.22817e-24 -1.17381e-23
2.79661 0 1 3.56142e-24 -6.12573e-24
2.84746 0 1 1.95713e-24 -3.09342e-24
2.89831 0 1 1.009e-24 -1.48343e-24
2.94915 0 1 4.2734e-25 -5.97505e-25
3 0 1 0 0

0 0.0512821 3 0.5 0
0.0508475 0.0512821 3.03777 0.428568 -0.0152534
0.101695 0.0512821 2.46723 0.415172 -0.0342462
0.152542 0.0512821 1.97562 0.370925 -0.054505
0.20339 0.0512821 1.61835 0.308823 -0.063916
0.254237 0.0512821 1.38691 0.24293 -0.0610538
0.305085 0.0512821 1.24216 0.182556 -0.0511998
0.355932 0.0512821 1.15145 0.131952 -0.0394364
0.40678 0.0512821 1.09418 0.0921548 -0.0286242
0.457627 0.0512821 1.05797 0.0624015 -0.0198628
0.508475 0.0512821 1.03521 0.0410796 -0.0132873
0.559322 0.0512821 1.02105 0.026347 -0.00861227
0.610169 0.0512821 1.01237 0.0164895 -0.00542646
0.661017 0.0512821 1.00715 0.0100819 -0.0033317
0.711864 0.0512821 1.00406 0.00602422 -0.00199737
0.762712 0.0512821 1.00227 0.00351278 -0.00117183
0.813559 0.0512821 1.00126 0.0019839 -0.000674299
0.864407 0.0512821 1.0007 0.00105274 -0.000378204
0.915254 0.0512821 1.00042 0.000456004 -0.000188388
0.966102 0.0512821 1.00031 0 0
1.01695 0.0512821 0 0 0
1.0678 0.0512821 0 0 0
1.11864 0.0512821 0 0 0
1.16949 0.0512821 0 0 0
1.22034 0.0512821 0 0 0
1.27119 0.0512821 0 0 0
1.32203 0.0512821 0 0 0
1.37288 0.0512821 0 0 0
1.42373 0.0512821 0 0 0
1.47458 0.0512821 0 0 0
1.52542 0.0512821 0 0 0
1.57627 0.0512821 0 0 0
1.62712 0.0512821 0 0 0
1.67797 0.0512821 0 0 0
1.72881 0.0512821 0 0 0
1.77966 0.0512821 0 0 0
1.83051 0.0512821 0 0 0
1.88136 0.0512821 0 0 0
1.9322 0.0512821 0 0 0
1.98305 0.0512821 0 0 0
2.0339 0.0512821 1 0 0
2.08475 0.0512821 1 7.57332e-24 -2.64875e-22
2.13559 0.0512821 1 3.11542e-23 -4.77772e-22
2.18644 0.0512821 1 6.03301e-23 -6.02739e-22
2.23729 0.0512821 1 8.45453e-23 -6.31296e-22
2.28814 0.0512821 1 9.73008e-23 -5.80936e-22
2.33898 0.0512821 1 9.73171e-23 -4.83099e-22
2.38983 0.0512821 1 8.72966e-23 -3.6945e-22
2.44068 0.0512821 1 7.16662e-23 -2.63073e-22
2.49153 0.0512821 1 5.46152e-23 -1.7609e-22
2.54237 0.0512821 1 3.905e-23 -1.11648e-22
2.59322 0.0512821 1 2.64149e-23 -6.74779e-23
2.64407 0.0512821 1 1.70177e-23 -3.90819e-23
2.69492 0.0512821 1 1.04985e-23 -2.17894e-23
2.74576 0.0512821 1 6.2282e-24 -1.17381e-23
2.79661 0.0512821 1 3.56144e-24 -6.12574e-24
2.84746 0.0512821 1 1.95714e-24 -3.09343e-24
2.89831 0.0512821 1 1.009e-24 -1.48344e-24
2.94915 0.0512821 1 4.27342e-25 -5.97506e-25
3 0.0512821 1 0 0

0 0.102564 3 0.5 0
0.0508475 0.102564 2.38963 0.578444 0.0398946
0.101695 0.102564 2.14854 0.577362 0.0116
0.152542 0.102564 1.93892 0.543702 -0.0306087
0.20339 0.102564 1.71014 0.48237 -0.0596038
0.254237 0.102564 1.49449 0.40106 -0.0687714
0.305085 0.102564 1.32563 0.313414 -0.0636203
0.355932 0.102564 1.20801 0.232204 -0.0518911
0.40678 0.102564 1.13059 0.164623 -0.0390162
0.457627 0.102564 1.08089 0.11251 -0.0276917
0.508475 0.102564 1.04943 0.0745132 -0.0188029
0.559322 0.102564 1.02976 0.0479913 -0.0123118
0.610169 0.102564 1.01763 0.0301315 -0.007813
0.661017 0.102564 1.01027 0.0184704 -0.00482159
0.711864 0.102564 1.00588 0.0110609 -0.00290127
0.762712 0.102564 1.00332 0.00646142 -0.00170625
0.813559 0.102564 1.00186 0.00365301 -0.000981966
0.864407 0.102564 1.00105 0.00193603 -0.000547062
0.915254 0.102564 1.00065 0.000831245 -0.000264776
0.966102 0.102564 1.00056 0 0
1.01695 0.102564 0 0 0
1.0678 0.102564 0 0 0
1.11864 0.102564 0 0 0
1.16949 0.102564 0 0 0
1.22034 0.102564 0 0 0
1.27119 0.102564 0 0 0
1.32203 0.102564 0 0 0
1.37288 0.102564 0 0 0
1.42373 0.102564 0 0 0
1.47458 0.102564 0 0 0
1.52542 0.102564 0 0 0
1.57627 0.102564 0 0 0
1.62712 0.102564 0 0 0
1.67797 0.102564 0 0 0
1.72881 0.102564 0 0 0
1.77966 0.102564 0 0 0
1.83051 0.102564 0 0 0
1.88136 0.102564 0 0 0
1.9322 0.102564 0 0 0
1.98305 0.102564 0 0 0
2.0339 0.102564 1 0 0
2.08475 0.102564 1 1.8073e-23 -6.10813e-22
2.13559 0.102564 1 8.40393e-23 -1.09755e-21
2.18644 0.102564 1 1.63079e-22 -1.37395e-21
2.23729 0.102564 1 2.25542e-22 -1.42301e-21
2.28814 0.102564 1 2.55051e-22 -1.29136e-21
2.33898 0.102564 1 2.5015e-22 -1.0569e-21
2.38983 0.102564 1 2.19789e-22 -7.94415e-22
2.44068 0.102564 1 1.76615e-22 -5.55549e-22
2.49153 0.102564 1 1.31701e-22 -3.6507e-22
2.54237 0.102564 1 9.2134e-23 -2.27232e-22
2.59322 0.102564 1 6.0985e-23 -1.3485e-22
2.64407 0.102564 1 3.8456e-23 -7.67182e-23
2.69492 0.102564 1 2.323e-23 -4.20367e-23
2.74576 0.102564 1 1.35011e-23 -2.22699e-23
2.79661 0.102564 1 7.56914e-24 -1.14385e-23
2.84746 0.102564 1 4.08375e-24 -5.69268e-24
2.89831 0.102564 1 2.0734e-24 -2.6982e-24
2.94915 0.102564 1 8.71083e-25 -1.08193e-24
3 0.102564 1 0 0

0 0.153846 3 0.5 0
0.0508475 0.153846 2.34863 0.627656 0.0220246
0.101695 0.153846 2.15262 0.651225 0.00958705
0.152542 0.153846 1.97939 0.634207 -0.0185841
0.20339 0.153846 1.77708 0.581444 -0.0439418
0.254237 0.153846 1.56686 0.498816 -0.0566629
0.305085 0.153846 1.38618 0.400447 -0.0566575
0.355932 0.153846 1.25178 0.302924 -0.0488033
0.40678 0.153846 1.15994 0.218011 -0.0381188
0.457627 0.153846 1.09983 0.150583 -0.0277881
0.508475 0.153846 1.06137 0.100485 -0.0192315
0.559322 0.153846 1.03715 0.0650812 -0.0127684
0.610169 0.153846 1.02213 0.0410386 -0.0081868
0.661017 0.153846 1.01296 0.0252449 -0.0050921
0.711864 0.153846 1.00746 0.0151623 -0.00308264
0.762712 0.153846 1.00423 0.00887909 -0.00182106
0.813559 0.153846 1.00238 0.00502892 -0.00105044
0.864407 0.153846 1.00137 0.00266654 -0.000583526
0.915254 0.153846 1.00087 0.00114213 -0.00027815
0.966102 0.153846 1.00076 0 0
1.01695 0.153846 0 0 0
1.0678 0.153846 0 0 0
1.11864 0.153846 0 0 0
1.16949 0.153846 0 0 0
1.22034 0.153846 0 0 0
1.27119 0.153846 0 0 0
1.32203 0.153846 0 0 0
1.37288 0.153846 0 0 0
1.42373 0.153846 0 0 0
1.47458 0.153846 0 0 0
1.52542 0.153846 0 0 0
1.57627 0.153846 0 0 0
1.62712 0.153846 0 0 0
1.67797 0.153846 0 0 0
1.72881 0.153846 0 0 0
1.77966 0.153846 0 0 0
1.83051 0.153846 0 0 0
1.88136 0.153846 0 0 0
1.9322 0.153846 0 0 0
1.98305 0.153846 0 0 0
2.0339 0.153846 1 0 0
2.08475 0.153846 1 8.2304e-23 -1.75613e-21
2.13559 0.153846 1 3.04536e-22 -3.1426e-21
2.18644 0.153846 1 5.53413e-22 -3.9007e-21
2.23729 0.153846 1 7.36925e-22 -3.99087e-21
2.28814 0.153846 1 8.09415e-22 -3.56725e-21
2.33898 0.153846 1 7.73753e-22 -2.86966e-21
2.38983 0.153846 1 6.63706e-22 -2.11713e-21
2.44068 0.153846 1 5.21158e-22 -1.45195e-21
2.49153 0.153846 1 3.8e-22 -9.353e-22
2.54237 0.153846 1 2.60083e-22 -5.70611e-22
2.59322 0.153846 1 1.68515e-22 -3.31949e-22
2.64407 0.153846 1 1.04071e-22 -1.85183e-22
2.69492 0.153846 1 6.16019e-23 -9.95411e-23
2.74576 0.153846 1 3.51027e-23 -5.17605e-23
2.79661 0.153846 1 1.93084e-23 -2.61134e-23
2.84746 0.153846 1 1.02316e-23 -1.27795e-23
2.89831 0.153846 1 5.11256e-24 -5.97091e-24
2.94915 0.153846 1 2.12262e-24 -2.37361e-24
3 0.153846 1 0 0

0 0.205128 3 0.5 0
0.0508475 0.205128 2.27053 0.648238 0.0143103
0.101695 0.205128 2.09572 0.681382 0.00947619
0.152542 0.205128 1.96626 0.67445 -0.00846111
0.20339 0.205128 1.80112 0.631193 -0.0278988
0.254237 0.205128 1.6075 0.553695 -0.0402443
0.305085 0.205128 1.42589 0.453875 -0.0432311
0.355932 0.205128 1.2829 0.349393 -0.0392065
0.40678 0.205128 1.18181 0.254907 -0.0318049
0.457627 0.205128 1.11436 0.177895 -0.0238458
0.508475 0.205128 1.07072 0.119642 -0.0168546
0.559322 0.205128 1.04303 0.0779584 -0.0113714
0.610169 0.205128 1.02575 0.0493959 -0.00738237
0.661017 0.205128 1.01515 0.0305064 -0.0046371
0.711864 0.205128 1.00876 0.0183836 -0.00282934
0.762712 0.205128 1.00499 0.0107959 -0.00168177
0.813559 0.205128 1.00282 0.00612837 -0.000974047
0.864407 0.205128 1.00163 0.00325407 -0.000541112
0.915254 0.205128 1.00104 0.00139381 -0.000255848
0.966102 0.205128 1.00093 0 0
1.01695 0.205128 0 0 0
1.0678 0.205128 0 0 0
1.11864 0.205128 0 0 0
1.16949 0.205128 0 0 0
1.22034 0.205128 0 0 0
1.27119 0.205128 0 0 0
1.32203 0.205128 0 0 0
1.37288 0.205128 0 0 0
1.42373 0.205128 0 0 0
1.47458 0.205128 0 0 0
1.52542 0.205128 0 0 0
1.57627 0.205128 0 0 0
1.62712 0.205128 0 0 0
1.67797 0.205128 0 0 0
1.72881 0.205128 0 0 0
1.77966 0.205128 0 0 0
1.83051 0.205128 0 0 0
1.88136 0.205128 0 0 0
1.9322 0.205128 0 0 0
1.98305 0.205128 0 0 0
2.0339 0.205128 1 0 0
2.08475 0.205128 1 3.61821e-22 -5.20032e-21
2.13559 0.205128 1 1.12045e-21 -9.26509e-21
2.18644 0.205128 1 1.9104e-21 -1.13961e-20
2.23729 0.205128 1 2.44705e-21 -1.15095e-20
2.28814 0.205128 1 2.60754e-21 -1.0126e-20
2.33898 0.205128 1 2.42695e-21 -8.00164e-21
2.38983 0.205128 1 2.03063e-21 -5.79138e-21
2.44068 0.205128 1 1.55711e-21 -3.89374e-21
2.49153 0.205128 1 1.10971e-21 -2.4582e-21
2.54237 0.205128 1 7.42917e-22 -1.46981e-21
2.59322 0.205128 1 4.71171e-22 -8.38196e-22
2.64407 0.205128 1 2.85022e-22 -4.58558e-22
2.69492 0.205128 1 1.65366e-22 -2.41839e-22
2.74576 0.205128 1 9.2426e-23 -1.23454e-22
2.79661 0.205128 1 4.99037e-23 -6.11861e-23
2.84746 0.205128 1 2.59845e-23 -2.94466e-23
2.89831 0.205128 1 1.27807e-23 -1.35586e-23
2.94915 0.205128 1 5.24037e-24 -5.33784e-24
3 0.205128 1 0 0

0 0.25641 3 0.5 0
0.0508475 0.25641 2.24106 0.656723 0.00748721
0.101695 0.25641 2.07177 0.694028 0.005806
0.152542 0.25641 1.96055 0.692349 -0.00430307
0.20339 0.25641 1.81463 0.655508 -0.0170159
0.254237 0.25641 1.63188 0.583176 -0.0264933
0.305085 0.25641 1.45135 0.484987 -0.0301189
0.355932 0.25641 1.30392 0.378265 -0.0285603
0.40678 0.25641 1.19717 0.279022 -0.0239949
0.457627 0.25641 1.12486 0.196459 -0.0184906
0.508475 0.25641 1.07762 0.133067 -0.0133538
0.559322 0.25641 1.04745 0.0872031 -0.00916416
0.610169 0.25641 1.02851 0.0555134 -0.00603113
0.661017 0.25641 1.01684 0.0344197 -0.00383055
0.711864 0.25641 1.00977 0.0208117 -0.00235858
0.762712 0.25641 1.00559 0.0122571 -0.00141236
0.813559 0.25641 1.00317 0.00697448 -0.000822459
0.864407 0.25641 1.00184 0.00370994 -0.000457864
0.915254 0.25641 1.00118 0.00159064 -0.000215639
0.966102 0.25641 1.00105 0 0
1.01695 0.25641 0 0 0
1.0678 0.25641 0 0 0
1.11864 0.25641 0 0 0
1.16949 0.25641 0 0 0
1.22034 0.25641 0 0 0
1.27119 0.25641 0 0 0
1.32203 0.25641 0 0 0
1.37288 0.25641 0 0 0
1.42373 0.25641 0 0 0
1.47458 0.25641 0 0 0
1.52542 0.25641 0 0 0
1.57627 0.25641 0 0 0
1.62712 0.25641 0 0 0
1.67797 0.25641 0 0 0
1.72881 0.25641 0 0 0
1.77966 0.25641 0 0 0
1.83051 0.25641 0 0 0
1.88136 0.25641 0 0 0
1.9322 0.25641 0 0 0
1.98305 0.25641 0 0 0
2.0339 0.25641 1 0 0
2.08475 0.25641 1 1.48174e-21 -1.54567e-20
2.13559 0.25641 1 4.06386e-21 -2.74022e-20
2.18644 0.25641 1 6.5624e-21 -3.33637e-20
2.23729 0.25641 1 8.10295e-21 -3.32156e-20
2.28814 0.25641 1 8.37658e-21 -2.87204e-20
2.33898 0.25641 1 7.58512e-21 -2.22599e-20
2.38983 0.25641 1 6.18403e-21 -1.57837e-20
2.44068 0.25641 1 4.62561e-21 -1.03903e-20
2.49153 0.25641 1 3.21853e-21 -6.4217e-21
2.54237 0.25641 1 2.10547e-21 -3.75951e-21
2.59322 0.25641 1 1.30586e-21 -2.09995e-21
2.64407 0.25641 1 7.73114e-22 -1.12582e-21
2.69492 0.25641 1 4.39335e-22 -5.82204e-22
2.74576 0.25641 1 2.40695e-22 -2.91622e-22
2.79661 0.25641 1 1.27496e-22 -1.41929e-22
2.84746 0.25641 1 6.51999e-23 -6.71451e-23
2.89831 0.25641 1 3.1553e-23 -3.04548e-23
2.94915 0.25641 1 1.27715e-23 -1.18675e-23
3 0.25641 1 0 0

0 0.307692 3 0.5 0
0.0508475 0.307692 2.22671 0.660421 0.00367587
0.101695 0.307692 2.05823 0.69932 0.00309881
0.152542 0.307692 1.95593 0.700008 -0.00234708
0.20339 0.307692 1.8212 0.666863 -0.0100352
0.254237 0.307692 1.64585 0.598301 -0.0164876
0.305085 0.307692 1.46699 0.502261 -0.0196136
0.355932 0.307692 1.31747 0.395335 -0.0193223
0.40678 0.307692 1.20742 0.294005 -0.0167541
0.457627 0.307692 1.13206 0.208456 -0.0132477
0.508475 0.307692 1.08246 0.142019 -0.00976992
0.559322 0.307692 1.05059 0.0935259 -0.00682023
0.610169 0.307692 1.03051 0.0597852 -0.00455206
0.661017 0.307692 1.01807 0.0372 -0.00292513
0.711864 0.307692 1.01052 0.022562 -0.00181882
0.762712 0.307692 1.00603 0.0133235 -0.00109808
0.813559 0.307692 1.00343 0.00759857 -0.00064352
0.864407 0.307692 1.002 0.00404926 -0.00035951
0.915254 0.307692 1.00128 0.00173839 -0.000169092
0.966102 0.307692 1.00115 0 0
1.01695 0.307692 0 0 0
1.0678 0.307692 0 0 0
1.11864 0.307692 0 0 0
1.16949 0.307692 0 0 0
1.22034 0.307692 0 0 0
1.27119 0.307692 0 0 0
1.32203 0.307692 0 0 0
1.37288 0.307692 0 0 0
1.42373 0.307692 0 0 0
1.47458 0.307692 0 0 0
1.52542 0.307692 0 0 0
1.57627 0.307692 0 0 0
1.62712 0.307692 0 0 0
1.67797 0.307692 0 0 0
1.72881 0.307692 0 0 0
1.77966 0.307692 0 0 0
1.83051 0.307692 0 0 0
1.88136 0.307692 0 0 0
1.9322 0.307692 0 0 0
1.98305 0.307692 0 0 0
2.0339 0.307692 1 0 0
2.08475 0.307692 1 5.7912e-21 -4.59918e-20
2.13559 0.307692 1 1.45455e-20 -8.1073e-20
2.18644 0.307692 1 2.24059e-20 -9.7573e-20
2.23729 0.307692 1 2.67109e-20 -9.55846e-20
2.28814 0.307692 1 2.67808e-20 -8.10721e-20
2.33898 0.307692 1 2.35694e-20 -6.15142e-20
2.38983 0.307692 1 1.87e-20 -4.26545e-20
2.44068 0.307692 1 1.36258e-20 -2.74477e-20
2.49153 0.307692 1 9.2444e-21 -1.65828e-20
2.54237 0.307692 1 5.90184e-21 -9.49294e-21
2.59322 0.307692 1 3.57549e-21 -5.18751e-21
2.64407 0.307692 1 2.0695e-21 -2.72258e-21
2.69492 0.307692 1 1.15074e-21 -1.37932e-21
2.74576 0.307692 1 6.1743e-22 -6.77376e-22
2.79661 0.307692 1 3.20598e-22 -3.235e-22
2.84746 0.307692 1 1.60903e-22 -1.50349e-22
2.89831 0.307692 1 7.65662e-23 -6.71336e-23
2.94915 0.307692 1 3.05806e-23 -2.58801e-23
3 0.307692 1 0 0

0 0.358974 3 0.5 0
0.0508475 0.358974 2.22044 0.662029 0.00169216
0.101695 0.358974 2.05173 0.701525 0.00147503
0.152542 0.358974 1.95348 0.703201 -0.00133936
0.20339 0.358974 1.82468 0.671986 -0.0056853
0.254237 0.358974 1.65376 0.605767 -0.00968863
0.305085 0.358974 1.47627 0.51145 -0.011954
0.355932 0.358974 1.32582 0.404971 -0.0121678
0.40678 0.358974 1.21393 0.302871 -0.0108517
0.457627 0.358974 1.13674 0.215828 -0.00878665
0.508475 0.358974 1.08567 0.147692 -0.0066099
0.559322 0.358974 1.05271 0.0976346 -0.00469158
0.610169 0.358974 1.03187 0.0626199 -0.00317544
0.661017 0.358974 1.01893 0.0390777 -0.0020649
0.711864 0.358974 1.01104 0.0237619 -0.00129706
0.762712 0.358974 1.00635 0.014064 -0.000789889
0.813559 0.358974 1.00362 0.00803667 -0.000466172
0.864407 0.358974 1.00211 0.00428971 -0.000261622
0.915254 0.358974 1.00136 0.00184398 -0.000123107
0.966102 0.358974 1.00121 0 0
1.01695 0.358974 0 0 0
1.0678 0.358974 0 0 0
1.11864 0.358974 0 0 0
1.16949 0.358974 0 0 0
1.22034 0.358974 0 0 0
1.27119 0.358974 0 0 0
1.32203 0.358974 0 0 0
1.37288 0.358974 0 0 0
1.42373 0.358974 0 0 0
1.47458 0.358974 0 0 0
1.52542 0.358974 0 0 0
1.57627 0.358974 0 0 0
1.62712 0.358974 0 0 0
1.67797 0.358974 0 0 0
1.72881 0.358974 0 0 0
1.77966 0.358974 0 0 0
1.83051 0.358974 0 0 0
1.88136 0.358974 0 0 0
1.9322 0.358974 0 0 0
1.98305 0.358974 0 0 0
2.0339 0.358974 1 0 0
2.08475 0.358974 1 2.19545e-20 -1.37022e-19
2.13559 0.358974 1 5.15282e-20 -2.39937e-19
2.18644 0.358974 1 7.6083e-20 -2.84939e-19
2.23729 0.358974 1 8.7635e-20 -2.74072e-19
2.28814 0.358974 1 8.51531e-20 -2.27518e-19
2.33898 0.358974 1 7.27405e-20 -1.68629e-19
2.38983 0.358974 1 5.60785e-20 -1.14112e-19
2.44068 0.358974 1 3.97445e-20 -7.16454e-20
2.49153 0.358974 1 2.6253e-20 -4.22418e-20
2.54237 0.358974 1 1.63345e-20 -2.36101e-20
2.59322 0.358974 1 9.65396e-21 -1.26055e-20
2.64407 0.358974 1 5.45652e-21 -6.46892e-21
2.69492 0.358974 1 2.96573e-21 -3.20734e-21
2.74576 0.358974 1 1.55692e-21 -1.54289e-21
2.79661 0.358974 1 7.91785e-22 -7.22486e-22
2.84746 0.358974 1 3.89696e-22 -3.29629e-22
2.89831 0.358974 1 1.82218e-22 -1.448e-22
2.94915 0.358974 1 7.17806e-23 -5.51919e-23
3 0.358974 1 0 0

0 0.410256 3 0.5 0
0.0508475 0.410256 2.21773 0.662727 0.00076904
0.101695 0.410256 2.0487 0.702436 0.00072124
0.152542 0.410256 1.95225 0.704493 -0.000612903
0.20339 0.410256 1.82645 0.674207 -0.00285893
0.254237 0.410256 1.65801 0.60929 -0.00510439
0.305085 0.410256 1.48146 0.516098 -0.00654022
0.355932 0.410256 1.33063 0.410116 -0.00687442
0.40678 0.410256 1.21779 0.307814 -0.00630103
0.457627 0.410256 1.13959 0.220085 -0.00522219
0.508475 0.410256 1.08765 0.151063 -0.00400712
0.559322 0.410256 1.05405 0.100135 -0.00289278
0.610169 0.410256 1.03274 0.0643802 -0.00198672
0.661017 0.410256 1.01948 0.0402639 -0.00130839
0.711864 0.410256 1.01139 0.0245312 -0.000831034
0.762712 0.410256 1.00655 0.0145447 -0.000511019
0.813559 0.410256 1.00374 0.00832422 -0.000304071
0.864407 0.410256 1.00218 0.00444901 -0.000171672
0.915254 0.410256 1.00141 0.00191452 -8.09679e-05
0.966102 0.410256 1.00125 0 0
1.01695 0.410256 0 0 0
1.0678 0.410256 0 0 0
1.11864 0.410256 0 0 0
1.16949 0.410256 0 0 0
1.22034 0.410256 0 0 0
1.27119 0.410256 0 0 0
1.32203 0.410256 0 0 0
1.37288 0.410256 0 0 0
1.42373 0.410256 0 0 0
1.47458 0.410256 0 0 0
1.52542 0.410256 0 0 0
1.57627 0.410256 0 0 0
1.62712 0.410256 0 0 0
1.67797 0.410256 0 0 0
1.72881 0.410256 0 0 0
1.77966 0.410256 0 0 0
1.83051 0.410256 0 0 0
1.88136 0.410256 0 0 0
1.9322 0.410256 0 0 0
1.98305 0.410256 0 0 0
2.0339 0.410256 1 0 0
2.08475 0.410256 1 8.15378e-20 -4.08983e-19
2.13559 0.410256 1 1.81114e-19 -7.10512e-19
2.18644 0.410256 1 2.57099e-19 -8.3077e-19
2.23729 0.410256 1 2.86099e-19 -7.82588e-19
2.28814 0.410256 1 2.69078e-19 -6.34218e-19
2.33898 0.410256 1 2.2273e-19 -4.58003e-19
2.38983 0.410256 1 1.66552e-19 -3.01765e-19
2.44068 0.410256 1 1.14614e-19 -1.84478e-19
2.49153 0.410256 1 7.35907e-20 -1.05951e-19
2.54237 0.410256 1 4.45576e-20 -5.77251e-20
2.59322 0.410256 1 2.56556e-20 -3.00678e-20
2.64407 0.410256 1 1.4143e-20 -1.50686e-20
2.69492 0.410256 1 7.50561e-21 -7.30361e-21
2.74576 0.410256 1 3.85141e-21 -3.43829e-21
2.79661 0.410256 1 1.91668e-21 -1.57733e-21
2.84746 0.410256 1 9.24367e-22 -7.05934e-22
2.89831 0.410256 1 4.24431e-22 -3.04867e-22
2.94915 0.410256 1 1.64827e-22 -1.14829e-22
3 0.410256 1 0 0

0 0.461538 3 0.5 0
0.0508475 0.461538 2.21656 0.663039 0.00041256
0.101695 0.461538 2.04727 0.70283 0.000545112
0.152542 0.461538 1.95151 0.70501 0.000130421
0.20339 0.461538 1.82708 0.675108 -0.000760876
0.254237 0.461538 1.6599 0.610807 -0.00177713
0.305085 0.461538 1.48394 0.518216 -0.0025391
0.355932 0.461538 1.33304 0.412574 -0.00285271
0.40678 0.461538 1.21978 0.310267 -0.00274404
0.457627 0.461538 1.1411 0.222266 -0.0023623
0.508475 0.461538 1.08873 0.152837 -0.00187036
0.559322 0.461538 1.05479 0.101482 -0.00138663
0.610169 0.461538 1.03323 0.065347 -0.000974502
0.661017 0.461538 1.01979 0.0409266 -0.000654899
0.711864 0.461538 1.01158 0.0249673 -0.000423511
0.762712 0.461538 1.00667 0.0148209 -0.000264637
0.813559 0.461538 1.00382 0.0084913 -0.0001597
0.864407 0.461538 1.00223 0.00454249 -9.11993e-05
0.915254 0.461538 1.00144 0.00195626 -4.33215e-05
0.966102 0.461538 1.00128 0 0
1.01695 0.461538 0 0 0
1.0678 0.461538 0 0 0
1.11864 0.461538 0 0 0
1.16949 0.461538 0 0 0
1.22034 0.461538 0 0 0
1.27119 0.461538 0 0 0
1.32203 0.461538 0 0 0
1.37288 0.461538 0 0 0
1.42373 0.461538 0 0 0
1.47458 0.461538 0 0 0
1.52542 0.461538 0 0 0
1.57627 0.461538 0 0 0
1.62712 0.461538 0 0 0
1.67797 0.461538 0 0 0
1.72881 0.461538 0 0 0
1.77966 0.461538 0 0 0
1.83051 0.461538 0 0 0
1.88136 0.461538 0 0 0
1.9322 0.461538 0 0 0
1.98305 0.461538 0 0 0
2.0339 0.461538 1 0 0
2.08475 0.461538 1 2.9865e-19 -1.22392e-18
2.13559 0.461538 1 6.32882e-19 -2.10593e-18
2.18644 0.461538 1 8.64971e-19 -2.41785e-18
2.23729 0.461538 1 9.29055e-19 -2.22377e-18
2.28814 0.461538 1 8.4422e-19 -1.75421e-18
2.33898 0.461538 1 6.75749e-19 -1.23072e-18
2.38983 0.461538 1 4.89117e-19 -7.87443e-19
2.44068 0.461538 1 3.26183e-19 -4.67656e-19
2.49153 0.461538 1 2.03215e-19 -2.61112e-19
2.54237 0.461538 1 1.19544e-19 -1.38427e-19
2.59322 0.461538 1 6.6962e-20 -7.02359e-20
2.64407 0.461538 1 3.59571e-20 -3.43279e-20
2.69492 0.461538 1 1.86108e-20 -1.62466e-20
2.74576 0.461538 1 9.32543e-21 -7.47747e-21
2.79661 0.461538 1 4.53739e-21 -3.35782e-21
2.84746 0.461538 1 2.14261e-21 -1.47307e-21
2.89831 0.461538 1 9.65415e-22 -6.24996e-22
2.94915 0.461538 1 3.69439e-22 -2.32487e-22
3 0.461538 1 0 0

0 0.512821 3 0.5 0
0.0508475 0.512821 2.21599 0.663211 0.000371361
0.101695 0.512821 2.04642 0.703048 0.000792547
0.152542 0.512821 1.95072 0.705231 0.00111981
0.20339 0.512821 1.8267 0.675385 0.00124637
0.254237 0.512821 1.66002 0.611227 0.00115415
0.305085 0.512821 1.48441 0.518815 0.000906696
0.355932 0.512821 1.33364 0.413306 0.000603909
0.40678 0.512821 1.22035 0.311037 0.000330558
0.457627 0.512821 1.14157 0.222984 0.000129961
0.508475 0.512821 1.08909 0.153447 7.50265e-06
0.559322 0.512821 1.05505 0.101962 -5.25179e-05
0.610169 0.512821 1.03341 0.0657037 -7.15916e-05
0.661017 0.512821 1.01991 0.0411785 -6.83783e-05
0.711864 0.512821 1.01166 0.0251377 -5.5801e-05
0.762712 0.512821 1.00672 0.0149314 -4.13295e-05
0.813559 0.512821 1.00385 0.00855955 -2.84137e-05
0.864407 0.512821 1.00225 0.00458136 -1.79234e-05
0.915254 0.512821 1.00145 0.00197387 -9.11508e-06
0.966102 0.512821 1.00129 0 0
1.01695 0.512821 0 0 0
1.0678 0.512821 0 0 0
1.11864 0.512821 0 0 0
1.16949 0.512821 0 0 0
1.22034 0.512821 0 0 0
1.27119 0.512821 0 0 0
1.32203 0.512821 0 0 0
1.37288 0.512821 0 0 0
1.42373 0.512821 0 0 0
1.47458 0.512821 0 0 0
1.52542 0.512821 0 0 0
1.57627 0.512821 0 0 0
1.62712 0.512821 0 0 0
1.67797 0.512821 0 0 0
1.72881 0.512821 0 0 0
1.77966 0.512821 0 0 0
1.83051 0.512821 0 0 0
1.88136 0.512821 0 0 0
1.9322 0.512821 0 0 0
1.98305 0.512821 0 0 0
2.0339 0.512821 1 0 0
2.08475 0.512821 1 1.08413e-18 -3.67583e-18
2.13559 0.512821 1 2.20243e-18 -6.2497e-18
2.18644 0.512821 1 2.89815e-18 -7.02161e-18
2.23729 0.512821 1 2.99912e-18 -6.28233e-18
2.28814 0.512821 1 2.6267e-18 -4.80823e-18
2.33898 0.512821 1 2.02817e-18 -3.26601e-18
2.38983 0.512821 1 1.41759e-18 -2.02323e-18
2.44068 0.512821 1 9.14149e-19 -1.16442e-18
2.49153 0.512821 1 5.5154e-19 -6.30677e-19
2.54237 0.512821 1 3.14685e-19 -3.24714e-19
2.59322 0.512821 1 1.71222e-19 -1.60222e-19
2.64407 0.512821 1 8.94414e-20 -7.6263e-20
2.69492 0.512821 1 4.50985e-20 -3.5202e-20
2.74576 0.512821 1 2.20447e-20 -1.5824e-20
2.79661 0.512821 1 1.0478e-20 -6.94993e-21
2.84746 0.512821 1 4.84099e-21 -2.9865e-21
2.89831 0.512821 1 2.13915e-21 -1.24406e-21
2.94915 0.512821 1 8.06276e-22 -4.56771e-22
3 0.512821 1 0 0

0 0.564103 3 0.5 0
0.0508475 0.564103 2.2156 0.663358 0.000554709
0.101695 0.564103 2.04558 0.703242 0.00148036
0.152542 0.564103 1.9494 0.705326 0.0026676
0.20339 0.564103 1.82505 0.675253 0.0038029
0.254237 0.564103 1.65836 0.610831 0.00453085
0.305085 0.564103 1.483 0.518225 0.00465728
0.355932 0.564103 1.3326 0.412647 0.00423622
0.40678 0.564103 1.21965 0.310425 0.00348663
0.457627 0.564103 1.14111 0.222483 0.00264637
0.508475 0.564103 1.08881 0.153074 0.00188059
0.559322 0.564103 1.05488 0.101705 0.00126582
0.610169 0.564103 1.03331 0.0655359 0.00081408
0.661017 0.564103 1.01986 0.0410747 0.000503516
0.711864 0.564103 1.01163 0.0250763 0.000300971
0.762712 0.564103 1.00671 0.0148966 0.000174426
0.813559 0.564103 1.00384 0.00854072 9.79532e-05
0.864407 0.564103 1.00224 0.00457189 5.23425e-05
0.915254 0.564103 1.00145 0.00197002 2.35512e-05
0.966102 0.564103 1.00128 0 0
1.01695 0.564103 0 0 0
1.0678 0.564103 0 0 0
1.11864 0.564103 0 0 0
1.16949 0.564103 0 0 0
1.22034 0.564103 0 0 0
1.27119 0.564103 0 0 0
1.32203 0.564103 0 0 0
1.37288 0.564103 0 0 0
1.42373 0.564103 0 0 0
1.47458 0.564103 0 0 0
1.52542 0.564103 0 0 0
1.57627 0.564103 0 0 0
1.62712 0.564103 0 0 0
1.67797 0.564103 0 0 0
1.72881 0.564103 0 0 0
1.77966 0.564103 0 0 0
1.83051 0.564103 0 0 0
1.88136 0.564103 0 0 0
1.9322 0.564103 0 0 0
1.98305 0.564103 0 0 0
2.0339 0.564103 1 0 0
2.08475 0.564103 1 3.91665e-18 -1.10931e-17
2.13559 0.564103 1 7.64491e-18 -1.85748e-17
2.18644 0.564103 1 9.67156e-18 -2.03336e-17
2.23729 0.564103 1 9.61536e-18 -1.76218e-17
2.28814 0.564103 1 8.09197e-18 -1.30398e-17
2.33898 0.564103 1 6.01008e-18 -8.53985e-18
2.38983 0.564103 1 4.04543e-18 -5.10467e-18
2.44068 0.564103 1 2.51647e-18 -2.8395e-18
2.49153 0.564103 1 1.46724e-18 -1.4884e-18
2.54237 0.564103 1 8.10463e-19 -7.42698e-19
2.59322 0.564103 1 4.27679e-19 -3.55749e-19
2.64407 0.564103 1 2.17039e-19 -1.64666e-19
2.69492 0.564103 1 1.0649e-19 -7.40415e-20
2.74576 0.564103 1 5.07307e-20 -3.24758e-20
2.79661 0.564103 1 2.35359e-20 -1.39394e-20
2.84746 0.564103 1 1.06318e-20 -5.86352e-21
2.89831 0.564103 1 4.60467e-21 -2.39664e-21
2.94915 0.564103 1 1.70876e-21 -8.68094e-22
3 0.564103 1 0 0

0 0.615385 3 0.5 0
0.0508475 0.615385 2.21518 0.663538 0.000986492
0.101695 0.615385 2.04435 0.703459 0.0028178
0.152542 0.615385 1.94696 0.705266 0.00528704
0.20339 0.615385 1.82153 0.674583 0.00770679
0.254237 0.615385 1.6544 0.60942 0.00929477
0.305085 0.615385 1.47936 0.516232 0.00962648
0.355932 0.615385 1.32969 0.410419 0.00881027
0.40678 0.615385 1.21753 0.308303 0.00729929
0.457627 0.615385 1.13967 0.220685 0.00558417
0.508475 0.615385 1.08786 0.151677 0.00400631
0.559322 0.615385 1.05427 0.100691 0.00272706
0.610169 0.615385 1.03293 0.0648385 0.00177647
0.661017 0.615385 1.01963 0.0406157 0.00111458
0.711864 0.615385 1.01149 0.0247857 0.000676743
0.762712 0.615385 1.00663 0.0147192 0.000398883
0.813559 0.615385 1.00379 0.00843696 0.000228037
0.864407 0.615385 1.00222 0.00451551 0.000124052
0.915254 0.615385 1.00143 0.0019454 5.66862e-05
0.966102 0.615385 1.00127 0 0
1.01695 0.615385 0 0 0
1.0678 0.615385 0 0 0
1.11864 0.615385 0 0 0
1.16949 0.615385 0 0 0
1.22034 0.615385 0 0 0
1.27119 0.615385 0 0 0
1.32203 0.615385 0 0 0
1.37288 0.615385 0 0 0
1.42373 0.615385 0 0 0
1.47458 0.615385 0 0 0
1.52542 0.615385 0 0 0
1.57627 0.615385 0 0 0
1.62712 0.615385 0 0 0
1.67797 0.615385 0 0 0
1.72881 0.615385 0 0 0
1.77966 0.615385 0 0 0
1.83051 0.615385 0 0 0
1.88136 0.615385 0 0 0
1.9322 0.615385 0 0 0
1.98305 0.615385 0 0 0
2.0339 0.615385 1 0 0
2.08475 0.615385 1 1.41372e-17 -3.36963e-17
2.13559 0.615385 1 2.651e-17 -5.52929e-17
2.18644 0.615385 1 3.21384e-17 -5.86498e-17
2.23729 0.615385 1 3.05716e-17 -4.89882e-17
2.28814 0.615385 1 2.46308e-17 -3.49281e-17
2.33898 0.615385 1 1.75424e-17 -2.19352e-17
2.38983 0.615385 1 1.13353e-17 -1.26029e-17
2.44068 0.615385 1 6.7833e-18 -6.75769e-18
2.49153 0.615385 1 3.81338e-18 -3.41943e-18
2.54237 0.615385 1 2.0354e-18 -1.6499e-18
2.59322 0.615385 1 1.04002e-18 -7.65744e-19
2.64407 0.615385 1 5.12055e-19 -3.44164e-19
2.69492 0.615385 1 2.44202e-19 -1.50574e-19
2.74576 0.615385 1 1.13277e-19 -6.4384e-20
2.79661 0.615385 1 5.12589e-20 -2.69884e-20
2.84746 0.615385 1 2.26261e-20 -1.11065e-20
2.89831 0.615385 1 9.60006e-21 -4.45217e-21
2.94915 0.615385 1 3.5063e-21 -1.59016e-21
3 0.615385 1 0 0

0 0.666667 3 0.5 0
0.0508475 0.666667 2.21471 0.663756 0.00180395
0.101695 0.666667 2.0423 0.70363 0.0052771
0.152542 0.666667 1.94255 0.70478 0.0098347
0.20339 0.666667 1.81498 0.672848 0.0140709
0.254237 0.666667 1.647 0.606274 0.0166009
0.305085 0.666667 1.47254 0.512069 0.0168283
0.355932 0.666667 1.32427 0.405935 0.01511
0.40678 0.666667 1.21362 0.30414 0.0123193
0.457627 0.666667 1.137 0.217219 0.00930356
0.508475 0.666667 1.0861 0.149019 0.00660787
0.559322 0.666667 1.05315 0.0987771 0.00446386
0.610169 0.666667 1.03223 0.0635285 0.0028918
0.661017 0.666667 1.0192 0.0397561 0.00180742
0.711864 0.666667 1.01124 0.0242419 0.00109476
0.762712 0.666667 1.00648 0.0143871 0.000644468
0.813559 0.666667 1.0037 0.00824244 0.000368363
0.864407 0.666667 1.00216 0.00440961 0.000200544
0.915254 0.666667 1.0014 0.00189911 9.17873e-05
0.966102 0.666667 1.00124 0 0
1.01695 0.666667 0 0 0
1.0678 0.666667 0 0 0
1.11864 0.666667 0 0 0
1.16949 0.666667 0 0 0
1.22034 0.666667 0 0 0
1.27119 0.666667 0 0 0
1.32203 0.666667 0 0 0
1.37288 0.666667 0 0 0
1.42373 0.666667 0 0 0
1.47458 0.666667 0 0 0
1.52542 0.666667 0 0 0
1.57627 0.666667 0 0 0
1.62712 0.666667 0 0 0
1.67797 0.666667 0 0 0
1.72881 0.666667 0 0 0
1.77966 0.666667 0 0 0
1.83051 0.666667 0 0 0
1.88136 0.666667 0 0 0
1.9322 0.666667 0 0 0
1.98305 0.666667 0 0 0
2.0339 0.666667 1 0 0
2.08475 0.666667 1 5.12015e-17 -1.03276e-16
2.13559 0.666667 1 9.19951e-17 -1.64795e-16
2.18644 0.666667 1 1.06257e-16 -1.68167e-16
2.23729 0.666667 1 9.61643e-17 -1.3464e-16
2.28814 0.666667 1 7.3873e-17 -9.2246e-17
2.33898 0.666667 1 5.02978e-17 -5.5112e-17
2.38983 0.666667 1 3.1078e-17 -3.03072e-17
2.44068 0.666667 1 1.7836e-17 -1.56296e-17
2.49153 0.666667 1 9.64493e-18 -7.61279e-18
2.54237 0.666667 1 4.96487e-18 -3.54281e-18
2.59322 0.666667 1 2.45248e-18 -1.59009e-18
2.64407 0.666667 1 1.16996e-18 -6.9294e-19
2.69492 0.666667 1 5.41772e-19 -2.94667e-19
2.74576 0.666667 1 2.44505e-19 -1.22733e-19
2.79661 0.666667 1 1.0785e-19 -5.02146e-20
2.84746 0.666667 1 4.64973e-20 -2.02085e-20
2.89831 0.666667 1 1.93203e-20 -7.94197e-21
2.94915 0.666667 1 6.9435e-21 -2.79607e-21
3 0.666667 1 0 0

0 0.717949 3 0.5 0
0.0508475 0.717949 2.21427 0.663924 0.00331418
0.101695 0.717949 2.03879 0.703444 0.00975723
0.152542 0.717949 1.93467 0.703134 0.0177105
0.20339 0.717949 1.80343 0.668863 0.0244687
0.254237 0.717949 1.63422 0.599941 0.0278679
0.305085 0.717949 1.46106 0.504284 0.0273473
0.355932 0.717949 1.31533 0.397965 0.023867
0.40678 0.717949 1.20727 0.297011 0.0189964
0.457627 0.717949 1.13273 0.211453 0.0140631
0.508475 0.717949 1.08333 0.144696 0.00982684
0.559322 0.717949 1.0514 0.0957204 0.00655097
0.610169 0.717949 1.03115 0.0614663 0.00419848
0.661017 0.717949 1.01854 0.0384182 0.00260132
0.711864 0.717949 1.01085 0.0234033 0.00156452
0.762712 0.717949 1.00625 0.0138788 0.00091581
0.813559 0.717949 1.00357 0.0079464 0.000521183
0.864407 0.717949 1.00209 0.0042492 0.00028292
0.915254 0.717949 1.00135 0.00182927 0.000129348
0.966102 0.717949 1.0012 0 0
1.01695 0.717949 0 0 0
1.0678 0.717949 0 0 0
1.11864 0.717949 0 0 0
1.16949 0.717949 0 0 0
1.22034 0.717949 0 0 0
1.27119 0.717949 0 0 0
1.32203 0.717949 0 0 0
1.37288 0.717949 0 0 0
1.42373 0.717949 0 0 0
1.47458 0.717949 0 0 0
1.52542 0.717949 0 0 0
1.57627 0.717949 0 0 0
1.62712 0.717949 0 0 0
1.67797 0.717949 0 0 0
1.72881 0.717949 0 0 0
1.77966 0.717949 0 0 0
1.83051 0.717949 0 0 0
1.88136 0.717949 0 0 0
1.9322 0.717949 0 0 0
1.98305 0.717949 0 0 0
2.0339 0.717949 1 0 0
2.08475 0.717949 1 1.87028e-16 -3.20557e-16
2.13559 0.717949 1 3.20188e-16 -4.91175e-16
2.18644 0.717949 1 3.48857e-16 -4.77703e-16
2.23729 0.717949 1 2.98045e-16 -3.64697e-16
2.28814 0.717949 1 2.17573e-16 -2.39977e-16
2.33898 0.717949 1 1.41284e-16 -1.34543e-16
2.38983 0.717949 1 8.30002e-17 -7.05429e-17
2.44068 0.717949 1 4.55209e-17 -3.49655e-17
2.49153 0.717949 1 2.3626e-17 -1.63325e-17
2.54237 0.717949 1 1.17076e-17 -7.30906e-18
2.59322 0.717949 1 5.58201e-18 -3.1662e-18
2.64407 0.717949 1 2.57695e-18 -1.33616e-18
2.69492 0.717949 1 1.15763e-18 -5.51789e-19
2.74576 0.717949 1 5.07984e-19 -2.2375e-19
2.79661 0.717949 1 2.18331e-19 -8.93194e-20
2.84746 0.717949 1 9.19139e-20 -3.51453e-20
2.89831 0.717949 1 3.73957e-20 -1.35393e-20
2.94915 0.717949 1 1.32233e-20 -4.69763e-21
3 0.717949 1 0 0

0 0.769231 3 0.5 0
0.0508475 0.769231 2.21459 0.66367 0.00623457
0.101695 0.769231 2.03313 0.701963 0.0180035
0.152542 0.769231 1.92116 0.698613 0.0311889
0.20339 0.769231 1.78395 0.660293 0.0410345
0.254237 0.769231 1.61329 0.587882 0.0446792
0.305085 0.769231 1.44279 0.490571 0.0421465
0.355932 0.769231 1.30149 0.384692 0.0355664
0.40678 0.769231 1.19766 0.285638 0.0275275
0.457627 0.769231 1.1264 0.20256 0.0199165
0.508475 0.769231 1.07929 0.138205 0.0136591
0.559322 0.769231 1.04887 0.0912291 0.00896791
0.610169 0.769231 1.0296 0.058489 0.00567616
0.661017 0.769231 1.01761 0.0365143 0.00348088
0.711864 0.769231 1.0103 0.0222241 0.0020758
0.762712 0.769231 1.00593 0.0131709 0.00120663
0.813559 0.769231 1.00339 0.00753752 0.000682906
0.864407 0.769231 1.00198 0.00402918 0.000369306
0.915254 0.769231 1.00128 0.00173404 0.000168565
0.966102 0.769231 1.00114 0 0
1.01695 0.769231 0 0 0
1.0678 0.769231 0 0 0
1.11864 0.769231 0 0 0
1.16949 0.769231 0 0 0
1.22034 0.769231 0 0 0
1.27119 0.769231 0 0 0
1.32203 0.769231 0 0 0
1.37288 0.769231 0 0 0
1.42373 0.769231 0 0 0
1.47458 0.769231 0 0 0
1.52542 0.769231 0 0 0
1.57627 0.769231 0 0 0
1.62712 0.769231 0 0 0
1.67797 0.769231 0 0 0
1.72881 0.769231 0 0 0
1.77966 0.769231 0 0 0
1.83051 0.769231 0 0 0
1.88136 0.769231 0 0 0
1.9322 0.769231 0 0 0
1.98305 0.769231 0 0 0
2.0339 0.769231 1 0 0
2.08475 0.769231 1 6.90016e-16 -9.70879e-16
2.13559 0.769231 1 1.11803e-15 -1.41715e-15
2.18644 0.769231 1 1.13582e-15 -1.2935e-15
2.23729 0.769231 1 9.06984e-16 -9.2746e-16
2.28814 0.769231 1 6.27268e-16 -5.73192e-16
2.33898 0.769231 1 3.88227e-16 -3.15183e-16
2.38983 0.769231 1 2.14463e-16 -1.57537e-16
2.44068 0.769231 1 1.11997e-16 -7.53581e-17
2.49153 0.769231 1 5.57359e-17 -3.3515e-17
2.54237 0.769231 1 2.65418e-17 -1.43732e-17
2.59322 0.769231 1 1.21951e-17 -6.00039e-18
2.64407 0.769231 1 5.44209e-18 -2.45015e-18
2.69492 0.769231 1 2.37007e-18 -9.82163e-19
2.74576 0.769231 1 1.0109e-18 -3.8764e-19
2.79661 0.769231 1 4.2332e-19 -1.50976e-19
2.84746 0.769231 1 1.74028e-19 -5.80879e-20
2.89831 0.769231 1 6.93369e-20 -2.19386e-20
2.94915 0.769231 1 2.41261e-20 -7.50174e-21
3 0.769231 1 0 0

0 0.820513 3 0.5 0
0.0508475 0.820513 2.21304 0.661908 0.0116019
0.101695 0.820513 2.01871 0.696648 0.0325075
0.152542 0.820513 1.89472 0.687387 0.0531565
0.20339 0.820513 1.75051 0.642777 0.0660257
0.254237 0.820513 1.57992 0.566025 0.068256
0.305085 0.820513 1.41502 0.467681 0.0615807
0.355932 0.820513 1.28116 0.36383 0.0500831
0.40678 0.820513 1.18392 0.268562 0.0376232
0.457627 0.820513 1.11753 0.189672 0.0265791
0.508475 0.820513 1.07372 0.129059 0.0178845
0.559322 0.820513 1.04544 0.0850417 0.0115637
0.610169 0.820513 1.02753 0.0544613 0.00722898
0.661017 0.820513 1.01638 0.0339766 0.0043884
0.711864 0.820513 1.00958 0.0206715 0.00259521
0.762712 0.820513 1.00551 0.0122485 0.0014983
0.813559 0.820513 1.00315 0.00700951 0.000843577
0.864407 0.820513 1.00184 0.00374731 0.000454745
0.915254 0.820513 1.00119 0.00161292 0.000207385
0.966102 0.820513 1.00106 0 0
1.01695 0.820513 0 0 0
1.0678 0.820513 0 0 0
1.11864 0.820513 0 0 0
1.16949 0.820513 0 0 0
1.22034 0.820513 0 0 0
1.27119 0.820513 0 0 0
1.32203 0.820513 0 0 0
1.37288 0.820513 0 0 0
1.42373 0.820513 0 0 0
1.47458 0.820513 0 0 0
1.52542 0.820513 0 0 0
1.57627 0.820513 0 0 0
1.62712 0.820513 0 0 0
1.67797 0.820513 0 0 0
1.72881 0.820513 0 0 0
1.77966 0.820513 0 0 0
1.83051 0.820513 0 0 0
1.88136 0.820513 0 0 0
1.9322 0.820513 0 0 0
1.98305 0.820513 0 0 0
2.0339 0.820513 1 0 0
2.08475 0.820513 1 2.67403e-15 -3.01144e-15
2.13559 0.820513 1 3.93063e-15 -4.03486e-15
2.18644 0.820513 1 3.64293e-15 -3.37504e-15
2.23729 0.820513 1 2.68005e-15 -2.23587e-15
2.28814 0.820513 1 1.71124e-15 -1.28718e-15
2.33898 0.820513 1 9.92636e-16 -6.78045e-16
2.38983 0.820513 1 5.28535e-16 -3.33639e-16
2.44068 0.820513 1 2.62936e-16 -1.56705e-16
2.49153 0.820513 1 1.25957e-16 -6.49636e-17
2.54237 0.820513 1 5.74807e-17 -2.66495e-17
2.59322 0.820513 1 2.54007e-17 -1.07242e-17
2.64407 0.820513 1 1.09478e-17 -4.23742e-18
2.69492 0.820513 1 4.62148e-18 -1.64886e-18
2.74576 0.820513 1 1.9164e-18 -6.33521e-19
2.79661 0.820513 1 7.82174e-19 -2.40818e-19
2.84746 0.820513 1 3.14155e-19 -9.06433e-20
2.89831 0.820513 1 1.22631e-19 -3.35791e-20
2.94915 0.820513 1 4.20042e-20 -1.13194e-20
3 0.820513 1 0 0

0 0.871795 3 0.5 0
0.0508475 0.871795 2.23888 0.653941 0.026697
0.101695 0.871795 2.02359 0.681011 0.0631211
0.152542 0.871795 1.87001 0.662385 0.0908644
0.20339 0.871795 1.70585 0.609697 0.102708
0.254237 0.871795 1.53222 0.529011 0.0990016
0.305085 0.871795 1.37567 0.431871 0.0847347
0.355932 0.871795 1.25311 0.333096 0.0662171
0.40678 0.871795 1.16544 0.244535 0.0482596
0.457627 0.871795 1.10585 0.17217 0.0333157
0.508475 0.871795 1.06651 0.116975 0.022023
0.559322 0.871795 1.04107 0.0770394 0.014044
0.610169 0.871795 1.02492 0.0493404 0.00868388
0.661017 0.871795 1.01484 0.0307943 0.0052254
0.711864 0.871795 1.00869 0.0187464 0.00306824
0.762712 0.871795 1.00501 0.0111159 0.00176146
0.813559 0.871795 1.00286 0.0063669 0.000987964
0.864407 0.871795 1.00167 0.00340749 0.000532048
0.915254 0.871795 1.00108 0.00146839 0.000243198
0.966102 0.871795 1.00096 0 0
1.01695 0.871795 0 0 0
1.0678 0.871795 0 0 0
1.11864 0.871795 0 0 0
1.16949 0.871795 0 0 0
1.22034 0.871795 0 0 0
1.27119 0.871795 0 0 0
1.32203 0.871795 0 0 0
1.37288 0.871795 0 0 0
1.42373 0.871795 0 0 0
1.47458 0.871795 0 0 0
1.52542 0.871795 0 0 0
1.57627 0.871795 0 0 0
1.62712 0.871795 0 0 0
1.67797 0.871795 0 0 0
1.72881 0.871795 0 0 0
1.77966 0.871795 0 0 0
1.83051 0.871795 0 0 0
1.88136 0.871795 0 0 0
1.9322 0.871795 0 0 0
1.98305 0.871795 0 0 0
2.0339 0.871795 1 0 0
2.08475 0.871795 1 1.07681e-14 -9.64971e-15
2.13559 0.871795 1 1.38766e-14 -1.14098e-14
2.18644 0.871795 1 1.14263e-14 -8.5268e-15
2.23729 0.871795 1 7.60546e-15 -5.15221e-15
2.28814 0.871795 1 4.45386e-15 -2.75083e-15
2.33898 0.871795 1 2.39349e-15 -1.3558e-15
2.38983 0.871795 1 1.20509e-15 -6.31867e-16
2.44068 0.871795 1 5.84702e-16 -2.79265e-16
2.49153 0.871795 1 2.73242e-16 -1.14922e-16
2.54237 0.871795 1 1.17867e-16 -4.59525e-17
2.59322 0.871795 1 4.99786e-17 -1.78999e-17
2.64407 0.871795 1 2.08144e-17 -6.84857e-18
2.69492 0.871795 1 8.52531e-18 -2.58763e-18
2.74576 0.871795 1 3.44044e-18 -9.68415e-19
2.79661 0.871795 1 1.37002e-18 -3.59585e-19
2.84746 0.871795 1 5.38116e-19 -1.32537e-19
2.89831 0.871795 1 2.05982e-19 -4.82055e-20
2.94915 0.871795 1 6.95015e-20 -1.60304e-20
3 0.871795 1 0 0

0 0.923077 3 0.5 0
0.0508475 0.923077 2.08797 0.632384 0.0352586
0.101695 0.923077 1.83623 0.63723 0.0946698
0.152542 0.923077 1.71701 0.604475 0.133622
0.20339 0.923077 1.59391 0.546787 0.143897
0.254237 0.923077 1.4516 0.468526 0.131597
0.305085 0.923077 1.31971 0.379161 0.107569
0.355932 0.923077 1.21623 0.290937 0.0810832
0.40678 0.923077 1.14211 0.213138 0.0575286
0.457627 0.923077 1.09145 0.150071 0.0389416
0.508475 0.923077 1.05777 0.102094 0.0253728
0.559322 0.923077 1.03583 0.0673695 0.0160066
0.610169 0.923077 1.02182 0.0432408 0.00981631
0.661017 0.923077 1.01304 0.0270465 0.00586909
0.711864 0.923077 1.00765 0.0165001 0.00342893
0.762712 0.923077 1.00442 0.00980493 0.00196131
0.813559 0.923077 1.00253 0.00562982 0.00109848
0.864407 0.923077 1.00148 0.00302326 0.000593732
0.915254 0.923077 1.00095 0.00130925 0.000274733
0.966102 0.923077 1.00086 0 0
1.01695 0.923077 0 0 0
1.0678 0.923077 0 0 0
1.11864 0.923077 0 0 0
1.16949 0.923077 0 0 0
1.22034 0.923077 0 0 0
1.27119 0.923077 0 0 0
1.32203 0.923077 0 0 0
1.37288 0.923077 0 0 0
1.42373 0.923077 0 0 0
1.47458 0.923077 0 0 0
1.52542 0.923077 0 0 0
1.57627 0.923077 0 0 0
1.62712 0.923077 0 0 0
1.67797 0.923077 0 0 0
1.72881 0.923077 0 0 0
1.77966 0.923077 0 0 0
1.83051 0.923077 0 0 0
1.88136 0.923077 0 0 0
1.9322 0.923077 0 0 0
1.98305 0.923077 0 0 0
2.0339 0.923077 1 0 0
2.08475 0.923077 1 4.53257e-14 -3.20355e-14
2.13559 0.923077 1 4.84525e-14 -3.14527e-14
2.18644 0.923077 1 3.44664e-14 -2.03788e-14
2.23729 0.923077 1 2.04438e-14 -1.10321e-14
2.28814 0.923077 1 1.09263e-14 -5.40526e-15
2.33898 0.923077 1 5.45633e-15 -2.48462e-15
2.38983 0.923077 1 2.59266e-15 -1.09387e-15
2.44068 0.923077 1 1.18861e-15 -4.60659e-16
2.49153 0.923077 1 5.26543e-16 -1.92334e-16
2.54237 0.923077 1 2.22181e-16 -7.42695e-17
2.59322 0.923077 1 9.16433e-17 -2.77525e-17
2.64407 0.923077 1 3.70901e-17 -1.02435e-17
2.69492 0.923077 1 1.47812e-17 -3.75635e-18
2.74576 0.923077 1 5.81573e-18 -1.37068e-18
2.79661 0.923077 1 2.26292e-18 -4.97908e-19
2.84746 0.923077 1 8.70464e-19 -1.80008e-19
2.89831 0.923077 1 3.27169e-19 -6.43796e-20
2.94915 0.923077 1 1.08858e-19 -2.11433e-20
3 0.923077 1 0 0

0 0.974359 3 0.5 0
0.0508475 0.974359 2.80601 0.518966 0.170793
0.101695 0.974359 2.25555 0.543504 0.220202
0.152542 0.974359 1.84236 0.518329 0.221441
0.20339 0.974359 1.56412 0.461697 0.198447
0.254237 0.974359 1.38163 0.389179 0.163282
0.305085 0.974359 1.25897 0.31222 0.125369
0.355932 0.974359 1.17428 0.239285 0.0910133
0.40678 0.974359 1.1155 0.175881 0.063111
0.457627 0.974359 1.07516 0.124497 0.042114
0.508475 0.974359 1.04796 0.0851893 0.0271885
0.559322 0.974359 1.03 0.0565307 0.017047
0.610169 0.974359 1.01839 0.0364709 0.0104098
0.661017 0.974359 1.01105 0.0229176 0.00620478
0.711864 0.974359 1.00651 0.01404 0.00361698
0.762712 0.974359 1.00377 0.0083775 0.00206634
0.813559 0.974359 1.00216 0.004835 0.00115905
0.864407 0.974359 1.00126 0.00262125 0.000634066
0.915254 0.974359 1.00082 0.00116255 0.000308473
0.966102 0.974359 1.00078 0 0
1.01695 0.974359 0 0 0
1.0678 0.974359 0 0 0
1.11864 0.974359 0 0 0
1.16949 0.974359 0 0 0
1.22034 0.974359 0 0 0
1.27119 0.974359 0 0 0
1.32203 0.974359 0 0 0
1.37288 0.974359 0 0 0
1.42373 0.974359 0 0 0
1.47458 0.974359 0 0 0
1.52542 0.974359 0 0 0
1.57627 0.974359 0 0 0
1.62712 0.974359 0 0 0
1.67797 0.974359 0 0 0
1.72881 0.974359 0 0 0
1.77966 0.974359 0 0 0
1.83051 0.974359 0 0 0
1.88136 0.974359 0 0 0
1.9322 0.974359 0 0 0
1.98305 0.974359 0 0 0
2.0339 0.974359 1 0 0
2.08475 0.974359 1 2.02245e-13 -1.11866e-13
2.13559 0.974359 1 1.63554e-13 -8.12289e-14
2.18644 0.974359 1 9.7312e-14 -4.39375e-14
2.23729 0.974359 1 5.08179e-14 -2.10451e-14
2.28814 0.974359 1 2.46554e-14 -9.42916e-15
2.33898 0.974359 1 1.14031e-14 -4.05276e-15
2.38983 0.974359 1 5.0973e-15 -1.68782e-15
2.44068 0.974359 1 2.22324e-15 -6.8728e-16
2.49153 0.974359 1 9.48822e-16 -2.77401e-16
2.54237 0.974359 1 3.95174e-16 -1.12005e-16
2.59322 0.974359 1 1.57785e-16 -3.92135e-17
2.64407 0.974359 1 6.18958e-17 -1.3922e-17
2.69492 0.974359 1 2.39887e-17 -4.9671e-18
2.74576 0.974359 1 9.20999e-18 -1.77311e-18
2.79661 0.974359 1 3.50715e-18 -6.32082e-19
2.84746 0.974359 1 1.32361e-18 -2.24751e-19
2.89831 0.974359 1 4.89363e-19 -7.92243e-20
2.94915 0.974359 1 1.60795e-19 -2.57381e-20
3 0.974359 1 0 0

0 1.02564 0.326252 0 0
0.0508475 1.02564 0.812844 0.158549 0.232761
0.101695 1.02564 1.09532 0.256467 0.27488
0.152542 1.02564 1.22445 0.299466 0.254638
0.20339 1.02564 1.24935 0.300033 0.213992
0.254237 1.02564 1.21987 0.271899 0.168905
0.305085 1.02564 1.17197 0.228392 0.126699
0.355932 1.02564 1.12515 0.180474 0.0909042
0.40678 1.02564 1.08682 0.135558 0.0627018
0.457627 1.02564 1.05816 0.0975339 0.0417603
0.508475 1.02564 1.03785 0.0676053 0.0269536
0.559322 1.02564 1.02401 0.0453356 0.0169091
0.610169 1.02564 1.01487 0.0295048 0.0103347
0.661017 1.02564 1.00901 0.018678 0.00616598
0.711864 1.02564 1.00534 0.0115174 0.00359785
0.762712 1.02564 1.00311 0.00691684 0.00205766
0.813559 1.02564 1.00178 0.00402922 0.001157
0.864407 1.02564 1.00102 0.00224046 0.000640653
0.915254 1.02564 1.00058 0.00112511 0.000340237
0.966102 1.02564 1.0003 0.000407343 0.000133138
1.01695 1.02564 0.999972 0 0
1.0678 1.02564 0.999998 0 0
1.11864 1.02564 1 0 0
1.16949 1.02564 1 0 0
1.22034 1.02564 1 0 0
1.27119 1.02564 1 0 0
1.32203 1.02564 1 0 0
1.37288 1.02564 1 0 0
1.42373 1.02564 1 0 0
1.47458 1.02564 1 0 0
1.52542 1.02564 1 0 0
1.57627 1.02564 1 0 0
1.62712 1.02564 1 0 0
1.67797 1.02564 1 0 0
1.72881 1.02564 1 0 0
1.77966 1.02564 1 0 0
1.83051 1.02564 1 0 0
1.88136 1.02564 1 0 0
1.9322 1.02564 1 0 0
1.98305 1.02564 1 0 0
2.0339 1.02564 1 1.38355e-12 -5.26351e-13
2.08475 1.02564 1 9.44069e-13 -3.43956e-13
2.13559 1.02564 1 5.05662e-13 -1.71966e-13
2.18644 1.02564 1 2.44741e-13 -7.77759e-14
2.23729 1.02564 1 1.12087e-13 -3.33896e-14
2.28814 1.02564 1 4.95547e-14 -1.38687e-14
2.33898 1.02564 1 2.13761e-14 -5.63645e-15
2.38983 1.02564 1 9.04891e-15 -2.24586e-15
2.44068 1.02564 1 3.7682e-15 -8.8625e-16
2.49153 1.02564 1 1.54405e-15 -3.45812e-16
2.54237 1.02564 1 6.27588e-16 -1.35449e-16
2.59322 1.02564 1 2.53173e-16 -4.7235e-17
2.64407 1.02564 1 9.57248e-17 -1.66253e-17
2.69492 1.02564 1 3.61028e-17 -5.86098e-18
2.74576 1.02564 1 1.35622e-17 -2.06426e-18
2.79661 1.02564 1 5.07032e-18 -7.25968e-19
2.84746 1.02564 1 1.8832e-18 -2.54839e-19
2.89831 1.02564 1 6.86726e-19 -8.87976e-20
2.94915 1.02564 1 2.23283e-19 -2.8597e-20
3 1.02564 1 0 0

0 1.07692 0.809255 0 0
0.0508475 1.07692 1.0099 0.0563737 0.104102
0.101695 1.07692 1.10616 0.126022 0.168474
0.152542 1.07692 1.1564 0.170704 0.184494
0.20339 1.07692 1.16347 0.186878 0.170311
0.254237 1.07692 1.14546 0.179578 0.141923
0.305085 1.07692 1.11714 0.157311 0.110008
0.355932 1.07692 1.08805 0.12833 0.0806235
0.40678 1.07692 1.06289 0.0988408 0.0564455
0.457627 1.07692 1.04315 0.0725674 0.0380161
0.508475 1.07692 1.02862 0.0511375 0.0247536
0.559322 1.07692 1.01843 0.0347639 0.0156398
0.610169 1.07692 1.01156 0.0228844 0.00961505
0.661017 1.07692 1.00707 0.0146279 0.00576463
0.711864 1.07692 1.00422 0.00909662 0.00337721
0.762712 1.07692 1.00247 0.00550755 0.00193759
0.813559 1.07692 1.00142 0.00324126 0.00109165
0.864407 1.07692 1.0008 0.00184065 0.000604977
0.915254 1.07692 1.00045 0.000987576 0.000324838
0.966102 1.07692 1.00024 0.000474711 0.000151304
1.01695 1.07692 1.0001 0.000188661 4.11653e-05
1.0678 1.07692 1.00004 7.73841e-05 9.84033e-06
1.11864 1.07692 1.00001 3.24991e-05 2.16155e-06
1.16949 1.07692 1.00001 1.38822e-05 3.0221e-07
1.22034 1.07692 1 5.99438e-06 -8.00736e-08
1.27119 1.07692 1 2.60376e-06 -1.09009e-07
1.32203 1.07692 1 1.13348e-06 -7.41204e-08
1.37288 1.07692 1 4.93181e-07 -4.19091e-08
1.42373 1.07692 1 2.14056e-07 -2.16976e-08
1.47458 1.07692 1 9.25499e-08 -1.06543e-08
1.52542 1.07692 1 3.98233e-08 -5.04527e-09
1.57627 1.07692 1 1.70422e-08 -2.32521e-09
1.62712 1.07692 1 7.2502e-09 -1.04877e-09
1.67797 1.07692 1 3.06542e-09 -4.64653e-10
1.72881 1.07692 1 1.28787e-09 -2.02725e-10
1.77966 1.07692 1 5.37611e-10 -8.72613e-11
1.83051 1.07692 1 2.22982e-10 -3.71093e-11
1.88136 1.07692 1 9.19002e-11 -1.56105e-11
1.9322 1.07692 1 3.76583e-11 -6.50904e-12
1.98305 1.07692 1 1.54117e-11 -2.72919e-12
2.0339 1.07692 1 6.53327e-12 -1.27974e-12
2.08475 1.07692 1 2.77719e-12 -5.67115e-13
2.13559 1.07692 1 1.176e-12 -2.41931e-13
2.18644 1.07692 1 4.94359e-13 -1.00344e-13
2.23729 1.07692 1 2.06052e-13 -4.0757e-14
2.28814 1.07692 1 8.51311e-14 -1.62792e-14
2.33898 1.07692 1 3.48709e-14 -6.41338e-15
2.38983 1.07692 1 1.41685e-14 -2.50438e-15
2.44068 1.07692 1 5.70905e-15 -9.70447e-16
2.49153 1.07692 1 2.28356e-15 -3.75316e-16
2.54237 1.07692 1 9.09313e-16 -1.36532e-16
2.59322 1.07692 1 3.56698e-16 -4.92089e-17
2.64407 1.07692 1 1.33339e-16 -1.74704e-17
2.69492 1.07692 1 4.96707e-17 -6.13091e-18
2.74576 1.07692 1 1.84283e-17 -2.13856e-18
2.79661 1.07692 1 6.80696e-18 -7.44036e-19
2.84746 1.07692 1 2.4996e-18 -2.58517e-19
2.89831 1.07692 1 9.02176e-19 -8.9269e-20
2.94915 1.07692 1 2.90977e-19 -2.85567e-20
3 1.07692 1 0 0

0 1.12821 0.944743 0 0
0.0508475 1.12821 1.00384 0.0239468 0.0598021
0.101695 1.12821 1.05882 0.0613238 0.107043
0.152542 1.12821 1.09075 0.0932189 0.127601
0.20339 1.12821 1.09943 0.110474 0.125216
0.254237 1.12821 1.09228 0.112373 0.109087
0.305085 1.12821 1.07713 0.102753 0.0874248
0.355932 1.12821 1.05987 0.0866941 0.0657493
0.40678 1.12821 1.04393 0.0686142 0.0469845
0.457627 1.12821 1.03083 0.0515157 0.0321712
0.508475 1.12821 1.02083 0.0369851 0.0212325
0.559322 1.12821 1.01362 0.0255391 0.0135654
0.610169 1.12821 1.00865 0.0170359 0.00841755
0.661017 1.12821 1.00534 0.0110135 0.00508606
0.711864 1.12821 1.00322 0.00691717 0.00299904
0.762712 1.12821 1.0019 0.00422685 0.00172954
0.813559 1.12821 1.00109 0.00251312 0.000977757
0.864407 1.12821 1.00062 0.00145004 0.000542468
0.915254 1.12821 1.00034 0.000805727 0.000292776
0.966102 1.12821 1.00018 0.000424354 0.00014629
1.01695 1.12821 1.00009 0.000208051 6.04631e-05
1.0678 1.12821 1.00004 9.80194e-05 2.23203e-05
1.11864 1.12821 1.00002 4.5211e-05 7.80875e-06
1.16949 1.12821 1.00001 2.06026e-05 2.61412e-06
1.22034 1.12821 1 9.30971e-06 8.27751e-07
1.27119 1.12821 1 4.17759e-06 2.39389e-07
1.32203 1.12821 1 1.86248e-06 5.73886e-08
1.37288 1.12821 1 8.24992e-07 6.99499e-09
1.42373 1.12821 1 3.63034e-07 -3.79208e-09
1.47458 1.12821 1 1.58677e-07 -4.21223e-09
1.52542 1.12821 1 6.88799e-08 -2.77512e-09
1.57627 1.12821 1 2.96919e-08 -1.54555e-09
1.62712 1.12821 1 1.27096e-08 -7.89835e-10
1.67797 1.12821 1 5.40218e-09 -3.82576e-10
1.72881 1.12821 1 2.28015e-09 -1.78503e-10
1.77966 1.12821 1 9.55751e-10 -8.0971e-11
1.83051 1.12821 1 3.97878e-10 -3.59164e-11
1.88136 1.12821 1 1.64527e-10 -1.56416e-11
1.9322 1.12821 1 6.7598e-11 -6.71289e-12
1.98305 1.12821 1 2.76259e-11 -2.86348e-12
2.0339 1.12821 1 1.12762e-11 -1.24649e-12
2.08475 1.12821 1 4.59302e-12 -5.34101e-13
2.13559 1.12821 1 1.86604e-12 -2.23995e-13
2.18644 1.12821 1 7.55643e-13 -9.20408e-14
2.23729 1.12821 1 3.048e-13 -3.71546e-14
2.28814 1.12821 1 1.22409e-13 -1.47815e-14
2.33898 1.12821 1 4.89206e-14 -5.80149e-15
2.38983 1.12821 1 1.94509e-14 -2.25746e-15
2.44068 1.12821 1 7.69387e-15 -8.74121e-16
2.49153 1.12821 1 3.03179e-15 -3.34255e-16
2.54237 1.12821 1 1.19218e-15 -1.244e-16
2.59322 1.12821 1 4.59627e-16 -4.63672e-17
2.64407 1.12821 1 1.70785e-16 -1.63506e-17
2.69492 1.12821 1 6.31596e-17 -5.63435e-18
2.74576 1.12821 1 2.32421e-17 -1.93298e-18
2.79661 1.12821 1 8.51268e-18 -6.63921e-19
2.84746 1.12821 1 3.10023e-18 -2.28475e-19
2.89831 1.12821 1 1.1105e-18 -7.83332e-20
2.94915 1.12821 1 3.56022e-19 -2.49406e-20
3 1.12821 1 0 0

0 1.17949 0.981488 0 0
0.0508475 1.17949 1.00567 0.0106802 0.0355106
0.101695 1.17949 1.03492 0.0300009 0.067041
0.152542 1.17949 1.05378 0.0497702 0.0843636
0.20339 1.17949 1.06048 0.0630561 0.0867635
0.254237 1.17949 1.05782 0.0675289 0.0785766
0.305085 1.17949 1.04973 0.0643181 0.0650171
0.355932 1.17949 1.03962 0.0560953 0.0502094
0.40678 1.17949 1.02976 0.0456338 0.0366819
0.457627 1.17949 1.0213 0.0350617 0.0255877
0.508475 1.17949 1.01464 0.025669 0.0171542
0.559322 1.17949 1.00971 0.0180229 0.0111064
0.610169 1.17949 1.00624 0.0121954 0.00697006
0.661017 1.17949 1.0039 0.00798241 0.00425233
0.711864 1.17949 1.00237 0.00506838 0.00252814
0.762712 1.17949 1.00141 0.00312814 0.00146796
0.813559 1.17949 1.00082 0.00187873 0.000834176
0.864407 1.17949 1.00046 0.00109772 0.000464369
0.915254 1.17949 1.00026 0.00062252 0.000252041
0.966102 1.17949 1.00014 0.000340831 0.000130348
1.01695 1.17949 1.00007 0.00017892 6.14999e-05
1.0678 1.17949 1.00003 9.03832e-05 2.68494e-05
1.11864 1.17949 1.00002 4.42964e-05 1.11232e-05
1.16949 1.17949 1.00001 2.12166e-05 4.43906e-06
1.22034 1.17949 1 9.98074e-06 1.71973e-06
1.27119 1.17949 1 4.62632e-06 6.48637e-07
1.32203 1.17949 1 2.11743e-06 2.38086e-07
1.37288 1.17949 1 9.58265e-07 8.47598e-08
1.42373 1.17949 1 4.29216e-07 2.90606e-08
1.47458 1.17949 1 1.90401e-07 9.46997e-09
1.52542 1.17949 1 8.36911e-08 2.85727e-09
1.57627 1.17949 1 3.64649e-08 7.50233e-10
1.62712 1.17949 1 1.57541e-08 1.37806e-10
1.67797 1.17949 1 6.75079e-09 -1.07015e-11
1.72881 1.17949 1 2.8699e-09 -3.05109e-11
1.77966 1.17949 1 1.21069e-09 -2.2479e-11
1.83051 1.17949 1 5.06924e-10 -1.29486e-11
1.88136 1.17949 1 2.10716e-10 -6.67835e-12
1.9322 1.17949 1 8.69773e-11 -3.23258e-12
1.98305 1.17949 1 3.56663e-11 -1.50683e-12
2.0339 1.17949 1 1.45419e-11 -6.9157e-13
2.08475 1.17949 1 5.89757e-12 -3.09702e-13
2.13559 1.17949 1 2.37998e-12 -1.34975e-13
2.18644 1.17949 1 9.55888e-13 -5.73246e-14
2.23729 1.17949 1 3.82134e-13 -2.37884e-14
2.28814 1.17949 1 1.52058e-13 -9.68352e-15
2.33898 1.17949 1 6.02263e-14 -3.87875e-15
2.38983 1.17949 1 2.37358e-14 -1.53022e-15
2.44068 1.17949 1 9.31439e-15 -5.9806e-16
2.49153 1.17949 1 3.64444e-15 -2.35112e-16
2.54237 1.17949 1 1.41978e-15 -9.0098e-17
2.59322 1.17949 1 5.46186e-16 -4.20908e-17
2.64407 1.17949 1 2.03472e-16 -1.31631e-17
2.69492 1.17949 1 7.48867e-17 -4.27755e-18
2.74576 1.17949 1 2.73703e-17 -1.42492e-18
2.79661 1.17949 1 9.95539e-18 -4.8212e-19
2.84746 1.17949 1 3.60241e-18 -1.6463e-19
2.89831 1.17949 1 1.28311e-18 -5.62195e-20
2.94915 1.17949 1 4.0959e-19 -1.78706e-20
3 1.17949 1 0 0

0 1.23077 0.993676 0 0
0.0508475 1.23077 1.0054 0.00468334 0.0216422
0.101695 1.23077 1.02108 0.0145693 0.0417294
0.152542 1.23077 1.03198 0.0260728 0.0542676
0.20339 1.23077 1.03655 0.0350105 0.0577572
0.254237 1.23077 1.03572 0.0392744 0.0539939
0.305085 1.23077 1.03143 0.0388542 0.045956
0.355932 1.23077 1.0256 0.0349771 0.0363788
0.40678 1.23077 1.01961 0.0292266 0.0271569
0.457627 1.23077 1.01429 0.0229755 0.0193017
0.508475 1.23077 1.00997 0.017155 0.0131523
0.559322 1.23077 1.00671 0.0122519 0.00863665
0.610169 1.23077 1.00436 0.00841403 0.00548723
0.661017 1.23077 1.00275 0.00557922 0.00338378
0.711864 1.23077 1.00169 0.00358342 0.00203062
0.762712 1.23077 1.00101 0.00223484 0.00118856
0.813559 1.23077 1.00059 0.00135574 0.00067988
0.864407 1.23077 1.00034 0.000800764 0.000380495
0.915254 1.23077 1.00019 0.000460456 0.000207886
0.966102 1.23077 1.0001 0.000257371 0.000109701
1.01695 1.23077 1.00005 0.000139428 5.48628e-05
1.0678 1.23077 1.00003 7.31521e-05 2.59922e-05
1.11864 1.23077 1.00001 3.72658e-05 1.17733e-05
1.16949 1.23077 1.00001 1.8506e-05 5.14583e-06
1.22034 1.23077 1 8.99168e-06 2.1859e-06
1.27119 1.23077 1 4.28767e-06 9.07014e-07
1.32203 1.23077 1 2.01134e-06 3.68872e-07
1.37288 1.23077 1 9.29889e-07 1.47352e-07
1.42373 1.23077 1 4.24295e-07 5.78911e-08
1.47458 1.23077 1 1.91282e-07 2.23823e-08
1.52542 1.23077 1 8.52766e-08 8.51638e-09
1.57627 1.23077 1 3.76221e-08 3.18753e-09
1.62712 1.23077 1 1.64349e-08 1.17233e-09
1.67797 1.23077 1 7.1125e-09 4.22941e-10
1.72881 1.23077 1 3.05065e-09 1.49269e-10
1.77966 1.23077 1 1.29732e-09 5.13213e-11
1.83051 1.23077 1 5.47181e-10 1.70755e-11
1.88136 1.23077 1 2.28973e-10 5.43598e-12
1.9322 1.23077 1 9.50911e-11 1.62e-12
1.98305 1.23077 1 3.92048e-11 4.28557e-13
2.0339 1.23077 1 1.60529e-11 8.34285e-14
2.08475 1.23077 1 6.53032e-12 -8.06846e-16
2.13559 1.23077 1 2.64019e-12 -1.30132e-14
2.18644 1.23077 1 1.0612e-12 -9.69623e-15
2.23729 1.23077 1 4.24162e-13 -5.39473e-15
2.28814 1.23077 1 1.68626e-13 -2.63984e-15
2.33898 1.23077 1 6.66896e-14 -1.20675e-15
2.38983 1.23077 1 2.62398e-14 -5.25671e-16
2.44068 1.23077 1 1.02676e-14 -2.20799e-16
2.49153 1.23077 1 4.00516e-15 -9.36839e-17
2.54237 1.23077 1 1.55511e-15 -3.68267e-17
2.59322 1.23077 1 5.98735e-16 -2.31406e-17
2.64407 1.23077 1 2.31066e-16 -6.53957e-18
2.69492 1.23077 1 8.35395e-17 -2.01903e-18
2.74576 1.23077 1 3.02103e-17 -6.58459e-19
2.79661 1.23077 1 1.0912e-17 -2.2158e-19
2.84746 1.23077 1 3.92885e-18 -7.58234e-20
2.89831 1.23077 1 1.39412e-18 -2.60344e-20
2.94915 1.23077 1 4.43845e-19 -8.33166e-21
3 1.23077 1 0 0

0 1.28205 0.998129 0 0
0.0508475 1.28205 1.00442 0.00191615 0.013301
0.101695 1.28205 1.01282 0.00693489 0.0257847
0.152542 1.28205 1.01901 0.0133963 0.0341946
0.20339 1.28205 1.02191 0.0189812 0.0373021
0.254237 1.28205 1.02176 0.0222169 0.0357652
0.305085 1.28205 1.0195 0.0227661 0.0311828
0.355932 1.28205 1.01616 0.0211144 0.0252372
0.40678 1.28205 1.01259 0.0181007 0.0192206
0.457627 1.28205 1.00932 0.0145484 0.0139082
0.508475 1.28205 1.0066 0.0110749 0.00962972
0.559322 1.28205 1.00449 0.00804462 0.00641386
0.610169 1.28205 1.00295 0.00560765 0.00412669
0.661017 1.28205 1.00188 0.00376774 0.00257343
0.711864 1.28205 1.00116 0.00244863 0.00155974
0.762712 1.28205 1.0007 0.00154353 0.000920966
0.813559 1.28205 1.00041 0.00094579 0.000530825
0.864407 1.28205 1.00024 0.000564232 0.000299051
0.915254 1.28205 1.00013 0.000328029 0.000164573
0.966102 1.28205 1.00007 0.000185863 8.80414e-05
1.01695 1.28205 1.00004 0.000102538 4.5388e-05
1.0678 1.28205 1.00002 5.50324e-05 2.24851e-05
1.11864 1.28205 1.00001 2.87532e-05 1.07325e-05
1.16949 1.28205 1 1.4652e-05 4.95893e-06
1.22034 1.28205 1 7.29898e-06 2.22865e-06
1.27119 1.28205 1 3.56277e-06 9.7831e-07
1.32203 1.28205 1 1.70755e-06 4.20877e-07
1.37288 1.28205 1 8.04992e-07 1.7792e-07
1.42373 1.28205 1 3.73847e-07 7.40584e-08
1.47458 1.28205 1 1.71246e-07 3.04009e-08
1.52542 1.28205 1 7.74514e-08 1.23221e-08
1.57627 1.28205 1 3.46179e-08 4.93599e-09
1.62712 1.28205 1 1.53024e-08 1.95552e-09
1.67797 1.28205 1 6.69404e-09 7.66622e-10
1.72881 1.28205 1 2.89955e-09 2.9751e-10
1.77966 1.28205 1 1.24423e-09 1.14325e-10
1.83051 1.28205 1 5.29166e-10 4.35084e-11
1.88136 1.28205 1 2.23139e-10 1.63989e-11
1.9322 1.28205 1 9.3328e-11 6.1208e-12
1.98305 1.28205 1 3.87304e-11 2.26099e-12
2.0339 1.28205 1 1.5953e-11 8.25486e-13
2.08475 1.28205 1 6.52417e-12 2.97696e-13
2.13559 1.28205 1 2.64996e-12 1.06062e-13
2.18644 1.28205 1 1.06934e-12 3.73558e-14
2.23729 1.28205 1 4.28836e-13 1.3011e-14
2.28814 1.28205 1 1.70949e-13 4.48822e-15
2.33898 1.28205 1 6.77518e-14 1.53572e-15
2.38983 1.28205 1 2.67026e-14 5.23762e-16
2.44068 1.28205 1 1.0469e-14 1.7831e-16
2.49153 1.28205 1 4.09132e-15 6.78153e-17
2.54237 1.28205 1 1.58639e-15 2.08862e-17
2.59322 1.28205 1 6.11206e-16 6.59467e-18
2.64407 1.28205 1 2.36906e-16 2.0992e-18
2.69492 1.28205 1 8.57332e-17 6.7064e-19
2.74576 1.28205 1 3.0988e-17 2.14799e-19
2.79661 1.28205 1 1.11835e-17 6.89534e-20
2.84746 1.28205 1 4.02327e-18 2.21724e-20
2.89831 1.28205 1 1.42661e-18 7.10144e-21
2.94915 1.28205 1 4.53952e-19 2.11282e-21
3 1.28205 1 0 0

0 1.33333 0.999715 0 0
0.0508475 1.33333 1.00325 0.0006715 0.00816272
0.101695 1.33333 1.00777 0.00318824 0.0157851
0.152542 1.33333 1.01124 0.00673325 0.0211679
0.20339 1.33333 1.013 0.0100638 0.0235003
0.254237 1.33333 1.01306 0.0122613 0.0229845
0.305085 1.33333 1.01187 0.012984 0.0204472
0.355932 1.33333 1.00999 0.0123835 0.0168719
0.40678 1.33333 1.0079 0.0108763 0.0130842
0.457627 1.33333 1.00592 0.00892925 0.00962682
0.508475 1.33333 1.00424 0.00692558 0.00676736
0.559322 1.33333 1.00292 0.00511461 0.00456989
0.610169 1.33333 1.00194 0.00361813 0.00297714
0.661017 1.33333 1.00125 0.00246322 0.00187759
0.711864 1.33333 1.00078 0.00161993 0.00114962
0.762712 1.33333 1.00047 0.00103222 0.000685043
0.813559 1.33333 1.00028 0.00063885 0.000398086
0.864407 1.33333 1.00016 0.000384793 0.000225936
0.915254 1.33333 1.00009 0.00022589 0.00012528
0.966102 1.33333 1.00005 0.000129357 6.7738e-05
1.01695 1.33333 1.00003 7.22705e-05 3.55714e-05
1.0678 1.33333 1.00001 3.93835e-05 1.81004e-05
1.11864 1.33333 1.00001 2.09392e-05 8.92804e-06
1.16949 1.33333 1 1.0872e-05 4.27786e-06
1.22034 1.33333 1 5.52053e-06 1.99686e-06
1.27119 1.33333 1 2.74587e-06 9.10757e-07
1.32203 1.33333 1 1.34005e-06 4.06982e-07
1.37288 1.33333 1 6.42639e-07 1.78605e-07
1.42373 1.33333 1 3.03266e-07 7.71302e-08
1.47458 1.33333 1 1.41001e-07 3.28314e-08
1.52542 1.33333 1 6.46599e-08 1.37938e-08
1.57627 1.33333 1 2.92729e-08 5.72671e-09
1.62712 1.33333 1 1.30941e-08 2.35159e-09
1.67797 1.33333 1 5.79131e-09 9.55859e-10
1.72881 1.33333 1 2.53425e-09 3.84847e-10
1.77966 1.33333 1 1.09784e-09 1.53562e-10
1.83051 1.33333 1 4.71051e-10 6.07555e-11
1.88136 1.33333 1 2.00279e-10 2.38431e-11
1.9322 1.33333 1 8.44158e-11 9.28435e-12
1.98305 1.33333 1 3.52857e-11 3.58788e-12
2.0339 1.33333 1 1.46325e-11 1.37608e-12
2.08475 1.33333 1 6.02183e-12 5.2388e-13
2.13559 1.33333 1 2.46018e-12 1.98038e-13
2.18644 1.33333 1 9.98077e-13 7.43708e-14
2.23729 1.33333 1 4.02209e-13 2.77603e-14
2.28814 1.33333 1 1.61051e-13 1.03049e-14
2.33898 1.33333 1 6.40942e-14 3.80785e-15
2.38983 1.33333 1 2.53546e-14 1.40279e-15
2.44068 1.33333 1 9.97177e-15 5.20493e-16
2.49153 1.33333 1 3.90135e-15 1.9579e-16
2.54237 1.33333 1 1.51165e-15 7.0067e-17
2.59322 1.33333 1 5.8536e-16 3.39337e-17
2.64407 1.33333 1 2.26879e-16 1.00063e-17
2.69492 1.33333 1 8.22153e-17 3.12993e-18
2.74576 1.33333 1 2.97884e-17 1.01462e-18
2.79661 1.33333 1 1.07767e-17 3.35932e-19
2.84746 1.33333 1 3.88519e-18 1.12584e-19
2.89831 1.33333 1 1.38007e-18 3.77975e-20
2.94915 1.33333 1 4.39707e-19 1.18199e-20
3 1.33333 1 0 0

0 1.38462 1.0002 0 0
0.0508475 1.38462 1.00222 0.00014805 0.00496879
0.101695 1.38462 1.00466 0.00138869 0.00955336
0.152542 1.38462 1.00659 0.00329821 0.0128867
0.20339 1.38462 1.00762 0.00521956 0.0144849
0.254237 1.38462 1.00772 0.00661412 0.0143886
0.305085 1.38462 1.0071 0.00722574 0.0130153
0.355932 1.38462 1.00605 0.00707525 0.0109202
0.40678 1.38462 1.00484 0.00635775 0.00860609
0.457627 1.38462 1.00367 0.00532579 0.00642894
0.508475 1.38462 1.00266 0.00420531 0.00458379
0.559322 1.38462 1.00185 0.00315575 0.00313616
0.610169 1.38462 1.00124 0.00226472 0.00206788
0.661017 1.38462 1.00081 0.00156194 0.00131866
0.711864 1.38462 1.00051 0.00103937 0.000815629
0.762712 1.38462 1.00031 0.000669453 0.000490553
0.813559 1.38462 1.00019 0.000418478 0.000287492
0.864407 1.38462 1.00011 0.000254436 0.000164448
0.915254 1.38462 1.00006 0.000150734 9.18927e-05
0.966102 1.38462 1.00003 8.71247e-05 5.01428e-05
1.01695 1.38462 1.00002 4.91696e-05 2.66749e-05
1.0678 1.38462 1.00001 2.71038e-05 1.38162e-05
1.11864 1.38462 1.00001 1.45983e-05 6.96603e-06
1.16949 1.38462 1 7.68778e-06 3.42218e-06
1.22034 1.38462 1 3.96223e-06 1.64082e-06
1.27119 1.38462 1 2.00091e-06 7.69344e-07
1.32203 1.38462 1 9.91321e-07 3.53483e-07
1.37288 1.38462 1 4.82447e-07 1.59456e-07
1.42373 1.38462 1 2.30919e-07 7.07458e-08
1.47458 1.38462 1 1.08827e-07 3.0918e-08
1.52542 1.38462 1 5.05502e-08 1.33277e-08
1.57627 1.38462 1 2.31646e-08 5.67326e-09
1.62712 1.38462 1 1.04811e-08 2.38711e-09
1.67797 1.38462 1 4.68589e-09 9.93673e-10
1.72881 1.38462 1 2.07145e-09 4.0951e-10
1.77966 1.38462 1 9.05984e-10 1.67189e-10
1.83051 1.38462 1 3.92253e-10 6.76571e-11
1.88136 1.38462 1 1.68201e-10 2.71511e-11
1.9322 1.38462 1 7.14674e-11 1.08095e-11
1.98305 1.38462 1 3.01011e-11 4.27093e-12
2.0339 1.38462 1 1.25725e-11 1.67515e-12
2.08475 1.38462 1 5.20931e-12 6.52398e-13
2.13559 1.38462 1 2.14191e-12 2.52358e-13
2.18644 1.38462 1 8.74226e-13 9.69846e-14
2.23729 1.38462 1 3.54307e-13 3.70491e-14
2.28814 1.38462 1 1.42624e-13 1.40736e-14
2.33898 1.38462 1 5.70382e-14 5.31906e-15
2.38983 1.38462 1 2.26719e-14 2.00029e-15
2.44068 1.38462 1 8.95993e-15 7.48404e-16
2.49153 1.38462 1 3.51955e-15 2.76144e-16
2.54237 1.38462 1 1.37565e-15 1.04876e-16
2.59322 1.38462 1 5.31616e-16 4.70979e-17
2.64407 1.38462 1 1.98789e-16 1.48113e-17
2.69492 1.38462 1 7.33953e-17 4.81209e-18
2.74576 1.38462 1 2.68954e-17 1.59696e-18
2.79661 1.38462 1 9.80343e-18 5.37273e-19
2.84746 1.38462 1 3.55342e-18 1.82268e-19
2.89831 1.38462 1 1.26732e-18 6.18095e-20
2.94915 1.38462 1 4.04928e-19 1.94872e-20
3 1.38462 1 0 0

0 1.4359 1.00027 0 0
0.0508475 1.4359 1.00143 -4.35806e-05 0.00298762
0.101695 1.4359 1.00276 0.000554787 0.00570532
0.152542 1.4359 1.00382 0.00156696 0.00771669
0.20339 1.4359 1.0044 0.00264717 0.00874944
0.254237 1.4359 1.00449 0.00349136 0.0087969
0.305085 1.4359 1.00416 0.00393094 0.00806734
0.355932 1.4359 1.00358 0.00394629 0.00686618
0.40678 1.4359 1.0029 0.00362341 0.00548856
0.457627 1.4359 1.00222 0.00309366 0.00415676
0.508475 1.4359 1.00163 0.00248477 0.00300269
0.559322 1.4359 1.00114 0.00189346 0.0020798
0.610169 1.4359 1.00077 0.00137785 0.0013872
0.661017 1.4359 1.00051 0.00096238 0.000894126
0.711864 1.4359 1.00032 0.000647848 0.000558577
0.762712 1.4359 1.0002 0.000421742 0.000339069
0.813559 1.4359 1.00012 0.000266247 0.000200424
0.864407 1.4359 1.00007 0.000163385 0.000115567
0.915254 1.4359 1.00004 9.76518e-05 6.50828e-05
0.966102 1.4359 1.00002 5.69344e-05 3.58127e-05
1.01695 1.4359 1.00001 3.24184e-05 1.92481e-05
1.0678 1.4359 1.00001 1.80411e-05 1.00994e-05
1.11864 1.4359 1 9.81871e-06 5.17273e-06
1.16949 1.4359 1 5.22938e-06 2.58746e-06
1.22034 1.4359 1 2.72766e-06 1.2653e-06
1.27119 1.4359 1 1.39469e-06 6.05708e-07
1.32203 1.4359 1 6.99757e-07 2.8427e-07
1.37288 1.4359 1 3.44872e-07 1.30995e-07
1.42373 1.4359 1 1.67133e-07 5.9357e-08
1.47458 1.4359 1 7.9725e-08 2.64829e-08
1.52542 1.4359 1 3.74686e-08 1.16485e-08
1.57627 1.4359 1 1.73646e-08 5.05655e-09
1.62712 1.4359 1 7.9421e-09 2.16842e-09
1.67797 1.4359 1 3.5876e-09 9.19401e-10
1.72881 1.4359 1 1.60164e-09 3.85714e-10
1.77966 1.4359 1 7.07114e-10 1.60219e-10
1.83051 1.4359 1 3.08903e-10 6.59325e-11
1.88136 1.4359 1 1.33594e-10 2.68936e-11
1.9322 1.4359 1 5.72264e-11 1.08783e-11
1.98305 1.4359 1 2.42905e-11 4.36524e-12
2.0339 1.4359 1 1.02208e-11 1.73837e-12
2.08475 1.4359 1 4.26486e-12 6.87231e-13
2.13559 1.4359 1 1.76541e-12 2.69783e-13
2.18644 1.4359 1 7.25193e-13 1.052e-13
2.23729 1.4359 1 2.95713e-13 4.07581e-14
2.28814 1.4359 1 1.19736e-13 1.56962e-14
2.33898 1.4359 1 4.81553e-14 6.01512e-15
2.38983 1.4359 1 1.92361e-14 2.29123e-15
2.44068 1.4359 1 7.63264e-15 8.71168e-16
2.49153 1.4359 1 3.01596e-15 3.26972e-16
2.54237 1.4359 1 1.18767e-15 1.21857e-16
2.59322 1.4359 1 4.58432e-16 4.54892e-17
2.64407 1.4359 1 1.70518e-16 1.60691e-17
2.69492 1.4359 1 6.31182e-17 5.5417e-18
2.74576 1.4359 1 2.32429e-17 1.90115e-18
2.79661 1.4359 1 8.51671e-18 6.52621e-19
2.84746 1.4359 1 3.1023e-18 2.2439e-19
2.89831 1.4359 1 1.11124e-18 7.68338e-20
2.94915 1.4359 1 3.56237e-19 2.43896e-20
3 1.4359 1 0 0

0 1.48718 1.00022 0 0
0.0508475 1.48718 1.00088 -9.21107e-05 0.00176988
0.101695 1.48718 1.0016 0.000188907 0.00335731
0.152542 1.48718 1.00218 0.000717446 0.00454447
0.20339 1.48718 1.00251 0.00131182 0.00518414
0.254237 1.48718 1.00257 0.0018048 0.00526164
0.305085 1.48718 1.0024 0.0020934 0.0048802
0.355932 1.48718 1.00208 0.00215238 0.00420465
0.40678 1.48718 1.0017 0.00201705 0.00340324
0.457627 1.48718 1.00132 0.00175348 0.00260946
0.508475 1.48718 1.00097 0.00143132 0.00190766
0.559322 1.48718 1.00069 0.0011068 0.00133655
0.610169 1.48718 1.00047 0.000816241 0.000901203
0.661017 1.48718 1.00031 0.000577142 0.000586866
0.711864 1.48718 1.0002 0.000392926 0.000370186
0.762712 1.48718 1.00012 0.000258477 0.000226761
0.813559 1.48718 1.00007 0.000164773 0.000135186
0.864407 1.48718 1.00004 0.000102041 7.85795e-05
0.915254 1.48718 1.00003 6.1518e-05 4.45984e-05
0.966102 1.48718 1.00001 3.61678e-05 2.47371e-05
1.01695 1.48718 1.00001 2.07652e-05 1.34137e-05
1.0678 1.48718 1 1.16547e-05 7.11139e-06
1.11864 1.48718 1 6.39998e-06 3.68665e-06
1.16949 1.48718 1 3.44113e-06 1.86965e-06
1.22034 1.48718 1 1.81301e-06 9.28214e-07
1.27119 1.48718 1 9.36764e-07 4.51556e-07
1.32203 1.48718 1 4.75083e-07 2.15496e-07
1.37288 1.48718 1 2.36706e-07 1.01007e-07
1.42373 1.48718 1 1.1597e-07 4.65551e-08
1.47458 1.48718 1 5.59198e-08 2.11248e-08
1.52542 1.48718 1 2.6561e-08 9.44708e-09
1.57627 1.48718 1 1.24376e-08 4.16791e-09
1.62712 1.48718 1 5.7461e-09 1.81572e-09
1.67797 1.48718 1 2.62101e-09 7.81719e-10
1.72881 1.48718 1 1.18117e-09 3.32845e-10
1.77966 1.48718 1 5.2622e-10 1.40253e-10
1.83051 1.48718 1 2.31891e-10 5.85221e-11
1.88136 1.48718 1 1.01132e-10 2.41934e-11
1.9322 1.48718 1 4.36713e-11 9.91405e-12
1.98305 1.48718 1 1.86809e-11 4.02875e-12
2.0339 1.48718 1 7.91907e-12 1.62412e-12
2.08475 1.48718 1 3.32811e-12 6.49757e-13
2.13559 1.48718 1 1.38714e-12 2.58055e-13
2.18644 1.48718 1 5.73577e-13 1.01777e-13
2.23729 1.48718 1 2.35373e-13 3.98696e-14
2.28814 1.48718 1 9.58897e-14 1.55156e-14
2.33898 1.48718 1 3.87872e-14 6.00199e-15
2.38983 1.48718 1 1.5584e-14 2.30392e-15
2.44068 1.48718 1 6.22143e-15 8.85816e-16
2.49153 1.48718 1 2.46417e-15 3.35251e-16
2.54237 1.48718 1 9.73419e-16 1.23765e-16
2.59322 1.48718 1 3.78947e-16 4.49439e-17
2.64407 1.48718 1 1.40978e-16 1.60363e-17
2.69492 1.48718 1 5.22746e-17 5.64729e-18
2.74576 1.48718 1 1.93102e-17 1.97474e-18
2.79661 1.48718 1 7.1036e-18 6.88275e-19
2.84746 1.48718 1 2.59854e-18 2.39463e-19
2.89831 1.48718 1 9.34629e-19 8.27527e-20
2.94915 1.48718 1 3.00632e-19 2.64402e-20
3 1.48718 1 0 0

0 1.53846 1.00015 0 0
0.0508475 1.53846 1.00053 -8.62242e-05 0.00103144
0.101695 1.53846 1.00091 4.15877e-05 0.00194466
0.152542 1.53846 1.00122 0.00031362 0.00263157
0.20339 1.53846 1.00141 0.000634537 0.00301481
0.254237 1.53846 1.00144 0.000914129 0.0030826
0.305085 1.53846 1.00136 0.00109254 0.00288602
0.355932 1.53846 1.00119 0.00114959 0.00251266
0.40678 1.53846 1.00098 0.00109846 0.00205618
0.457627 1.53846 1.00076 0.000971351 0.00159414
0.508475 1.53846 1.00057 0.000805135 0.00117821
0.559322 1.53846 1.00041 0.000631333 0.000834293
0.610169 1.53846 1.00028 0.000471593 0.000568325
0.661017 1.53846 1.00019 0.000337413 0.000373731
0.711864 1.53846 1.00012 0.000232245 0.000237949
0.762712 1.53846 1.00007 0.000154343 0.000147053
0.813559 1.53846 1.00005 9.93335e-05 8.84057e-05
0.864407 1.53846 1.00003 6.20706e-05 5.17995e-05
0.915254 1.53846 1.00002 3.77405e-05 2.96266e-05
0.966102 1.53846 1.00001 2.23701e-05 1.65597e-05
1.01695 1.53846 1 1.29459e-05 9.05243e-06
1.0678 1.53846 1 7.32395e-06 4.84211e-06
1.11864 1.53846 1 4.05461e-06 2.53534e-06
1.16949 1.53846 1 2.19849e-06 1.3001e-06
1.22034 1.53846 1 1.1685e-06 6.53316e-07
1.27119 1.53846 1 6.0927e-07 3.21966e-07
1.32203 1.53846 1 3.11901e-07 1.55749e-07
1.37288 1.53846 1 1.56894e-07 7.40264e-08
1.42373 1.53846 1 7.76123e-08 3.46044e-08
1.47458 1.53846 1 3.77873e-08 1.59253e-08
1.52542 1.53846 1 1.81214e-08 7.22228e-09
1.57627 1.53846 1 8.56638e-09 3.23059e-09
1.62712 1.53846 1 3.99464e-09 1.42652e-09
1.67797 1.53846 1 1.83877e-09 6.22299e-10
1.72881 1.53846 1 8.36036e-10 2.68384e-10
1.77966 1.53846 1 3.75691e-10 1.14507e-10
1.83051 1.53846 1 1.66951e-10 4.83592e-11
1.88136 1.53846 1 7.34046e-11 2.02272e-11
1.9322 1.53846 1 3.19482e-11 8.38323e-12
1.98305 1.53846 1 1.37706e-11 3.44429e-12
2.0339 1.53846 1 5.88072e-12 1.40339e-12
2.08475 1.53846 1 2.48913e-12 5.67282e-13
2.13559 1.53846 1 1.04463e-12 2.27576e-13
2.18644 1.53846 1 4.34832e-13 9.06295e-14
2.23729 1.53846 1 1.79584e-13 3.58488e-14
2.28814 1.53846 1 7.36177e-14 1.4078e-14
2.33898 1.53846 1 2.99605e-14 5.49086e-15
2.38983 1.53846 1 1.21089e-14 2.1295e-15
2.44068 1.53846 1 4.85846e-15 8.21586e-16
2.49153 1.53846 1 1.93375e-15 3.15787e-16
2.54237 1.53846 1 7.70847e-16 1.24185e-16
2.59322 1.53846 1 3.01486e-16 4.3116e-17
2.64407 1.53846 1 1.12092e-16 1.51722e-17
2.69492 1.53846 1 4.16443e-17 5.35175e-18
2.74576 1.53846 1 1.54333e-17 1.88563e-18
2.79661 1.53846 1 5.6997e-18 6.63195e-19
2.84746 1.53846 1 2.09381e-18 2.32769e-19
2.89831 1.53846 1 7.5623e-19 8.10666e-20
2.94915 1.53846 1 2.44096e-19 2.60535e-20
3 1.53846 1 0 0

0 1.58974 1.0001 0 0
0.0508475 1.58974 1.0003 -6.5065e-05 0.000590826
0.101695 1.58974 1.00051 -9.17179e-06 0.00110801
0.152542 1.58974 1.00068 0.000128876 0.00149816
0.20339 1.58974 1.00078 0.000299181 0.00172152
0.254237 1.58974 1.0008 0.000453848 0.00177058
0.305085 1.58974 1.00075 0.000559331 0.00167062
0.355932 1.58974 1.00066 0.000601999 0.00146763
0.40678 1.58974 1.00055 0.000586016 0.00121265
0.457627 1.58974 1.00043 0.000526663 0.000949556
0.508475 1.58974 1.00033 0.000442929 0.000708842
0.559322 1.58974 1.00023 0.000351951 0.000506892
0.610169 1.58974 1.00016 0.000266134 0.000348625
0.661017 1.58974 1.00011 0.000192585 0.000231393
0.711864 1.58974 1.00007 0.000133969 0.000148645
0.762712 1.58974 1.00004 8.99194e-05 9.26527e-05
0.813559 1.58974 1.00003 5.84136e-05 5.61598e-05
0.864407 1.58974 1.00002 3.6824e-05 3.31653e-05
0.915254 1.58974 1.00001 2.2578e-05 1.91134e-05
0.966102 1.58974 1.00001 1.34902e-05 1.07637e-05
1.01695 1.58974 1 7.8676e-06 5.92907e-06
1.0678 1.58974 1 4.48497e-06 3.19703e-06
1.11864 1.58974 1 2.50191e-06 1.68853e-06
1.16949 1.58974 1 1.36713e-06 8.74032e-07
1.22034 1.58974 1 7.32421e-07 4.43681e-07
1.27119 1.58974 1 3.8502e-07 2.21024e-07
1.32203 1.58974 1 1.98757e-07 1.08135e-07
1.37288 1.58974 1 1.00837e-07 5.20009e-08
1.42373 1.58974 1 5.03161e-08 2.46004e-08
1.47458 1.58974 1 2.47121e-08 1.14586e-08
1.52542 1.58974 1 1.19549e-08 5.25958e-09
1.57627 1.58974 1 5.7007e-09 2.38096e-09
1.62712 1.58974 1 2.68131e-09 1.06383e-09
1.67797 1.58974 1 1.24476e-09 4.69491e-10
1.72881 1.58974 1 5.707e-10 2.04791e-10
1.77966 1.58974 1 2.58563e-10 8.83473e-11
1.83051 1.58974 1 1.15824e-10 3.77161e-11
1.88136 1.58974 1 5.13248e-11 1.5942e-11
1.9322 1.58974 1 2.25091e-11 6.67498e-12
1.98305 1.58974 1 9.77436e-12 2.76978e-12
2.0339 1.58974 1 4.20435e-12 1.13948e-12
2.08475 1.58974 1 1.7921e-12 4.64947e-13
2.13559 1.58974 1 7.57252e-13 1.88225e-13
2.18644 1.58974 1 3.1731e-13 7.56241e-14
2.23729 1.58974 1 1.31897e-13 3.01716e-14
2.28814 1.58974 1 5.44008e-14 1.19543e-14
2.33898 1.58974 1 2.22767e-14 4.70167e-15
2.38983 1.58974 1 9.06003e-15 1.83588e-15
2.44068 1.58974 1 3.6595e-15 7.13979e-16
2.49153 1.58974 1 1.46747e-15 2.79072e-16
2.54237 1.58974 1 5.82022e-16 1.10819e-16
2.59322 1.58974 1 2.23154e-16 3.83264e-17
2.64407 1.58974 1 8.44514e-17 1.34666e-17
2.69492 1.58974 1 3.17125e-17 4.76133e-18
2.74576 1.58974 1 1.18415e-17 1.68621e-18
2.79661 1.58974 1 4.3999e-18 5.96938e-19
2.84746 1.58974 1 1.625e-18 2.10971e-19
2.89831 1.58974 1 5.89733e-19 7.39653e-20
2.94915 1.58974 1 1.91087e-19 2.38958e-20
3 1.58974 1 0 0

0 1.64103 1.00006 0 0
0.0508475 1.64103 1.00017 -4.40225e-05 0.000332511
0.101695 1.64103 1.00028 -2.07747e-05 0.000620771
0.152542 1.64103 1.00037 4.83179e-05 0.000838479
0.20339 1.64103 1.00042 0.00013725 0.000965566
0.254237 1.64103 1.00043 0.000220947 0.000997759
0.305085 1.64103 1.00041 0.000281139 0.000947607
0.355932 1.64103 1.00036 0.000309418 0.00083896
0.40678 1.64103 1.0003 0.000306639 0.000699142
0.457627 1.64103 1.00024 0.000279858 0.000552376
0.508475 1.64103 1.00018 0.000238628 0.000416123
0.559322 1.64103 1.00013 0.000192017 0.000300291
0.610169 1.64103 1.00009 0.0001469 0.000208394
0.661017 1.64103 1.00006 0.000107465 0.000139537
0.711864 1.64103 1.00004 7.55232e-05 9.04062e-05
0.762712 1.64103 1.00003 5.11803e-05 5.68186e-05
0.813559 1.64103 1.00002 3.35513e-05 3.47151e-05
0.864407 1.64103 1.00001 2.13339e-05 2.06594e-05
0.915254 1.64103 1.00001 1.31882e-05 1.19952e-05
0.966102 1.64103 1 7.942e-06 6.80464e-06
1.01695 1.64103 1 4.66708e-06 3.7758e-06
1.0678 1.64103 1 2.68022e-06 2.05129e-06
1.11864 1.64103 1 1.5061e-06 1.09194e-06
1.16949 1.64103 1 8.29027e-07 5.6993e-07
1.22034 1.64103 1 4.47434e-07 2.91869e-07
1.27119 1.64103 1 2.36982e-07 1.46755e-07
1.32203 1.64103 1 1.23276e-07 7.25006e-08
1.37288 1.64103 1 6.30315e-08 3.52174e-08
1.42373 1.64103 1 3.1701e-08 1.68333e-08
1.47458 1.64103 1 1.56942e-08 7.92332e-09
1.52542 1.64103 1 7.65342e-09 3.6754e-09
1.57627 1.64103 1 3.67889e-09 1.68144e-09
1.62712 1.64103 1 1.74423e-09 7.59179e-10
1.67797 1.64103 1 8.16174e-10 3.38525e-10
1.72881 1.64103 1 3.77146e-10 1.49176e-10
1.77966 1.64103 1 1.72198e-10 6.50015e-11
1.83051 1.64103 1 7.77256e-11 2.80227e-11
1.88136 1.64103 1 3.47006e-11 1.19587e-11
1.9322 1.64103 1 1.53302e-11 5.05422e-12
1.98305 1.64103 1 6.70492e-12 2.11646e-12
2.0339 1.64103 1 2.90436e-12 8.78495e-13
2.08475 1.64103 1 1.2465e-12 3.61576e-13
2.13559 1.64103 1 5.30242e-13 1.4762e-13
2.18644 1.64103 1 2.23643e-13 5.98087e-14
2.23729 1.64103 1 9.35594e-14 2.40458e-14
2.28814 1.64103 1 3.88299e-14 9.60396e-15
2.33898 1.64103 1 1.59921e-14 3.80513e-15
2.38983 1.64103 1 6.54392e-15 1.49789e-15
2.44068 1.64103 1 2.66078e-15 5.80223e-16
2.49153 1.64103 1 1.07199e-15 2.24477e-16
2.54237 1.64103 1 4.26683e-16 8.48774e-17
2.59322 1.64103 1 1.62908e-16 3.09601e-17
2.64407 1.64103 1 6.18623e-17 1.11277e-17
2.69492 1.64103 1 2.33604e-17 3.98174e-18
2.74576 1.64103 1 8.77501e-18 1.42209e-18
2.79661 1.64103 1 3.27949e-18 5.07144e-19
2.84746 1.64103 1 1.21788e-18 1.80475e-19
2.89831 1.64103 1 4.4422e-19 6.36806e-20
2.94915 1.64103 1 1.44522e-19 2.06764e-20
3 1.64103 1 0 0

0 1.69231 1.00003 0 0
0.0508475 1.69231 1.00009 -2.77727e-05 0.000183827
0.101695 1.69231 1.00015 -1.87491e-05 0.000341903
0.152542 1.69231 1.0002 1.53665e-05 0.000461318
0.20339 1.69231 1.00022 6.11038e-05 0.000532086
0.254237 1.69231 1.00023 0.000105503 0.000551937
0.305085 1.69231 1.00022 0.000138847 0.000527108
0.355932 1.69231 1.0002 0.000156252 0.000469839
0.40678 1.69231 1.00017 0.00015755 0.000394515
0.457627 1.69231 1.00013 0.000145917 0.000314224
0.508475 1.69231 1.0001 0.000126058 0.000238698
0.559322 1.69231 1.00007 0.000102655 0.000173713
0.610169 1.69231 1.00005 7.94119e-05 0.000121571
0.661017 1.69231 1.00003 5.87019e-05 8.20807e-05
0.711864 1.69231 1.00002 4.16606e-05 5.36145e-05
0.762712 1.69231 1.00001 2.84959e-05 3.39643e-05
0.813559 1.69231 1.00001 1.8846e-05 2.09123e-05
0.864407 1.69231 1.00001 1.20845e-05 1.25387e-05
0.915254 1.69231 1 7.53071e-06 7.33347e-06
0.966102 1.69231 1 4.57008e-06 4.18993e-06
1.01695 1.69231 1 2.70561e-06 2.34146e-06
1.0678 1.69231 1 1.56504e-06 1.28116e-06
1.11864 1.69231 1 8.85697e-07 6.8699e-07
1.16949 1.69231 1 4.90961e-07 3.613e-07
1.22034 1.69231 1 2.66843e-07 1.86496e-07
1.27119 1.69231 1 1.42334e-07 9.45494e-08
1.32203 1.69231 1 7.45717e-08 4.71125e-08
1.37288 1.69231 1 3.84052e-08 2.30889e-08
1.42373 1.69231 1 1.94571e-08 1.11369e-08
1.47458 1.69231 1 9.70385e-09 5.29088e-09
1.52542 1.69231 1 4.76742e-09 2.47737e-09
1.57627 1.69231 1 2.30875e-09 1.14407e-09
1.62712 1.69231 1 1.10279e-09 5.21429e-10
1.67797 1.69231 1 5.19864e-10 2.34691e-10
1.72881 1.69231 1 2.42e-10 1.04381e-10
1.77966 1.69231 1 1.11301e-10 4.58996e-11
1.83051 1.69231 1 5.06022e-11 1.99664e-11
1.88136 1.69231 1 2.27527e-11 8.59621e-12
1.9322 1.69231 1 1.01225e-11 3.66469e-12
1.98305 1.69231 1 4.45786e-12 1.54768e-12
2.0339 1.69231 1 1.94412e-12 6.47762e-13
2.08475 1.69231 1 8.3994e-13 2.6878e-13
2.13559 1.69231 1 3.59638e-13 1.10608e-13
2.18644 1.69231 1 1.52653e-13 4.51618e-14
2.23729 1.69231 1 6.42577e-14 1.82968e-14
2.28814 1.69231 1 2.68318e-14 7.36033e-15
2.33898 1.69231 1 1.1118e-14 2.93657e-15
2.38983 1.69231 1 4.57414e-15 1.16627e-15
2.44068 1.69231 1 1.86911e-15 4.58289e-16
2.49153 1.69231 1 7.62204e-16 1.8241e-16
2.54237 1.69231 1 3.04813e-16 6.63924e-17
2.59322 1.69231 1 1.15923e-16 2.4169e-17
2.64407 1.69231 1 4.40541e-17 8.76105e-18
2.69492 1.69231 1 1.66918e-17 3.16461e-18
2.74576 1.69231 1 6.29907e-18 1.14004e-18
2.79661 1.69231 1 2.36624e-18 4.09748e-19
2.84746 1.69231 1 8.83332e-19 1.46869e-19
2.89831 1.69231 1 3.23798e-19 5.21636e-20
2.94915 1.69231 1 1.05774e-19 1.70232e-20
3 1.69231 1 0 0

0 1.74359 1.00002 0 0
0.0508475 1.74359 1.00005 -1.66564e-05 9.98044e-05
0.101695 1.74359 1.00008 -1.3516e-05 0.000185059
0.152542 1.74359 1.0001 3.10851e-06 0.000249449
0.20339 1.74359 1.00012 2.62926e-05 0.000288068
0.254237 1.74359 1.00012 4.94194e-05 0.000299768
0.305085 1.74359 1.00012 6.74256e-05 0.000287647
0.355932 1.74359 1.0001 7.75929e-05 0.00025792
0.40678 1.74359 1.00009 7.9564e-05 0.000218039
0.457627 1.74359 1.00007 7.47313e-05 0.000174939
0.508475 1.74359 1.00005 6.53679e-05 0.000133911
0.559322 1.74359 1.00004 5.38404e-05 9.82193e-05
0.610169 1.74359 1.00003 4.20923e-05 6.92808e-05
0.661017 1.74359 1.00002 3.14257e-05 4.71443e-05
0.711864 1.74359 1.00001 2.25136e-05 3.10338e-05
0.762712 1.74359 1.00001 1.55377e-05 1.98097e-05
0.813559 1.74359 1.00001 1.03641e-05 1.22883e-05
0.864407 1.74359 1 6.70022e-06 7.42163e-06
0.915254 1.74359 1 4.20819e-06 4.37159e-06
0.966102 1.74359 1 2.57307e-06 2.51512e-06
1.01695 1.74359 1 1.53443e-06 1.41522e-06
1.0678 1.74359 1 8.93864e-07 7.79694e-07
1.11864 1.74359 1 5.09357e-07 4.21002e-07
1.16949 1.74359 1 2.84269e-07 2.22986e-07
1.22034 1.74359 1 1.55547e-07 1.15943e-07
1.27119 1.74359 1 8.35283e-08 5.92244e-08
1.32203 1.74359 1 4.40581e-08 2.97405e-08
1.37288 1.74359 1 2.28448e-08 1.46921e-08
1.42373 1.74359 1 1.16531e-08 7.14492e-09
1.47458 1.74359 1 5.85184e-09 3.42277e-09
1.52542 1.74359 1 2.8949e-09 1.61624e-09
1.57627 1.74359 1 1.41168e-09 7.52766e-10
1.62712 1.74359 1 6.78998e-10 3.46025e-10
1.67797 1.74359 1 3.22311e-10 1.57076e-10
1.72881 1.74359 1 1.51077e-10 7.04549e-11
1.77966 1.74359 1 6.99624e-11 3.12428e-11
1.83051 1.74359 1 3.2025e-11 1.37041e-11
1.88136 1.74359 1 1.4497e-11 5.94869e-12
1.9322 1.74359 1 6.49267e-12 2.5566e-12
1.98305 1.74359 1 2.87815e-12 1.08834e-12
2.0339 1.74359 1 1.26333e-12 4.59077e-13
2.08475 1.74359 1 5.49297e-13 1.91961e-13
2.13559 1.74359 1 2.36673e-13 7.95967e-14
2.18644 1.74359 1 1.01084e-13 3.27381e-14
2.23729 1.74359 1 4.28099e-14 1.33651e-14
2.28814 1.74359 1 1.79807e-14 5.41767e-15
2.33898 1.74359 1 7.49312e-15 2.18235e-15
2.38983 1.74359 1 3.10635e-15 8.69766e-16
2.44068 1.74359 1 1.28065e-15 3.47369e-16
2.49153 1.74359 1 5.17876e-16 1.39543e-16
2.54237 1.74359 1 2.02853e-16 5.01308e-17
2.59322 1.74359 1 7.85082e-17 1.82076e-17
2.64407 1.74359 1 3.01526e-17 6.62834e-18
2.69492 1.74359 1 1.15121e-17 2.4107e-18
2.74576 1.74359 1 4.37215e-18 8.74985e-19
2.79661 1.74359 1 1.65194e-18 3.16823e-19
2.84746 1.74359 1 6.2005e-19 1.1437e-19
2.89831 1.74359 1 2.28435e-19 4.08894e-20
2.94915 1.74359 1 7.49281e-20 1.34137e-20
3 1.74359 1 0 0

0 1.79487 1.00001 0 0
0.0508475 1.79487 1.00003 -9.61309e-06 5.31437e-05
0.101695 1.79487 1.00004 -8.73879e-06 9.82939e-05
0.152542 1.79487 1.00005 -7.3983e-07 0.000132381
0.20339 1.79487 1.00006 1.08522e-05 0.000153027
0.254237 1.79487 1.00006 2.26976e-05 0.000159671
0.305085 1.79487 1.00006 3.2205e-05 0.000153847
0.355932 1.79487 1.00005 3.79123e-05 0.000138671
0.40678 1.79487 1.00005 3.95199e-05 0.000117941
0.457627 1.79487 1.00004 3.76229e-05 9.52563e-05
0.508475 1.79487 1.00003 3.33001e-05 7.3429e-05
0.559322 1.79487 1.00002 2.77246e-05 5.42492e-05
0.610169 1.79487 1.00002 2.18934e-05 3.85482e-05
0.661017 1.79487 1.00001 1.65006e-05 2.64256e-05
0.711864 1.79487 1.00001 1.19277e-05 1.75235e-05
0.762712 1.79487 1 8.30264e-06 1.12673e-05
0.813559 1.79487 1 5.58367e-06 7.03942e-06
0.864407 1.79487 1 3.63823e-06 4.28148e-06
0.915254 1.79487 1 2.30238e-06 2.53936e-06
0.966102 1.79487 1 1.41807e-06 1.47089e-06
1.01695 1.79487 1 8.51626e-07 8.33188e-07
1.0678 1.79487 1 4.99499e-07 4.62086e-07
1.11864 1.79487 1 2.86532e-07 2.5117e-07
1.16949 1.79487 1 1.60958e-07 1.3393e-07
1.22034 1.79487 1 8.86414e-08 7.01154e-08
1.27119 1.79487 1 4.79048e-08 3.60664e-08
1.32203 1.79487 1 2.54292e-08 1.82413e-08
1.37288 1.79487 1 1.32695e-08 9.07757e-09
1.42373 1.79487 1 6.81201e-09 4.44763e-09
1.47458 1.79487 1 3.44273e-09 2.1469e-09
1.52542 1.79487 1 1.71407e-09 1.02162e-09
1.57627 1.79487 1 8.41243e-10 4.79536e-10
1.62712 1.79487 1 4.07233e-10 2.22161e-10
1.67797 1.79487 1 1.94553e-10 1.01642e-10
1.72881 1.79487 1 9.17783e-11 4.59492e-11
1.77966 1.79487 1 4.27732e-11 2.05354e-11
1.83051 1.79487 1 1.97035e-11 9.07749e-12
1.88136 1.79487 1 8.97544e-12 3.97073e-12
1.9322 1.79487 1 4.04483e-12 1.71954e-12
1.98305 1.79487 1 1.80407e-12 7.37506e-13
2.0339 1.79487 1 7.96692e-13 3.13406e-13
2.08475 1.79487 1 3.48487e-13 1.32015e-13
2.13559 1.79487 1 1.51037e-13 5.5139e-14
2.18644 1.79487 1 6.48812e-14 2.2844e-14
2.23729 1.79487 1 2.76377e-14 9.38946e-15
2.28814 1.79487 1 1.16738e-14 3.82719e-15
2.33898 1.79487 1 4.88645e-15 1.55166e-15
2.38983 1.79487 1 2.03239e-15 6.25778e-16
2.44068 1.79487 1 8.44784e-16 2.50833e-16
2.49153 1.79487 1 3.43894e-16 9.51246e-17
2.54237 1.79487 1 1.33719e-16 3.53508e-17
2.59322 1.79487 1 5.18419e-17 1.30497e-17
2.64407 1.79487 1 2.00031e-17 4.80066e-18
2.69492 1.79487 1 7.6782e-18 1.76103e-18
2.74576 1.79487 1 2.93204e-18 6.44207e-19
2.79661 1.79487 1 1.11376e-18 2.34995e-19
2.84746 1.79487 1 4.20204e-19 8.54316e-20
2.89831 1.79487 1 1.55556e-19 3.07464e-20
2.94915 1.79487 1 5.12246e-20 1.01422e-20
3 1.79487 1 0 0

0 1.84615 1 0 0
0.0508475 1.84615 1.00001 -5.39627e-06 2.75834e-05
0.101695 1.84615 1.00002 -5.30238e-06 5.09065e-05
0.152542 1.84615 1.00003 -1.50092e-06 6.85061e-05
0.20339 1.84615 1.00003 4.21779e-06 7.92528e-05
0.254237 1.84615 1.00003 1.01866e-05 8.28841e-05
0.305085 1.84615 1.00003 1.5102e-05 8.01477e-05
0.355932 1.84615 1.00003 1.82003e-05 7.25761e-05
0.40678 1.84615 1.00002 1.92823e-05 6.20616e-05
0.457627 1.84615 1.00002 1.85955e-05 5.04263e-05
0.508475 1.84615 1.00002 1.66438e-05 3.91212e-05
0.559322 1.84615 1.00001 1.39978e-05 2.90962e-05
0.610169 1.84615 1.00001 1.11577e-05 2.08167e-05
0.661017 1.84615 1.00001 8.48378e-06 1.43693e-05
0.711864 1.84615 1 6.18419e-06 9.59479e-06
0.762712 1.84615 1 4.33925e-06 6.21189e-06
0.813559 1.84615 1 2.94065e-06 3.90753e-06
0.864407 1.84615 1 1.93022e-06 2.39266e-06
0.915254 1.84615 1 1.23017e-06 1.42853e-06
0.966102 1.84615 1 7.62857e-07 8.3288e-07
1.01695 1.84615 1 4.61161e-07 4.74839e-07
1.0678 1.84615 1 2.72211e-07 2.65035e-07
1.11864 1.84615 1 1.57121e-07 1.44984e-07
1.16949 1.84615 1 8.87975e-08 7.78064e-08
1.22034 1.84615 1 4.91929e-08 4.09978e-08
1.27119 1.84615 1 2.67416e-08 2.12276e-08
1.32203 1.84615 1 1.42778e-08 1.08082e-08
1.37288 1.84615 1 7.49354e-09 5.41527e-09
1.42373 1.84615 1 3.86906e-09 2.67166e-09
1.47458 1.84615 1 1.96666e-09 1.29871e-09
1.52542 1.84615 1 9.84795e-10 6.22414e-10
1.57627 1.84615 1 4.86105e-10 2.94262e-10
1.62712 1.84615 1 2.36668e-10 1.37317e-10
1.67797 1.84615 1 1.13715e-10 6.32828e-11
1.72881 1.84615 1 5.39501e-11 2.8817e-11
1.77966 1.84615 1 2.52862e-11 1.29727e-11
1.83051 1.84615 1 1.17139e-11 5.77615e-12
1.88136 1.84615 1 5.36584e-12 2.54491e-12
1.9322 1.84615 1 2.43154e-12 1.10999e-12
1.98305 1.84615 1 1.09046e-12 4.79463e-13
2.0339 1.84615 1 4.84169e-13 2.05192e-13
2.08475 1.84615 1 2.12917e-13 8.70412e-14
2.13559 1.84615 1 9.27679e-14 3.66009e-14
2.18644 1.84615 1 4.00563e-14 1.5269e-14
2.23729 1.84615 1 1.71432e-14 6.32097e-15
2.28814 1.84615 1 7.27759e-15 2.59055e-15
2.33898 1.84615 1 3.06843e-15 1.05243e-15
2.38983 1.84615 1 1.28813e-15 4.28624e-16
2.44068 1.84615 1 5.33398e-16 1.7412e-16
2.49153 1.84615 1 2.12816e-16 6.46871e-17
2.54237 1.84615 1 8.37906e-17 2.41046e-17
2.59322 1.84615 1 3.27204e-17 8.96395e-18
2.64407 1.84615 1 1.26956e-17 3.32368e-18
2.69492 1.84615 1 4.89791e-18 1.22859e-18
2.74576 1.84615 1 1.87943e-18 4.52761e-19
2.79661 1.84615 1 7.17293e-19 1.66339e-19
2.84746 1.84615 1 2.71867e-19 6.08907e-20
2.89831 1.84615 1 1.01078e-19 2.20614e-20
2.94915 1.84615 1 3.3405e-20 7.32371e-21
3 1.84615 1 0 0

0 1.89744 1 0 0
0.0508475 1.89744 1.00001 -2.96914e-06 1.35837e-05
0.101695 1.89744 1.00001 -3.08218e-06 2.49995e-05
0.152542 1.89744 1.00001 -1.3074e-06 3.36072e-05
0.20339 1.89744 1.00002 1.45277e-06 3.89004e-05
0.254237 1.89744 1.00002 4.38285e-06 4.07622e-05
0.305085 1.89744 1.00002 6.84606e-06 3.95401e-05
0.355932 1.89744 1.00001 8.45968e-06 3.59516e-05
0.40678 1.89744 1.00001 9.10803e-06 3.08924e-05
0.457627 1.89744 1.00001 8.89157e-06 2.52369e-05
0.508475 1.89744 1.00001 8.03995e-06 1.96934e-05
0.559322 1.89744 1.00001 6.823e-06 1.47367e-05
0.610169 1.89744 1 5.48361e-06 1.061e-05
0.661017 1.89744 1 4.20157e-06 7.37098e-06
0.711864 1.89744 1 3.08489e-06 4.95377e-06
0.762712 1.89744 1 2.17943e-06 3.22803e-06
0.813559 1.89744 1 1.48664e-06 2.0437e-06
0.864407 1.89744 1 9.81912e-07 1.25943e-06
0.915254 1.89744 1 6.29538e-07 7.56714e-07
0.966102 1.89744 1 3.92633e-07 4.43959e-07
1.01695 1.89744 1 2.38664e-07 2.54681e-07
1.0678 1.89744 1 1.41627e-07 1.43029e-07
1.11864 1.89744 1 8.21682e-08 7.87223e-08
1.16949 1.89744 1 4.66698e-08 4.25059e-08
1.22034 1.89744 1 2.59807e-08 2.25353e-08
1.27119 1.89744 1 1.41909e-08 1.17408e-08
1.32203 1.89744 1 7.61241e-09 6.01548e-09
1.37288 1.89744 1 4.01391e-09 3.03313e-09
1.42373 1.89744 1 2.08204e-09 1.50607e-09
1.47458 1.89744 1 1.06317e-09 7.3689e-10
1.52542 1.89744 1 5.34812e-10 3.55489e-10
1.57627 1.89744 1 2.65192e-10 1.69186e-10
1.62712 1.89744 1 1.29699e-10 7.948e-11
1.67797 1.89744 1 6.26001e-11 3.68756e-11
1.72881 1.89744 1 2.98333e-11 1.69055e-11
1.77966 1.89744 1 1.40453e-11 7.6619e-12
1.83051 1.89744 1 6.5354e-12 3.43455e-12
1.88136 1.89744 1 3.00688e-12 1.52341e-12
1.9322 1.89744 1 1.36852e-12 6.68905e-13
1.98305 1.89744 1 6.16382e-13 2.90869e-13
2.0339 1.89744 1 2.74845e-13 1.25311e-13
2.08475 1.89744 1 1.21373e-13 5.35057e-14
2.13559 1.89744 1 5.30976e-14 2.26464e-14
2.18644 1.89744 1 2.30254e-14 9.50452e-15
2.23729 1.89744 1 9.89134e-15 3.96197e-15
2.28814 1.89744 1 4.20888e-15 1.64157e-15
2.33898 1.89744 1 1.78183e-15 6.75311e-16
2.38983 1.89744 1 7.54148e-16 2.77523e-16
2.44068 1.89744 1 3.13198e-16 1.07045e-16
2.49153 1.89744 1 1.23705e-16 4.06036e-17
2.54237 1.89744 1 4.87059e-17 1.52663e-17
2.59322 1.89744 1 1.90765e-17 5.71629e-18
2.64407 1.89744 1 7.4297e-18 2.13369e-18
2.69492 1.89744 1 2.87757e-18 7.94038e-19
2.74576 1.89744 1 1.10848e-18 2.94594e-19
2.79661 1.89744 1 4.24665e-19 1.08954e-19
2.84746 1.89744 1 1.6155e-19 4.01485e-20
2.89831 1.89744 1 6.02737e-20 1.4646e-20
2.94915 1.89744 1 1.99819e-20 4.90304e-21
3 1.89744 1 0 0

0 1.94872 1 0 0
0.0508475 1.94872 1 -1.49883e-06 5.53851e-06
0.101695 1.94872 1.00001 -1.59561e-06 1.01213e-05
0.152542 1.94872 1.00001 -8.44099e-07 1.35753e-05
0.20339 1.94872 1.00001 3.40759e-07 1.57161e-05
0.254237 1.94872 1.00001 1.60781e-06 1.64976e-05
0.305085 1.94872 1.00001 2.68654e-06 1.60509e-05
0.355932 1.94872 1.00001 3.41245e-06 1.46514e-05
0.40678 1.94872 1.00001 3.73195e-06 1.2648e-05
0.457627 1.94872 1.00001 3.68244e-06 1.03861e-05
0.508475 1.94872 1 3.35717e-06 8.14997e-06
0.559322 1.94872 1 2.86835e-06 6.13444e-06
0.610169 1.94872 1 2.31879e-06 4.44338e-06
0.661017 1.94872 1 1.78593e-06 3.10596e-06
0.711864 1.94872 1 1.31748e-06 2.10042e-06
0.762712 1.94872 1 9.34833e-07 1.37725e-06
0.813559 1.94872 1 6.40242e-07 8.77385e-07
0.864407 1.94872 1 4.24469e-07 5.44036e-07
0.915254 1.94872 1 2.73104e-07 3.28883e-07
0.966102 1.94872 1 1.70898e-07 1.94124e-07
1.01695 1.94872 1 1.04209e-07 1.1203e-07
1.0678 1.94872 1 6.20245e-08 6.32896e-08
1.11864 1.94872 1 3.60881e-08 3.50397e-08
1.16949 1.94872 1 2.05537e-08 1.90306e-08
1.22034 1.94872 1 1.14725e-08 1.01486e-08
1.27119 1.94872 1 6.28258e-09 5.31832e-09
1.32203 1.94872 1 3.3787e-09 2.74092e-09
1.37288 1.94872 1 1.78598e-09 1.3902e-09
1.42373 1.94872 1 9.28685e-10 6.94396e-10
1.47458 1.94872 1 4.75384e-10 3.41789e-10
1.52542 1.94872 1 2.39719e-10 1.65878e-10
1.57627 1.94872 1 1.19157e-10 7.94235e-11
1.62712 1.94872 1 5.84183e-11 3.75384e-11
1.67797 1.94872 1 2.82643e-11 1.75224e-11
1.72881 1.94872 1 1.35025e-11 8.08211e-12
1.77966 1.94872 1 6.3722e-12 3.68531e-12
1.83051 1.94872 1 2.97216e-12 1.66203e-12
1.88136 1.94872 1 1.37073e-12 7.41673e-13
1.9322 1.94872 1 6.25341e-13 3.27625e-13
1.98305 1.94872 1 2.82319e-13 1.4332e-13
2.0339 1.94872 1 1.26179e-13 6.21124e-14
2.08475 1.94872 1 5.58463e-14 2.66733e-14
2.13559 1.94872 1 2.44842e-14 1.13566e-14
2.18644 1.94872 1 1.0643e-14 4.79364e-15
2.23729 1.94872 1 4.58645e-15 2.00351e-15
2.28814 1.94872 1 1.95651e-15 8.36363e-16
2.33898 1.94872 1 8.31028e-16 3.52143e-16
2.38983 1.94872 1 3.49588e-16 1.45242e-16
2.44068 1.94872 1 1.4151e-16 5.43188e-17
2.49153 1.94872 1 5.65271e-17 2.05233e-17
2.54237 1.94872 1 2.23849e-17 7.75112e-18
2.59322 1.94872 1 8.80168e-18 2.9202e-18
2.64407 1.94872 1 3.43879e-18 1.09701e-18
2.69492 1.94872 1 1.33558e-18 4.10849e-19
2.74576 1.94872 1 5.15801e-19 1.53385e-19
2.79661 1.94872 1 1.98086e-19 5.70787e-20
2.84746 1.94872 1 7.55309e-20 2.1163e-20
2.89831 1.94872 1 2.82454e-20 7.77533e-21
2.94915 1.94872 1 9.38954e-21 2.63796e-21
3 1.94872 1 0 0

0 2 1 0 0
0.0508475 2 1 0 0
0.101695 2 1.00001 0 0
0.152542 2 1.00001 0 0
0.20339 2 1.00001 0 0
0.254237 2 1.00001 0 0
0.305085 2 1.00001 0 0
0.355932 2 1.00001 0 0
0.40678 2 1.00001 0 0
0.457627 2 1.00001 0 0
0.508475 2 1 0 0
0.559322 2 1 0 0
0.610169 2 1 0 0
0.661017 2 1 0 0
0.711864 2 1 0 0
0.762712 2 1 0 0
0.813559 2 1 0 0
0.864407 2 1 0 0
0.915254 2 1 0 0
0.966102 2 1 0 0
1.01695 2 1 0 0
1.0678 2 1 0 0
1.11864 2 1 0 0
1.16949 2 1 0 0
1.22034 2 1 0 0
1.27119 2 1 0 0
1.32203 2 1 0 0
1.37288 2 1 0 0
1.42373 2 1 0 0
1.47458 2 1 0 0
1.52542 2 1 0 0
1.57627 2 1 0 0
1.62712 2 1 0 0
1.67797 2 1 0 0
1.72881 2 1 0 0
1.77966 2 1 0 0
1.83051 2 1 0 0
1.88136 2 1 0 0
1.9322 2 1 0 0
1.98305 2 1 0 0
2.0339 2 1 0 0
2.08475 2 1 0 0
2.13559 2 1 0 0
2.18644 2 1 0 0
2.23729 2 1 0 0
2.28814 2 1 0 0
2.33898 2 1 0 0
2.38983 2 1 0 0
2.44068 2 1 0 0
2.49153 2 1 0 0
2.54237 2 1 0 0
2.59322 2 1 0 0
2.64407 2 1 0 0
2.69492 2 1 0 0
2.74576 2 1 0 0
2.79661 2 1 0 0
2.84746 2 1 0 0
2.89831 2 1 0 0
2.94915 2 1 0 0
3 2 1 0 0

