0 0 1 0
0.0612245 0 0 0
0.122449 0 0 0
0.183673 0 0 0
0.244898 0 0 0
0.306122 0 0 0
0.367347 0 0 0
0.428571 0 0 0
0.489796 0 0 0
0.55102 0 0 0
0.612245 0 0 0
0.673469 0 0 0
0.734694 0 0 0
0.795918 0 0 0
0.857143 0 0 0
0.918367 0 0 0
0.979592 0 0 0
1.04082 0 0 0
1.10204 0 0 0
1.16327 0 0 0
1.22449 0 0 0
1.28571 0 0 0
1.34694 0 0 0
1.40816 0 0 0
1.46939 0 0 0
1.53061 0 0 0
1.59184 0 0 0
1.65306 0 0 0
1.71429 0 0 0
1.77551 0 0 0
1.83673 0 0 0
1.89796 0 0 0
1.95918 0 0 0
2.02041 0 0 0
2.08163 0 -7.90315e-19 -9.08463e-18
2.14286 0 -1.65703e-19 -1.5627e-17
2.20408 0 1.08711e-18 -1.82087e-17
2.26531 0 2.13962e-18 -1.71852e-17
2.32653 0 2.60265e-18 -1.41243e-17
2.38776 0 2.50652e-18 -1.03065e-17
2.44898 0 2.05575e-18 -6.84426e-18
2.5102 0 1.49366e-18 -4.19638e-18
2.57143 0 9.85737e-19 -2.4002e-18
2.63265 0 6.00346e-19 -1.29177e-18
2.69388 0 3.41514e-19 -6.58687e-19
2.7551 0 1.83015e-19 -3.20039e-19
2.81633 0 9.27947e-20 -1.48646e-19
2.87755 0 4.40442e-20 -6.54324e-20
2.93878 0 1.76068e-20 -2.47588e-20
3 0 0 0

0 0.0612245 1 0
0.0612245 0.0612245 0.56813 0.039949
0.122449 0.0612245 0.477675 0.0534726
0.183673 0.0612245 0.460245 0.0366917
0.244898 0.0612245 0.453533 -0.00359037
0.306122 0.0612245 0.449121 -0.0551763
0.367347 0.0612245 0.431582 -0.0979307
0.428571 0.0612245 0.390268 -0.116431
0.489796 0.0612245 0.327155 -0.110473
0.55102 0.0612245 0.254357 -0.090504
0.612245 0.0612245 0.1851 -0.0672399
0.673469 0.0612245 0.127424 -0.0467647
0.734694 0.0612245 0.0835545 -0.0310792
0.795918 0.0612245 0.0520451 -0.0200055
0.857143 0.0612245 0.0299123 -0.0124716
0.918367 0.0612245 0.0137882 -0.00685414
0.979592 0.0612245 0 0
1.04082 0.0612245 0 0
1.10204 0.0612245 0 0
1.16327 0.0612245 0 0
1.22449 0.0612245 0 0
1.28571 0.0612245 0 0
1.34694 0.0612245 0 0
1.40816 0.0612245 0 0
1.46939 0.0612245 0 0
1.53061 0.0612245 0 0
1.59184 0.0612245 0 0
1.65306 0.0612245 0 0
1.71429 0.0612245 0 0
1.77551 0.0612245 0 0
1.83673 0.0612245 0 0
1.89796 0.0612245 0 0
1.95918 0.0612245 0 0
2.02041 0.0612245 0 0
2.08163 0.0612245 -7.90315e-19 -9.08463e-18
2.14286 0.0612245 -1.65703e-19 -1.56271e-17
2.20408 0.0612245 1.08711e-18 -1.82087e-17
2.26531 0.0612245 2.13962e-18 -1.71852e-17
2.32653 0.0612245 2.60265e-18 -1.41243e-17
2.38776 0.0612245 2.50652e-18 -1.03065e-17
2.44898 0.0612245 2.05575e-18 -6.84426e-18
2.5102 0.0612245 1.49366e-18 -4.19638e-18
2.57143 0.0612245 9.85737e-19 -2.4002e-18
2.63265 0.0612245 6.00346e-19 -1.29177e-18
2.69388 0.0612245 3.41514e-19 -6.58687e-19
2.7551 0.0612245 1.83015e-19 -3.20039e-19
2.81633 0.0612245 9.27947e-20 -1.48646e-19
2.87755 0.0612245 4.40442e-20 -6.54324e-20
2.93878 0.0612245 1.76068e-20 -2.47588e-20
3 0.0612245 0 0

0 0.122449 1 0
0.0612245 0.122449 0.797585 0.104674
0.122449 0.122449 0.717407 0.129995
0.183673 0.122449 0.69417 0.0971849
0.244898 0.122449 0.686213 0.0366361
0.306122 0.122449 0.684238 -0.0356253
0.367347 0.122449 0.672703 -0.0993717
0.428571 0.122449 0.630245 -0.13594
0.489796 0.122449 0.548126 -0.140098
0.55102 0.122449 0.438874 -0.121124
0.612245 0.122449 0.325639 -0.0930395
0.673469 0.122449 0.226697 -0.0659556
0.734694 0.122449 0.149494 -0.0442609
0.795918 0.122449 0.0932662 -0.0285567
0.857143 0.122449 0.0533976 -0.0176467
0.918367 0.122449 0.0241699 -0.0093469
0.979592 0.122449 0 0
1.04082 0.122449 0 0
1.10204 0.122449 0 0
1.16327 0.122449 0 0
1.22449 0.122449 0 0
1.28571 0.122449 0 0
1.34694 0.122449 0 0
1.40816 0.122449 0 0
1.46939 0.122449 0 0
1.53061 0.122449 0 0
1.59184 0.122449 0 0
1.65306 0.122449 0 0
1.71429 0.122449 0 0
1.77551 0.122449 0 0
1.83673 0.122449 0 0
1.89796 0.122449 0 0
1.95918 0.122449 0 0
2.02041 0.122449 0 0
2.08163 0.122449 -2.79707e-18 -2.51493e-17
2.14286 0.122449 -6.20167e-19 -4.35621e-17
2.20408 0.122449 3.55393e-18 -5.00299e-17
2.26531 0.122449 6.76726e-18 -4.62133e-17
2.32653 0.122449 7.97738e-18 -3.74475e-17
2.38776 0.122449 7.49904e-18 -2.65716e-17
2.44898 0.122449 5.98019e-18 -1.72376e-17
2.5102 0.122449 4.22312e-18 -1.0328e-17
2.57143 0.122449 2.71207e-18 -5.77612e-18
2.63265 0.122449 1.60759e-18 -3.03985e-18
2.69388 0.122449 8.90555e-19 -1.51607e-18
2.7551 0.122449 4.65022e-19 -7.2104e-19
2.81633 0.122449 2.30011e-19 -3.28236e-19
2.87755 0.122449 1.0683e-19 -1.42027e-19
2.93878 0.122449 4.21955e-20 -5.33152e-20
3 0.122449 0 0

0 0.183673 1 0
0.0612245 0.183673 0.876561 0.0681537
0.122449 0.183673 0.821035 0.0975833
0.183673 0.183673 0.811036 0.0794807
0.244898 0.183673 0.814484 0.0340192
0.306122 0.183673 0.819198 -0.0232018
0.367347 0.183673 0.81279 -0.0778126
0.428571 0.183673 0.774523 -0.115348
0.489796 0.183673 0.689725 -0.127138
0.55102 0.183673 0.565718 -0.115966
0.612245 0.183673 0.427922 -0.0925534
0.673469 0.183673 0.301784 -0.0672705
0.734694 0.183673 0.200542 -0.0458252
0.795918 0.183673 0.125578 -0.0297728
0.857143 0.183673 0.0718911 -0.0183497
0.918367 0.183673 0.0323568 -0.00953983
0.979592 0.183673 0 0
1.04082 0.183673 0 0
1.10204 0.183673 0 0
1.16327 0.183673 0 0
1.22449 0.183673 0 0
1.28571 0.183673 0 0
1.34694 0.183673 0 0
1.40816 0.183673 0 0
1.46939 0.183673 0 0
1.53061 0.183673 0 0
1.59184 0.183673 0 0
1.65306 0.183673 0 0
1.71429 0.183673 0 0
1.77551 0.183673 0 0
1.83673 0.183673 0 0
1.89796 0.183673 0 0
1.95918 0.183673 0 0
2.02041 0.183673 0 0
2.08163 0.183673 -9.73691e-18 -8.43987e-17
2.14286 0.183673 -1.38837e-18 -1.49469e-16
2.20408 0.183673 1.40684e-17 -1.68895e-16
2.26531 0.183673 2.48136e-17 -1.53147e-16
2.32653 0.183673 2.83026e-17 -1.23185e-16
2.38776 0.183673 2.59707e-17 -8.34848e-17
2.44898 0.183673 1.99896e-17 -5.29399e-17
2.5102 0.183673 1.3711e-17 -3.08924e-17
2.57143 0.183673 8.57561e-18 -1.68718e-17
2.63265 0.183673 4.95355e-18 -8.66061e-18
2.69388 0.183673 2.67596e-18 -4.21182e-18
2.7551 0.183673 1.36309e-18 -1.95494e-18
2.81633 0.183673 6.58297e-19 -8.69608e-19
2.87755 0.183673 2.99055e-19 -3.68507e-19
2.93878 0.183673 1.16011e-19 -1.36287e-19
3 0.183673 0 0

0 0.244898 1 0
0.0612245 0.244898 0.916965 0.0430244
0.122449 0.244898 0.873371 0.0720019
0.183673 0.244898 0.863389 0.0676988
0.244898 0.244898 0.867283 0.037582
0.306122 0.244898 0.875272 -0.00578546
0.367347 0.244898 0.876446 -0.0501156
0.428571 0.244898 0.848811 -0.083808
0.489796 0.244898 0.77189 -0.0987769
0.55102 0.244898 0.646864 -0.094701
0.612245 0.244898 0.498257 -0.0784605
0.673469 0.244898 0.356018 -0.0585562
0.734694 0.244898 0.238592 -0.0405952
0.795918 0.244898 0.150141 -0.0266423
0.857143 0.244898 0.0861291 -0.0164523
0.918367 0.244898 0.0387345 -0.00847558
0.979592 0.244898 0 0
1.04082 0.244898 0 0
1.10204 0.244898 0 0
1.16327 0.244898 0 0
1.22449 0.244898 0 0
1.28571 0.244898 0 0
1.34694 0.244898 0 0
1.40816 0.244898 0 0
1.46939 0.244898 0 0
1.53061 0.244898 0 0
1.59184 0.244898 0 0
1.65306 0.244898 0 0
1.71429 0.244898 0 0
1.77551 0.244898 0 0
1.83673 0.244898 0 0
1.89796 0.244898 0 0
1.95918 0.244898 0 0
2.02041 0.244898 0 0
2.08163 0.244898 -3.66917e-17 -2.80405e-16
2.14286 0.244898 -4.91112e-18 -4.65869e-16
2.20408 0.244898 5.6034e-17 -5.21204e-16
2.26531 0.244898 9.10926e-17 -4.73216e-16
2.32653 0.244898 1.02439e-16 -3.75092e-16
2.38776 0.244898 9.20784e-17 -2.61503e-16
2.44898 0.244898 6.63932e-17 -1.64855e-16
2.5102 0.244898 4.43393e-17 -9.28739e-17
2.57143 0.244898 2.69507e-17 -4.97049e-17
2.63265 0.244898 1.51758e-17 -2.48362e-17
2.69388 0.244898 7.99333e-18 -1.17556e-17
2.7551 0.244898 3.96953e-18 -5.31972e-18
2.81633 0.244898 1.87093e-18 -2.31071e-18
2.87755 0.244898 8.30946e-19 -9.58214e-19
2.93878 0.244898 3.16197e-19 -3.48581e-19
3 0.244898 0 0

0 0.306122 1 0
0.0612245 0.306122 0.935572 0.023621
0.122449 0.306122 0.896478 0.0432209
0.183673 0.306122 0.883989 0.0440401
0.244898 0.306122 0.886688 0.026913
0.306122 0.306122 0.897 -0.00096385
0.367347 0.306122 0.904461 -0.0314382
0.428571 0.306122 0.886219 -0.0564827
0.489796 0.306122 0.818165 -0.0697404
0.55102 0.306122 0.696724 -0.0695164
0.612245 0.306122 0.544414 -0.0594785
0.673469 0.306122 0.393337 -0.0455092
0.734694 0.306122 0.265651 -0.0321259
0.795918 0.306122 0.168008 -0.0213354
0.857143 0.306122 0.0966543 -0.0132427
0.918367 0.306122 0.0435182 -0.00679958
0.979592 0.306122 0 0
1.04082 0.306122 0 0
1.10204 0.306122 0 0
1.16327 0.306122 0 0
1.22449 0.306122 0 0
1.28571 0.306122 0 0
1.34694 0.306122 0 0
1.40816 0.306122 0 0
1.46939 0.306122 0 0
1.53061 0.306122 0 0
1.59184 0.306122 0 0
1.65306 0.306122 0 0
1.71429 0.306122 0 0
1.77551 0.306122 0 0
1.83673 0.306122 0 0
1.89796 0.306122 0 0
1.95918 0.306122 0 0
2.02041 0.306122 0 0
2.08163 0.306122 -8.74141e-17 -8.75925e-16
2.14286 0.306122 3.40977e-17 -1.42653e-15
2.20408 0.306122 2.0517e-16 -1.57984e-15
2.26531 0.306122 3.07273e-16 -1.41248e-15
2.32653 0.306122 3.27261e-16 -1.08528e-15
2.38776 0.306122 2.8755e-16 -7.50474e-16
2.44898 0.306122 2.16617e-16 -4.70188e-16
2.5102 0.306122 1.42855e-16 -2.71583e-16
2.57143 0.306122 8.29927e-17 -1.45181e-16
2.63265 0.306122 4.57531e-17 -6.99448e-17
2.69388 0.306122 2.34455e-17 -3.21054e-17
2.7551 0.306122 1.1326e-17 -1.41449e-17
2.81633 0.306122 5.20199e-18 -5.99432e-18
2.87755 0.306122 2.25644e-18 -2.4306e-18
2.93878 0.306122 8.416e-19 -8.69032e-19
3 0.306122 0 0

0 0.367347 1 0
0.0612245 0.367347 0.945029 0.0123422
0.122449 0.367347 0.907927 0.0243855
0.183673 0.367347 0.892391 0.0270316
0.244898 0.367347 0.892366 0.0186021
0.306122 0.367347 0.902874 0.00236162
0.367347 0.367347 0.914157 -0.0168339
0.428571 0.367347 0.902798 -0.033772
0.489796 0.367347 0.842237 -0.0439484
0.55102 0.367347 0.725432 -0.0455152
0.612245 0.367347 0.572863 -0.0401573
0.673469 0.367347 0.417453 -0.0314864
0.734694 0.367347 0.283725 -0.0226489
0.795918 0.367347 0.180226 -0.0152472
0.857143 0.367347 0.103979 -0.00953901
0.918367 0.367347 0.0468981 -0.00490259
0.979592 0.367347 0 0
1.04082 0.367347 0 0
1.10204 0.367347 0 0
1.16327 0.367347 0 0
1.22449 0.367347 0 0
1.28571 0.367347 0 0
1.34694 0.367347 0 0
1.40816 0.367347 0 0
1.46939 0.367347 0 0
1.53061 0.367347 0 0
1.59184 0.367347 0 0
1.65306 0.367347 0 0
1.71429 0.367347 0 0
1.77551 0.367347 0 0
1.83673 0.367347 0 0
1.89796 0.367347 0 0
1.95918 0.367347 0 0
2.02041 0.367347 0 0
2.08163 0.367347 -1.83053e-16 -2.69952e-15
2.14286 0.367347 2.38096e-16 -4.37034e-15
2.20408 0.367347 7.6475e-16 -4.75139e-15
2.26531 0.367347 1.06213e-15 -4.15473e-15
2.32653 0.367347 1.06411e-15 -3.11783e-15
2.38776 0.367347 8.79925e-16 -2.08618e-15
2.44898 0.367347 6.37004e-16 -1.27695e-15
2.5102 0.367347 4.14498e-16 -7.25259e-16
2.57143 0.367347 2.49428e-16 -3.80869e-16
2.63265 0.367347 1.37226e-16 -1.91293e-16
2.69388 0.367347 6.73321e-17 -8.51015e-17
2.7551 0.367347 3.15498e-17 -3.65027e-17
2.81633 0.367347 1.40986e-17 -1.50871e-17
2.87755 0.367347 5.96691e-18 -5.97817e-18
2.93878 0.367347 2.17998e-18 -2.09942e-18
3 0.367347 0 0

0 0.428571 1 0
0.0612245 0.428571 0.949827 0.00634934
0.122449 0.428571 0.913698 0.013368
0.183673 0.428571 0.895985 0.0162273
0.244898 0.428571 0.893568 0.0131132
0.306122 0.428571 0.903434 0.00511256
0.367347 0.428571 0.91654 -0.00533465
0.428571 0.428571 0.90925 -0.0153081
0.489796 0.428571 0.853624 -0.0220833
0.55102 0.428571 0.740479 -0.0242279
0.612245 0.428571 0.588766 -0.0222658
0.673469 0.428571 0.431547 -0.0180163
0.734694 0.428571 0.294633 -0.0132866
0.795918 0.428571 0.187777 -0.00912044
0.857143 0.428571 0.10859 -0.00578544
0.918367 0.428571 0.0490582 -0.00299394
0.979592 0.428571 0 0
1.04082 0.428571 0 0
1.10204 0.428571 0 0
1.16327 0.428571 0 0
1.22449 0.428571 0 0
1.28571 0.428571 0 0
1.34694 0.428571 0 0
1.40816 0.428571 0 0
1.46939 0.428571 0 0
1.53061 0.428571 0 0
1.59184 0.428571 0 0
1.65306 0.428571 0 0
1.71429 0.428571 0 0
1.77551 0.428571 0 0
1.83673 0.428571 0 0
1.89796 0.428571 0 0
1.95918 0.428571 0 0
2.02041 0.428571 0 0
2.08163 0.428571 -2.89211e-16 -8.28704e-15
2.14286 0.428571 1.21957e-15 -1.32701e-14
2.20408 0.428571 2.83656e-15 -1.41193e-14
2.26531 0.428571 3.58763e-15 -1.20251e-14
2.32653 0.428571 3.4104e-15 -8.77989e-15
2.38776 0.428571 2.69698e-15 -5.70585e-15
2.44898 0.428571 1.86981e-15 -3.38077e-15
2.5102 0.428571 1.17857e-15 -1.8557e-15
2.57143 0.428571 6.7983e-16 -9.61151e-16
2.63265 0.428571 3.67853e-16 -4.70066e-16
2.69388 0.428571 1.88597e-16 -2.17132e-16
2.7551 0.428571 8.53512e-17 -9.08543e-17
2.81633 0.428571 3.71011e-17 -3.66951e-17
2.87755 0.428571 1.53169e-17 -1.42056e-17
2.93878 0.428571 5.4796e-18 -4.89766e-18
3 0.428571 0 0

0 0.489796 1 0
0.0612245 0.489796 0.952472 0.00354308
0.122449 0.489796 0.917118 0.00809609
0.183673 0.489796 0.898273 0.0113821
0.244898 0.489796 0.894168 0.0120035
0.306122 0.489796 0.90301 0.00992639
0.367347 0.489796 0.916376 0.00599944
0.428571 0.489796 0.910685 0.00145064
0.489796 0.489796 0.857415 -0.00248038
0.55102 0.489796 0.746344 -0.00493941
0.612245 0.489796 0.595537 -0.00575603
0.673469 0.489796 0.437911 -0.00535408
0.734694 0.489796 0.299774 -0.00434958
0.795918 0.489796 0.191452 -0.00321037
0.857143 0.489796 0.11089 -0.00215015
0.918367 0.489796 0.050157 -0.00115327
0.979592 0.489796 0 0
1.04082 0.489796 0 0
1.10204 0.489796 0 0
1.16327 0.489796 0 0
1.22449 0.489796 0 0
1.28571 0.489796 0 0
1.34694 0.489796 0 0
1.40816 0.489796 0 0
1.46939 0.489796 0 0
1.53061 0.489796 0 0
1.59184 0.489796 0 0
1.65306 0.489796 0 0
1.71429 0.489796 0 0
1.77551 0.489796 0 0
1.83673 0.489796 0 0
1.89796 0.489796 0 0
1.95918 0.489796 0 0
2.02041 0.489796 0 0
2.08163 0.489796 1.77001e-16 -2.53933e-14
2.14286 0.489796 5.49736e-15 -4.00501e-14
2.20408 0.489796 1.0365e-14 -4.15435e-14
2.26531 0.489796 1.20149e-14 -3.43051e-14
2.32653 0.489796 1.07499e-14 -2.42404e-14
2.38776 0.489796 8.10356e-15 -1.52492e-14
2.44898 0.489796 5.39208e-15 -8.74537e-15
2.5102 0.489796 3.25042e-15 -4.65507e-15
2.57143 0.489796 1.81445e-15 -2.33478e-15
2.63265 0.489796 9.54203e-16 -1.1035e-15
2.69388 0.489796 4.75263e-16 -5.02947e-16
2.7551 0.489796 2.22561e-16 -2.18202e-16
2.81633 0.489796 9.42737e-17 -8.60394e-17
2.87755 0.489796 3.8041e-17 -3.25141e-17
2.93878 0.489796 1.33272e-17 -1.09999e-17
3 0.489796 0 0

0 0.55102 1 0
0.0612245 0.55102 0.954278 0.00257353
0.122449 0.55102 0.91987 0.00663071
0.183673 0.55102 0.900767 0.0112864
0.244898 0.55102 0.895575 0.0153946
0.306122 0.55102 0.903113 0.0182037
0.367347 0.55102 0.915423 0.019458
0.428571 0.55102 0.90916 0.0191049
0.489796 0.55102 0.855865 0.0171698
0.55102 0.55102 0.745206 0.013993
0.612245 0.55102 0.59499 0.01032
0.673469 0.55102 0.437865 0.0069474
0.734694 0.55102 0.300009 0.00432967
0.795918 0.55102 0.191767 0.00252602
0.857143 0.55102 0.111156 0.00137017
0.918367 0.55102 0.0503085 0.000619902
0.979592 0.55102 0 0
1.04082 0.55102 0 0
1.10204 0.55102 0 0
1.16327 0.55102 0 0
1.22449 0.55102 0 0
1.28571 0.55102 0 0
1.34694 0.55102 0 0
1.40816 0.55102 0 0
1.46939 0.55102 0 0
1.53061 0.55102 0 0
1.59184 0.55102 0 0
1.65306 0.55102 0 0
1.71429 0.55102 0 0
1.77551 0.55102 0 0
1.83673 0.55102 0 0
1.89796 0.55102 0 0
1.95918 0.55102 0 0
2.02041 0.55102 0 0
2.08163 0.55102 4.56814e-15 -7.77828e-14
2.14286 0.55102 2.32082e-14 -1.20242e-13
2.20408 0.55102 3.73041e-14 -1.20866e-13
2.26531 0.55102 3.97269e-14 -9.62346e-14
2.32653 0.55102 3.33703e-14 -6.54803e-14
2.38776 0.55102 2.38691e-14 -3.96722e-14
2.44898 0.55102 1.51678e-14 -2.19577e-14
2.5102 0.55102 8.78474e-15 -1.13053e-14
2.57143 0.55102 4.72726e-15 -5.48073e-15
2.63265 0.55102 2.39429e-15 -2.52771e-15
2.69388 0.55102 1.14709e-15 -1.11548e-15
2.7551 0.55102 5.28491e-16 -4.75478e-16
2.81633 0.55102 2.31393e-16 -1.94824e-16
2.87755 0.55102 9.12243e-17 -7.14277e-17
2.93878 0.55102 3.12888e-17 -2.37217e-17
3 0.55102 0 0

0 0.612245 1 0
0.0612245 0.612245 0.955998 0.00271177
0.122449 0.612245 0.92294 0.00795752
0.183673 0.612245 0.904179 0.015504
0.244898 0.612245 0.898091 0.0238978
0.306122 0.612245 0.903759 0.0315941
0.367347 0.612245 0.913604 0.0374339
0.428571 0.612245 0.904681 0.0403297
0.489796 0.612245 0.849154 0.0393157
0.55102 0.612245 0.737413 0.034433
0.612245 0.612245 0.587555 0.027163
0.673469 0.612245 0.431816 0.0195611
0.734694 0.612245 0.295662 0.0130896
0.795918 0.612245 0.188947 0.00824674
0.857143 0.612245 0.109524 0.00484789
0.918367 0.612245 0.0495747 0.00235843
0.979592 0.612245 0 0
1.04082 0.612245 0 0
1.10204 0.612245 0 0
1.16327 0.612245 0 0
1.22449 0.612245 0 0
1.28571 0.612245 0 0
1.34694 0.612245 0 0
1.40816 0.612245 0 0
1.46939 0.612245 0 0
1.53061 0.612245 0 0
1.59184 0.612245 0 0
1.65306 0.612245 0 0
1.71429 0.612245 0 0
1.77551 0.612245 0 0
1.83673 0.612245 0 0
1.89796 0.612245 0 0
1.95918 0.612245 0 0
2.02041 0.612245 0 0
2.08163 0.612245 2.95022e-14 -2.38738e-13
2.14286 0.612245 9.4086e-14 -3.59013e-13
2.20408 0.612245 1.32297e-13 -3.46914e-13
2.26531 0.612245 1.29396e-13 -2.64479e-13
2.32653 0.612245 1.01647e-13 -1.72272e-13
2.38776 0.612245 6.86852e-14 -1.00063e-13
2.44898 0.612245 4.15181e-14 -5.32344e-14
2.5102 0.612245 2.30093e-14 -2.64114e-14
2.57143 0.612245 1.18987e-14 -1.23727e-14
2.63265 0.612245 5.81385e-15 -5.52947e-15
2.69388 0.612245 2.70663e-15 -2.36873e-15
2.7551 0.612245 1.20587e-15 -9.7815e-16
2.81633 0.612245 5.18282e-16 -3.95564e-16
2.87755 0.612245 2.11564e-16 -1.50741e-16
2.93878 0.612245 7.08003e-17 -4.90604e-17
3 0.612245 0 0

0 0.673469 1 0
0.0612245 0.673469 0.958038 0.00365527
0.122449 0.673469 0.926861 0.0119037
0.183673 0.673469 0.908637 0.0243988
0.244898 0.673469 0.901146 0.038564
0.306122 0.673469 0.903762 0.0518038
0.367347 0.673469 0.909379 0.0621107
0.428571 0.673469 0.895627 0.0674431
0.489796 0.673469 0.835833 0.0659976
0.55102 0.673469 0.721881 0.0578745
0.612245 0.673469 0.572573 0.0457002
0.673469 0.673469 0.419451 0.0329903
0.734694 0.673469 0.286632 0.022177
0.795918 0.673469 0.182986 0.0140655
0.857143 0.673469 0.106019 0.00833521
0.918367 0.673469 0.0479765 0.00408611
0.979592 0.673469 0 0
1.04082 0.673469 0 0
1.10204 0.673469 0 0
1.16327 0.673469 0 0
1.22449 0.673469 0 0
1.28571 0.673469 0 0
1.34694 0.673469 0 0
1.40816 0.673469 0 0
1.46939 0.673469 0 0
1.53061 0.673469 0 0
1.59184 0.673469 0 0
1.65306 0.673469 0 0
1.71429 0.673469 0 0
1.77551 0.673469 0 0
1.83673 0.673469 0 0
1.89796 0.673469 0 0
1.95918 0.673469 0 0
2.02041 0.673469 0 0
2.08163 0.673469 1.51309e-13 -7.36745e-13
2.14286 0.673469 3.7134e-13 -1.06554e-12
2.20408 0.673469 4.61832e-13 -9.79521e-13
2.26531 0.673469 4.13467e-13 -7.08891e-13
2.32653 0.673469 3.02239e-13 -4.39024e-13
2.38776 0.673469 1.9207e-13 -2.43208e-13
2.44898 0.673469 1.10058e-13 -1.23843e-13
2.5102 0.673469 5.82087e-14 -5.9011e-14
2.57143 0.673469 2.88724e-14 -2.66393e-14
2.63265 0.673469 1.35858e-14 -1.1503e-14
2.69388 0.673469 6.11389e-15 -4.78217e-15
2.7551 0.673469 2.64228e-15 -1.9215e-15
2.81633 0.673469 1.1029e-15 -7.48046e-16
2.87755 0.673469 4.43412e-16 -2.85954e-16
2.93878 0.673469 1.53437e-16 -9.91164e-17
3 0.673469 0 0

0 0.734694 1 0
0.0612245 0.734694 0.96022 0.00550553
0.122449 0.734694 0.930946 0.019973
0.183673 0.734694 0.912592 0.0412563
0.244898 0.734694 0.902471 0.0637105
0.306122 0.734694 0.900493 0.0831449
0.367347 0.734694 0.899977 0.0970615
0.428571 0.734694 0.879202 0.102968
0.489796 0.734694 0.813325 0.0987137
0.55102 0.734694 0.696577 0.0850306
0.612245 0.734694 0.548716 0.0661729
0.673469 0.734694 0.400051 0.0472588
0.734694 0.734694 0.272595 0.0315464
0.795918 0.734694 0.173772 0.0199326
0.857143 0.734694 0.100618 0.0117993
0.918367 0.734694 0.0455205 0.00578856
0.979592 0.734694 0 0
1.04082 0.734694 0 0
1.10204 0.734694 0 0
1.16327 0.734694 0 0
1.22449 0.734694 0 0
1.28571 0.734694 0 0
1.34694 0.734694 0 0
1.40816 0.734694 0 0
1.46939 0.734694 0 0
1.53061 0.734694 0 0
1.59184 0.734694 0 0
1.65306 0.734694 0 0
1.71429 0.734694 0 0
1.77551 0.734694 0 0
1.83673 0.734694 0 0
1.89796 0.734694 0 0
1.95918 0.734694 0 0
2.02041 0.734694 0 0
2.08163 0.734694 7.10236e-13 -2.29566e-12
2.14286 0.734694 1.43711e-12 -3.13998e-12
2.20408 0.734694 1.58245e-12 -2.70819e-12
2.26531 0.734694 1.28917e-12 -1.8408e-12
2.32653 0.734694 8.71751e-13 -1.07534e-12
2.38776 0.734694 5.18571e-13 -5.64859e-13
2.44898 0.734694 2.80701e-13 -2.74128e-13
2.5102 0.734694 1.41276e-13 -1.25088e-13
2.57143 0.734694 6.70747e-14 -5.43187e-14
2.63265 0.734694 3.03497e-14 -2.26375e-14
2.69388 0.734694 1.31927e-14 -9.11673e-15
2.7551 0.734694 5.53659e-15 -3.56259e-15
2.81633 0.734694 2.24494e-15 -1.35634e-15
2.87755 0.734694 8.72417e-16 -5.01756e-16
2.93878 0.734694 3.00096e-16 -1.73682e-16
3 0.734694 0 0

0 0.795918 1 0
0.0612245 0.795918 0.962135 0.00862709
0.122449 0.795918 0.934685 0.0318335
0.183673 0.795918 0.914035 0.0631072
0.244898 0.795918 0.89757 0.0944122
0.306122 0.795918 0.887554 0.120873
0.367347 0.795918 0.878529 0.139044
0.428571 0.795918 0.849328 0.145037
0.489796 0.795918 0.777026 0.136214
0.55102 0.795918 0.658513 0.114826
0.612245 0.795918 0.514346 0.0876598
0.673469 0.795918 0.372872 0.0616737
0.734694 0.795918 0.253288 0.0407372
0.795918 0.795918 0.161258 0.0255726
0.857143 0.795918 0.0933522 0.0150944
0.918367 0.795918 0.0422404 0.0074043
0.979592 0.795918 0 0
1.04082 0.795918 0 0
1.10204 0.795918 0 0
1.16327 0.795918 0 0
1.22449 0.795918 0 0
1.28571 0.795918 0 0
1.34694 0.795918 0 0
1.40816 0.795918 0 0
1.46939 0.795918 0 0
1.53061 0.795918 0 0
1.59184 0.795918 0 0
1.65306 0.795918 0 0
1.71429 0.795918 0 0
1.77551 0.795918 0 0
1.83673 0.795918 0 0
1.89796 0.795918 0 0
1.95918 0.795918 0 0
2.02041 0.795918 0 0
2.08163 0.795918 3.21865e-12 -7.25892e-12
2.14286 0.795918 5.47197e-12 -9.15862e-12
2.20408 0.795918 5.29502e-12 -7.27527e-12
2.26531 0.795918 3.8918e-12 -4.58423e-12
2.32653 0.795918 2.41827e-12 -2.50342e-12
2.38776 0.795918 1.34014e-12 -1.23932e-12
2.44898 0.795918 6.83017e-13 -5.7094e-13
2.5102 0.795918 3.26379e-13 -2.48857e-13
2.57143 0.795918 1.48126e-13 -1.03778e-13
2.63265 0.795918 6.44245e-14 -4.17266e-14
2.69388 0.795918 2.70268e-14 -1.62694e-14
2.7551 0.795918 1.09869e-14 -6.18035e-15
2.81633 0.795918 4.33894e-15 -2.29322e-15
2.87755 0.795918 1.64956e-15 -8.27728e-16
2.93878 0.795918 5.46321e-16 -2.75824e-16
3 0.795918 0 0

0 0.857143 1 0
0.0612245 0.857143 0.953777 0.0212269
0.122449 0.857143 0.920495 0.0718349
0.183673 0.857143 0.895361 0.12588
0.244898 0.857143 0.875851 0.166839
0.306122 0.857143 0.861893 0.192448
0.367347 0.857143 0.84545 0.203893
0.428571 0.857143 0.806302 0.199824
0.489796 0.857143 0.726252 0.179032
0.55102 0.857143 0.606774 0.145661
0.612245 0.857143 0.468962 0.108367
0.673469 0.857143 0.337856 0.0748979
0.734694 0.857143 0.22888 0.0489062
0.795918 0.857143 0.145668 0.0305075
0.857143 0.857143 0.0844152 0.017984
0.918367 0.857143 0.0382531 0.00884819
0.979592 0.857143 0 0
1.04082 0.857143 0 0
1.10204 0.857143 0 0
1.16327 0.857143 0 0
1.22449 0.857143 0 0
1.28571 0.857143 0 0
1.34694 0.857143 0 0
1.40816 0.857143 0 0
1.46939 0.857143 0 0
1.53061 0.857143 0 0
1.59184 0.857143 0 0
1.65306 0.857143 0 0
1.71429 0.857143 0 0
1.77551 0.857143 0 0
1.83673 0.857143 0 0
1.89796 0.857143 0 0
1.95918 0.857143 0 0
2.02041 0.857143 0 0
2.08163 0.857143 1.45299e-11 -2.34263e-11
2.14286 0.857143 2.04798e-11 -2.62525e-11
2.20408 0.857143 1.7144e-11 -1.87379e-11
2.26531 0.857143 1.12448e-11 -1.07769e-11
2.32653 0.857143 6.37604e-12 -5.44962e-12
2.38776 0.857143 3.27767e-12 -2.5282e-12
2.44898 0.857143 1.56886e-12 -1.10207e-12
2.5102 0.857143 7.10815e-13 -4.58085e-13
2.57143 0.857143 3.08177e-13 -1.83322e-13
2.63265 0.857143 1.28819e-13 -7.11093e-14
2.69388 0.857143 5.21977e-14 -2.68552e-14
2.7551 0.857143 2.05834e-14 -9.91306e-15
2.81633 0.857143 7.9129e-15 -3.585e-15
2.87755 0.857143 2.935e-15 -1.26932e-15
2.93878 0.857143 9.51321e-16 -4.14352e-16
3 0.857143 0 0

0 0.918367 1 0
0.0612245 0.918367 0.941402 0.0150885
0.122449 0.918367 0.898747 0.0768329
0.183673 0.918367 0.853294 0.148964
0.244898 0.918367 0.81287 0.204779
0.306122 0.918367 0.786646 0.240158
0.367347 0.918367 0.765601 0.254963
0.428571 0.918367 0.725442 0.246501
0.489796 0.918367 0.647818 0.215646
0.55102 0.918367 0.536295 0.171071
0.612245 0.918367 0.4116 0.124646
0.673469 0.918367 0.295482 0.0848874
0.734694 0.918367 0.2001 0.0549287
0.795918 0.918367 0.127624 0.0341455
0.857143 0.918367 0.0742834 0.0202111
0.918367 0.918367 0.0338632 0.0100795
0.979592 0.918367 0 0
1.04082 0.918367 0 0
1.10204 0.918367 0 0
1.16327 0.918367 0 0
1.22449 0.918367 0 0
1.28571 0.918367 0 0
1.34694 0.918367 0 0
1.40816 0.918367 0 0
1.46939 0.918367 0 0
1.53061 0.918367 0 0
1.59184 0.918367 0 0
1.65306 0.918367 0 0
1.71429 0.918367 0 0
1.77551 0.918367 0 0
1.83673 0.918367 0 0
1.89796 0.918367 0 0
1.95918 0.918367 0 0
2.02041 0.918367 0 0
2.08163 0.918367 6.69409e-11 -7.73561e-11
2.14286 0.918367 7.47467e-11 -7.27416e-11
2.20408 0.918367 5.28474e-11 -4.51629e-11
2.26531 0.918367 3.05624e-11 -2.33138e-11
2.32653 0.918367 1.57186e-11 -1.08254e-11
2.38776 0.918367 7.47433e-12 -4.68847e-12
2.44898 0.918367 3.35659e-12 -1.93146e-12
2.5102 0.918367 1.44207e-12 -7.65771e-13
2.57143 0.918367 5.97696e-13 -2.94409e-13
2.63265 0.918367 2.4038e-13 -1.10319e-13
2.69388 0.918367 9.41946e-14 -4.04311e-14
2.7551 0.918367 3.60616e-14 -1.45337e-14
2.81633 0.918367 1.35054e-14 -5.13958e-15
2.87755 0.918367 4.90121e-15 -1.78351e-15
2.93878 0.918367 1.56343e-15 -5.68158e-16
3 0.918367 0 0

0 0.979592 1 0
0.0612245 0.979592 0.747813 0.215474
0.122449 0.979592 0.740211 0.29076
0.183673 0.979592 0.749386 0.317247
0.244898 0.979592 0.741335 0.328998
0.306122 0.979592 0.725845 0.332866
0.367347 0.979592 0.699051 0.323521
0.428571 0.979592 0.647193 0.293946
0.489796 0.979592 0.563819 0.245359
0.55102 0.979592 0.458031 0.188103
0.612245 0.979592 0.347824 0.133979
0.673469 0.979592 0.248834 0.0900134
0.734694 0.979592 0.168782 0.0578538
0.795918 0.979592 0.108288 0.0359683
0.857143 0.979592 0.0638331 0.0215983
0.918367 0.979592 0.0299523 0.0113854
0.979592 0.979592 0 0
1.04082 0.979592 0 0
1.10204 0.979592 0 0
1.16327 0.979592 0 0
1.22449 0.979592 0 0
1.28571 0.979592 0 0
1.34694 0.979592 0 0
1.40816 0.979592 0 0
1.46939 0.979592 0 0
1.53061 0.979592 0 0
1.59184 0.979592 0 0
1.65306 0.979592 0 0
1.71429 0.979592 0 0
1.77551 0.979592 0 0
1.83673 0.979592 0 0
1.89796 0.979592 0 0
1.95918 0.979592 0 0
2.02041 0.979592 0 0
2.08163 0.979592 3.21518e-10 -2.68064e-10
2.14286 0.979592 2.58982e-10 -1.87485e-10
2.20408 0.979592 1.50628e-10 -9.73288e-11
2.26531 0.979592 7.61092e-11 -4.44941e-11
2.32653 0.979592 3.54165e-11 -1.89099e-11
2.38776 0.979592 1.55847e-11 -7.65406e-12
2.44898 0.979592 6.57828e-12 -2.98871e-12
2.5102 0.979592 2.68638e-12 -1.13442e-12
2.57143 0.979592 1.06727e-12 -4.20606e-13
2.63265 0.979592 4.14105e-13 -1.5284e-13
2.69388 0.979592 1.57342e-13 -5.45615e-14
2.7551 0.979592 5.86464e-14 -1.9173e-14
2.81633 0.979592 2.14556e-14 -6.64022e-15
2.87755 0.979592 7.638e-15 -2.2655e-15
2.93878 0.979592 2.39896e-15 -7.11641e-16
3 0.979592 0 0

0 1.04082 0 0
0.0612245 1.04082 0.229968 0.333241
0.122449 1.04082 0.351377 0.441586
0.183673 1.04082 0.44041 0.459818
0.244898 1.04082 0.500431 0.44798
0.306122 1.04082 0.534851 0.421667
0.367347 1.04082 0.540243 0.380629
0.428571 1.04082 0.51054 0.323992
0.489796 1.04082 0.447848 0.257452
0.55102 1.04082 0.364863 0.191155
0.612245 1.04082 0.278046 0.133705
0.673469 1.04082 0.200012 0.0890426
0.734694 1.04082 0.136763 0.0570593
0.795918 1.04082 0.088953 0.0355352
0.857143 1.04082 0.0543135 0.021638
0.918367 1.04082 0.0296175 0.0125319
0.979592 1.04082 0.0117593 0.00534772
1.04082 1.04082 0 0
1.10204 1.04082 0 0
1.16327 1.04082 0 0
1.22449 1.04082 0 0
1.28571 1.04082 0 0
1.34694 1.04082 0 0
1.40816 1.04082 0 0
1.46939 1.04082 0 0
1.53061 1.04082 0 0
1.59184 1.04082 0 0
1.65306 1.04082 0 0
1.71429 1.04082 0 0
1.77551 1.04082 0 0
1.83673 1.04082 0 0
1.89796 1.04082 0 0
1.95918 1.04082 0 0
2.02041 1.04082 2.40564e-09 -1.25572e-09
2.08163 1.04082 1.55177e-09 -8.02012e-10
2.14286 1.04082 8.07974e-10 -3.89136e-10
2.20408 1.04082 3.78904e-10 -1.69467e-10
2.26531 1.04082 1.67177e-10 -6.95424e-11
2.32653 1.04082 7.073e-11 -2.74357e-11
2.38776 1.04082 2.89858e-11 -1.05114e-11
2.44898 1.04082 1.15741e-11 -3.93357e-12
2.5102 1.04082 4.52017e-12 -1.44299e-12
2.57143 1.04082 1.73101e-12 -5.20166e-13
2.63265 1.04082 6.51213e-13 -1.84583e-13
2.69388 1.04082 2.41002e-13 -6.45653e-14
2.7551 1.04082 8.78147e-14 -2.22868e-14
2.81633 1.04082 3.14985e-14 -7.5924e-15
2.87755 1.04082 1.10194e-14 -2.55405e-15
2.93878 1.04082 3.41109e-15 -8.0137e-16
3 1.04082 0 0

0 1.10204 0 0
0.0612245 1.10204 0.0700911 0.145291
0.122449 1.10204 0.163344 0.282464
0.183673 1.10204 0.255685 0.361119
0.244898 1.10204 0.330312 0.392565
0.306122 1.10204 0.37979 0.388749
0.367347 1.10204 0.39787 0.356195
0.428571 1.10204 0.381943 0.302417
0.489796 1.10204 0.337479 0.238588
0.55102 1.10204 0.276577 0.17621
0.612245 1.10204 0.212309 0.123041
0.673469 1.10204 0.154108 0.0820434
0.734694 1.10204 0.106533 0.0527184
0.795918 1.10204 0.0703431 0.0329114
0.857143 1.10204 0.0441925 0.0200516
0.918367 1.10204 0.025989 0.0117107
0.979592 1.10204 0.0136693 0.00578793
1.04082 1.10204 0.0058852 0.00149725
1.10204 1.10204 0.0025787 0.000340926
1.16327 1.10204 0.00115345 6.31927e-05
1.22449 1.10204 0.000522509 -6.82943e-07
1.28571 1.10204 0.000238145 -1.07428e-05
1.34694 1.10204 0.000108601 -8.74145e-06
1.40816 1.10204 4.93421e-05 -5.40226e-06
1.46939 1.10204 2.22648e-05 -2.97034e-06
1.53061 1.10204 9.95506e-06 -1.52545e-06
1.59184 1.10204 4.40344e-06 -7.47334e-07
1.65306 1.10204 1.92476e-06 -3.53121e-07
1.71429 1.10204 8.30746e-07 -1.61963e-07
1.77551 1.10204 3.53884e-07 -7.24055e-08
1.83673 1.10204 1.4875e-07 -3.16414e-08
1.89796 1.10204 6.17208e-08 -1.35612e-08
1.95918 1.10204 2.5401e-08 -5.79892e-09
2.02041 1.10204 1.07521e-08 -2.80547e-09
2.08163 1.10204 4.496e-09 -1.23678e-09
2.14286 1.10204 1.85764e-09 -5.17493e-10
2.20408 1.10204 7.56583e-10 -2.08097e-10
2.26531 1.10204 3.03501e-10 -8.11725e-11
2.32653 1.10204 1.19893e-10 -3.08938e-11
2.38776 1.10204 4.66481e-11 -1.15165e-11
2.44898 1.10204 1.78829e-11 -4.216e-12
2.5102 1.10204 6.75749e-12 -1.51853e-12
2.57143 1.10204 2.51809e-12 -5.38884e-13
2.63265 1.10204 9.25726e-13 -1.88613e-13
2.69388 1.10204 3.35885e-13 -6.51753e-14
2.7551 1.10204 1.20311e-13 -2.22446e-14
2.81633 1.10204 4.25094e-14 -7.50667e-15
2.87755 1.10204 1.46704e-14 -2.49613e-15
2.93878 1.10204 4.48836e-15 -7.7998e-16
3 1.10204 0 0

0 1.16327 0 0
0.0612245 1.16327 0.0234924 0.0970053
0.122449 1.16327 0.0751097 0.207871
0.183673 1.16327 0.143839 0.287845
0.244898 1.16327 0.208431 0.328244
0.306122 1.16327 0.255423 0.33202
0.367347 1.16327 0.276635 0.305685
0.428571 1.16327 0.270305 0.259144
0.489796 1.16327 0.241658 0.2042
0.55102 1.16327 0.200162 0.151055
0.612245 1.16327 0.15537 0.10594
0.673469 1.16327 0.114122 0.0710687
0.734694 1.16327 0.0799013 0.045955
0.795918 1.16327 0.053556 0.0288289
0.857143 1.16327 0.0343934 0.0176014
0.918367 1.16327 0.0210803 0.0103449
0.979592 1.16327 0.0121811 0.00551508
1.04082 1.16327 0.00648254 0.00232955
1.10204 1.16327 0.00326583 0.000876512
1.16327 1.16327 0.00160116 0.000309779
1.22449 1.16327 0.000771829 0.000102864
1.28571 1.16327 0.000367095 3.1073e-05
1.34694 1.16327 0.00017245 7.75544e-06
1.40816 1.16327 8.00184e-05 9.85188e-07
1.46939 1.16327 3.66617e-05 -5.4139e-07
1.53061 1.16327 1.65787e-05 -6.1917e-07
1.59184 1.16327 7.39667e-06 -4.16173e-07
1.65306 1.16327 3.25494e-06 -2.34936e-07
1.71429 1.16327 1.41248e-06 -1.20926e-07
1.77551 1.16327 6.04373e-07 -5.86201e-08
1.83673 1.16327 2.54983e-07 -2.7201e-08
1.89796 1.16327 1.06095e-07 -1.22087e-08
1.95918 1.16327 4.35871e-08 -5.37588e-09
2.02041 1.16327 1.77481e-08 -2.40958e-09
2.08163 1.16327 7.14515e-09 -1.04037e-09
2.14286 1.16327 2.84542e-09 -4.32543e-10
2.20408 1.16327 1.12055e-09 -1.7381e-10
2.26531 1.16327 4.36259e-10 -6.78368e-11
2.32653 1.16327 1.67873e-10 -2.58253e-11
2.38776 1.16327 6.38368e-11 -9.62201e-12
2.44898 1.16327 2.39872e-11 -3.51757e-12
2.5102 1.16327 8.90648e-12 -1.26423e-12
2.57143 1.16327 3.26797e-12 -4.47389e-13
2.63265 1.16327 1.18506e-12 -1.56072e-13
2.69388 1.16327 4.24767e-13 -5.37325e-14
2.7551 1.16327 1.50494e-13 -1.82646e-14
2.81633 1.16327 5.26565e-14 -6.13493e-15
2.87755 1.16327 1.80181e-14 -2.02749e-15
2.93878 1.16327 5.4703e-15 -6.28061e-16
3 1.16327 0 0

0 1.22449 0 0
0.0612245 1.22449 0.00602784 0.0735437
0.122449 1.22449 0.0334101 0.15624
0.183673 1.22449 0.0788508 0.221281
0.244898 1.22449 0.126629 0.257307
0.306122 1.22449 0.16404 0.262985
0.367347 1.22449 0.18328 0.243198
0.428571 1.22449 0.182612 0.206793
0.489796 1.22449 0.165718 0.16367
0.55102 1.22449 0.139153 0.121873
0.612245 1.22449 0.109481 0.0861802
0.673469 1.22449 0.0815053 0.0583336
0.734694 1.22449 0.0578434 0.0380465
0.795918 1.22449 0.0393329 0.0240374
0.857143 1.22449 0.0257011 0.0147485
0.918367 1.22449 0.0161474 0.00873391
0.979592 1.22449 0.0097218 0.00484829
1.04082 1.22449 0.00555461 0.00239263
1.10204 1.22449 0.00301435 0.00108443
1.16327 1.22449 0.00157289 0.000463909
1.22449 1.22449 0.000796599 0.000190144
1.28571 1.22449 0.000393822 7.5156e-05
1.34694 1.22449 0.000190701 2.86751e-05
1.40816 1.22449 9.06296e-05 1.0528e-05
1.46939 1.22449 4.23229e-05 3.69117e-06
1.53061 1.22449 1.94356e-05 1.21754e-06
1.59184 1.22449 8.7811e-06 3.66452e-07
1.65306 1.22449 3.90471e-06 9.32275e-08
1.71429 1.22449 1.70938e-06 1.46682e-08
1.77551 1.22449 7.36906e-07 -3.36222e-09
1.83673 1.22449 3.12909e-07 -4.97644e-09
1.89796 1.22449 1.30914e-07 -3.37573e-09
1.95918 1.22449 5.39923e-08 -1.87688e-09
2.02041 1.22449 2.19683e-08 -9.66109e-10
2.08163 1.22449 8.81866e-09 -4.60829e-10
2.14286 1.22449 3.49447e-09 -2.06465e-10
2.20408 1.22449 1.36741e-09 -8.78597e-11
2.26531 1.22449 5.28542e-10 -3.58439e-11
2.32653 1.22449 2.01844e-10 -1.41213e-11
2.38776 1.22449 7.61691e-11 -5.40223e-12
2.44898 1.22449 2.8407e-11 -2.01532e-12
2.5102 1.22449 1.04716e-11 -7.35506e-13
2.57143 1.22449 3.81596e-12 -2.6326e-13
2.63265 1.22449 1.37484e-12 -9.2601e-14
2.69388 1.22449 4.898e-13 -3.20596e-14
2.7551 1.22449 1.72558e-13 -1.09387e-14
2.81633 1.22449 6.00587e-14 -3.67809e-15
2.87755 1.22449 2.04468e-14 -1.2178e-15
2.93878 1.22449 6.18056e-15 -3.71173e-16
3 1.22449 0 0

0 1.28571 0 0
0.0612245 1.28571 -0.000884148 0.056105
0.122449 1.28571 0.0136089 0.115561
0.183673 1.28571 0.0420471 0.163515
0.244898 1.28571 0.0744498 0.191183
0.306122 1.28571 0.101379 0.196403
0.367347 1.28571 0.116681 0.182478
0.428571 1.28571 0.118682 0.156048
0.489796 1.28571 0.109539 0.124433
0.55102 1.28571 0.0934102 0.0935042
0.612245 1.28571 0.0745834 0.0667936
0.673469 1.28571 0.0563195 0.0456833
0.734694 1.28571 0.0405229 0.0300905
0.795918 1.28571 0.0279348 0.0191742
0.857143 1.28571 0.0185204 0.0118482
0.918367 1.28571 0.0118359 0.00707872
0.979592 1.28571 0.00728957 0.00403106
1.04082 1.28571 0.00430794 0.00213781
1.10204 1.28571 0.00243689 0.00106358
1.16327 1.28571 0.00132521 0.000502628
1.22449 1.28571 0.000696678 0.000228051
1.28571 1.28571 0.000355735 0.000100103
1.34694 1.28571 0.000177059 4.27246e-05
1.40816 1.28571 8.61241e-05 1.77876e-05
1.46939 1.28571 4.10169e-05 7.23787e-06
1.53061 1.28571 1.91526e-05 2.88152e-06
1.59184 1.28571 8.77739e-06 1.1229e-06
1.65306 1.28571 3.95118e-06 4.28293e-07
1.71429 1.28571 1.74822e-06 1.59804e-07
1.77551 1.28571 7.60686e-07 5.82668e-08
1.83673 1.28571 3.25663e-07 2.07246e-08
1.89796 1.28571 1.37239e-07 7.16862e-09
1.95918 1.28571 5.69546e-08 2.39485e-09
2.02041 1.28571 2.32877e-08 7.59887e-10
2.08163 1.28571 9.38462e-09 2.26119e-10
2.14286 1.28571 3.72901e-09 6.17585e-11
2.20408 1.28571 1.46167e-09 1.47808e-11
2.26531 1.28571 5.65409e-10 2.68581e-12
2.32653 1.28571 2.1592e-10 8.96646e-14
2.38776 1.28571 8.14297e-11 -2.43748e-13
2.44898 1.28571 3.03357e-11 -1.69744e-13
2.5102 1.28571 1.11665e-11 -8.39155e-14
2.57143 1.28571 4.06237e-12 -3.60227e-14
2.63265 1.28571 1.46094e-12 -1.42636e-14
2.69388 1.28571 5.19478e-13 -5.33912e-15
2.7551 1.28571 1.82652e-13 -1.91739e-15
2.81633 1.28571 6.34484e-14 -6.67994e-16
2.87755 1.28571 2.15669e-14 -2.28282e-16
2.93878 1.28571 6.50784e-15 -6.93579e-17
3 1.28571 0 0

0 1.34694 0 0
0.0612245 1.34694 -0.00323207 0.041675
0.122449 1.34694 0.00436934 0.0831271
0.183673 1.34694 0.0216223 0.116452
0.244898 1.34694 0.0424745 0.135999
0.306122 1.34694 0.0606678 0.140054
0.367347 1.34694 0.0718759 0.130747
0.428571 1.34694 0.0746745 0.112586
0.489796 1.34694 0.0701595 0.0905689
0.55102 1.34694 0.0608049 0.0687498
0.612245 1.34694 0.0492913 0.0496442
0.673469 1.34694 0.0377576 0.0343242
0.734694 1.34694 0.0275379 0.0228424
0.795918 1.34694 0.0192313 0.0146911
0.857143 1.34694 0.0129143 0.00915307
0.918367 1.34694 0.0083637 0.00551936
0.979592 1.34694 0.00522991 0.00319942
1.04082 1.34694 0.00315284 0.00176362
1.10204 1.34694 0.00182914 0.000924846
1.16327 1.34694 0.00102261 0.000463766
1.22449 1.34694 0.000552534 0.00022377
1.28571 1.34694 0.00028947 0.00010448
1.34694 1.34694 0.000147474 4.74207e-05
1.40816 1.34694 7.32423e-05 2.09954e-05
1.46939 1.34694 3.55311e-05 9.09181e-06
1.53061 1.34694 1.68635e-05 3.8584e-06
1.59184 1.34694 7.84043e-06 1.60712e-06
1.65306 1.34694 3.57473e-06 6.57769e-07
1.71429 1.34694 1.59971e-06 2.64769e-07
1.77551 1.34694 7.03165e-07 1.0489e-07
1.83673 1.34694 3.03791e-07 4.09165e-08
1.89796 1.34694 1.29076e-07 1.57222e-08
1.95918 1.34694 5.39638e-08 5.95064e-09
2.02041 1.34694 2.22106e-08 2.21702e-09
2.08163 1.34694 9.00337e-09 8.13419e-10
2.14286 1.34694 3.59612e-09 2.94201e-10
2.20408 1.34694 1.41592e-09 1.05047e-10
2.26531 1.34694 5.49803e-10 3.70873e-11
2.32653 1.34694 2.10629e-10 1.29664e-11
2.38776 1.34694 7.96409e-11 4.49519e-12
2.44898 1.34694 2.97314e-11 1.54695e-12
2.5102 1.34694 1.09622e-11 5.28873e-13
2.57143 1.34694 3.99312e-12 1.79727e-13
2.63265 1.34694 1.43743e-12 6.07251e-14
2.69388 1.34694 5.11481e-13 2.04068e-14
2.7551 1.34694 1.79925e-13 6.82422e-15
2.81633 1.34694 6.25148e-14 2.27111e-15
2.87755 1.34694 2.12504e-14 7.43994e-16
2.93878 1.34694 6.42013e-15 2.24608e-16
3 1.34694 0 0

0 1.40816 0 0
0.0612245 1.40816 -0.00356731 0.0298643
0.122449 1.40816 0.000326624 0.0579676
0.183673 1.40816 0.0105728 0.0802216
0.244898 1.40816 0.0235375 0.0933307
0.306122 1.40816 0.0353117 0.0962252
0.367347 1.40816 0.0430632 0.0902442
0.428571 1.40816 0.0457049 0.0782678
0.489796 1.40816 0.0437205 0.0635326
0.55102 1.40816 0.0385101 0.0487206
0.612245 1.40816 0.0316901 0.0355599
0.673469 1.40816 0.0246171 0.0248504
0.734694 1.40816 0.0181903 0.0167075
0.795918 1.40816 0.0128601 0.0108469
0.857143 1.40816 0.00873694 0.00681676
0.918367 1.40816 0.0057227 0.00414824
0.979592 1.40816 0.00362069 0.00243726
1.04082 1.40816 0.00221292 0.00137554
1.10204 1.40816 0.00130568 0.00074499
1.16327 1.40816 0.000744098 0.000387954
1.22449 1.40816 0.000410232 0.000194912
1.28571 1.40816 0.000219257 9.48294e-05
1.34694 1.40816 0.000113859 4.48329e-05
1.40816 1.40816 5.75665e-05 2.06581e-05
1.46939 1.40816 2.83897e-05 9.30024e-06
1.53061 1.40816 1.36782e-05 4.09896e-06
1.59184 1.40816 6.44709e-06 1.77145e-06
1.65306 1.40816 2.97625e-06 7.51676e-07
1.71429 1.40816 1.34704e-06 3.13499e-07
1.77551 1.40816 5.98234e-07 1.28625e-07
1.83673 1.40816 2.60901e-07 5.19525e-08
1.89796 1.40816 1.11812e-07 2.06696e-08
1.95918 1.40816 4.71164e-08 8.10376e-09
2.02041 1.40816 1.95333e-08 3.13168e-09
2.08163 1.40816 7.97104e-09 1.19337e-09
2.14286 1.40816 3.20333e-09 4.48652e-10
2.20408 1.40816 1.26834e-09 1.66517e-10
2.26531 1.40816 4.9501e-10 6.10543e-11
2.32653 1.40816 1.90511e-10 2.21297e-11
2.38776 1.40816 7.23318e-11 7.93415e-12
2.44898 1.40816 2.71026e-11 2.81524e-12
2.5102 1.40816 1.00258e-11 9.89035e-13
2.57143 1.40816 3.66273e-12 3.44136e-13
2.63265 1.40816 1.32191e-12 1.18632e-13
2.69388 1.40816 4.71465e-13 4.05245e-14
2.7551 1.40816 1.66191e-13 1.37192e-14
2.81633 1.40816 5.78437e-14 4.60391e-15
2.87755 1.40816 1.96891e-14 1.52443e-15
2.93878 1.40816 5.95885e-15 4.68362e-16
3 1.40816 0 0

0 1.46939 0 0
0.0612245 1.46939 -0.00309661 0.0206339
0.122449 1.46939 -0.00117746 0.0392016
0.183673 1.46939 0.00480337 0.0536315
0.244898 1.46939 0.0126661 0.0621203
0.306122 1.46939 0.02005 0.0640849
0.367347 1.46939 0.0251848 0.0603564
0.428571 1.46939 0.027305 0.0527065
0.489796 1.46939 0.0265862 0.0431548
0.55102 1.46939 0.0237905 0.0334163
0.612245 1.46939 0.019863 0.0246391
0.673469 1.46939 0.015638 0.0173945
0.734694 1.46939 0.0116999 0.0118097
0.795918 1.46939 0.00836754 0.00773789
0.857143 1.46939 0.00574619 0.00490486
0.918367 1.46939 0.00380206 0.00301099
0.979592 1.46939 0.00242952 0.00178853
1.04082 1.46939 0.00150083 0.00102572
1.10204 1.46939 0.000896517 0.000567484
1.16327 1.46939 0.000518112 0.000303102
1.22449 1.46939 0.000289988 0.000156581
1.28571 1.46939 0.000157421 7.84213e-05
1.34694 1.46939 8.30223e-05 3.8173e-05
1.40816 1.46939 4.26093e-05 1.81018e-05
1.46939 1.46939 2.13152e-05 8.37992e-06
1.53061 1.46939 1.04084e-05 3.79396e-06
1.59184 1.46939 4.96776e-06 1.68249e-06
1.65306 1.46939 2.3202e-06 7.31778e-07
1.71429 1.46939 1.06152e-06 3.12503e-07
1.77551 1.46939 4.76179e-07 1.31154e-07
1.83673 1.46939 2.09608e-07 5.41379e-08
1.89796 1.46939 9.06077e-08 2.19942e-08
1.95918 1.46939 3.84885e-08 8.79927e-09
2.02041 1.46939 1.60758e-08 3.46831e-09
2.08163 1.46939 6.60592e-09 1.34746e-09
2.14286 1.46939 2.67202e-09 5.16226e-10
2.20408 1.46939 1.0644e-09 1.95117e-10
2.26531 1.46939 4.17765e-10 7.27937e-11
2.32653 1.46939 1.61627e-10 2.68189e-11
2.38776 1.46939 6.16645e-11 9.76187e-12
2.44898 1.46939 2.32097e-11 3.51199e-12
2.5102 1.46939 8.62152e-12 1.2493e-12
2.57143 1.46939 3.1618e-12 4.39557e-13
2.63265 1.46939 1.14517e-12 1.5302e-13
2.69388 1.46939 4.0976e-13 5.2717e-14
2.7551 1.46939 1.4487e-13 1.79779e-14
2.81633 1.46939 5.05622e-14 6.06683e-15
2.87755 1.46939 1.72554e-14 2.02895e-15
2.93878 1.46939 5.23626e-15 6.26982e-16
3 1.46939 0 0

0 1.53061 0 0
0.0612245 1.53061 -0.00239625 0.0137784
0.122449 1.53061 -0.00150294 0.0257512
0.183673 1.53061 0.00193449 0.0348868
0.244898 1.53061 0.00660955 0.040242
0.306122 1.53061 0.0111259 0.0415303
0.367347 1.53061 0.0144121 0.039263
0.428571 1.53061 0.0159603 0.0345026
0.489796 1.53061 0.01581 0.0284754
0.55102 1.53061 0.0143632 0.0222477
0.612245 1.53061 0.0121581 0.0165591
0.673469 1.53061 0.00969397 0.0118012
0.734694 1.53061 0.00733812 0.00808621
0.795918 1.53061 0.00530509 0.00534462
0.857143 1.53061 0.00367972 0.00341596
0.918367 1.53061 0.00245746 0.00211432
0.979592 1.53061 0.00158428 0.00126766
1.04082 1.53061 0.000987517 0.000735741
1.10204 1.53061 0.000595677 0.000413234
1.16327 1.53061 0.000347984 0.000224696
1.22449 1.53061 0.000197058 0.000118413
1.28571 1.53061 0.000108296 6.0574e-05
1.34694 1.53061 5.7834e-05 3.01318e-05
1.40816 1.53061 3.00545e-05 1.46016e-05
1.46939 1.53061 1.5219e-05 6.9048e-06
1.53061 1.53061 7.51937e-06 3.19125e-06
1.59184 1.53061 3.62933e-06 1.44356e-06
1.65306 1.53061 1.71321e-06 6.39893e-07
1.71429 1.53061 7.91727e-07 2.78257e-07
1.77551 1.53061 3.5853e-07 1.18812e-07
1.83673 1.53061 1.59232e-07 4.98548e-08
1.89796 1.53061 6.94096e-08 2.0573e-08
1.95918 1.53061 2.97169e-08 8.35423e-09
2.02041 1.53061 1.25043e-08 3.34021e-09
2.08163 1.53061 5.17427e-09 1.31559e-09
2.14286 1.53061 2.10674e-09 5.10679e-10
2.20408 1.53061 8.44443e-10 1.95461e-10
2.26531 1.53061 3.3338e-10 7.37984e-11
2.32653 1.53061 1.29693e-10 2.74977e-11
2.38776 1.53061 4.97389e-11 1.01155e-11
2.44898 1.53061 1.88129e-11 3.67527e-12
2.5102 1.53061 7.02049e-12 1.31936e-12
2.57143 1.53061 2.58581e-12 4.68124e-13
2.63265 1.53061 9.4036e-13 1.64215e-13
2.69388 1.53061 3.37762e-13 5.69699e-14
2.7551 1.53061 1.19846e-13 1.95515e-14
2.81633 1.53061 4.1974e-14 6.6394e-15
2.87755 1.53061 1.43677e-14 2.2276e-15
2.93878 1.53061 4.37003e-15 6.99636e-16
3 1.53061 0 0

0 1.59184 0 0
0.0612245 1.59184 -0.00172458 0.00891553
0.122449 1.59184 -0.00134342 0.0164568
0.183673 1.59184 0.000603355 0.0221185
0.244898 1.59184 0.00333569 0.0254242
0.306122 1.59184 0.00604003 0.0262467
0.367347 1.59184 0.00808295 0.0248975
0.428571 1.59184 0.0091426 0.0220021
0.489796 1.59184 0.00920838 0.0182889
0.55102 1.59184 0.00848664 0.0144051
0.612245 1.59184 0.0072772 0.0108139
0.673469 1.59184 0.00587143 0.00777378
0.734694 1.59184 0.00449334 0.00537204
0.795918 1.59184 0.00328137 0.00357979
0.857143 1.59184 0.0022973 0.00230594
0.918367 1.59184 0.0015475 0.00143829
0.979592 1.59184 0.00100576 0.000869437
1.04082 1.59184 0.000631907 0.000509462
1.10204 1.59184 0.000384317 0.000289425
1.16327 1.59184 0.000226492 0.000159477
1.22449 1.59184 0.00012947 8.5298e-05
1.28571 1.59184 7.18611e-05 4.43347e-05
1.34694 1.59184 3.87722e-05 2.24224e-05
1.40816 1.59184 2.03592e-05 1.10499e-05
1.46939 1.59184 1.04168e-05 5.3135e-06
1.53061 1.59184 5.1994e-06 2.49647e-06
1.59184 1.59184 2.53454e-06 1.14744e-06
1.65306 1.59184 1.2079e-06 5.16522e-07
1.71429 1.59184 5.63346e-07 2.27951e-07
1.77551 1.59184 2.57352e-07 9.87158e-08
1.83673 1.59184 1.15254e-07 4.19839e-08
1.89796 1.59184 5.06399e-08 1.75489e-08
1.95918 1.59184 2.1845e-08 7.214e-09
2.02041 1.59184 9.2581e-09 2.91822e-09
2.08163 1.59184 3.85717e-09 1.16229e-09
2.14286 1.59184 1.58068e-09 4.56015e-10
2.20408 1.59184 6.37496e-10 1.76328e-10
2.26531 1.59184 2.53157e-10 6.72254e-11
2.32653 1.59184 9.90352e-11 2.52814e-11
2.38776 1.59184 3.8183e-11 9.38217e-12
2.44898 1.59184 1.4515e-11 3.43721e-12
2.5102 1.59184 5.44264e-12 1.24357e-12
2.57143 1.59184 2.01379e-12 4.44478e-13
2.63265 1.59184 7.3551e-13 1.5699e-13
2.69388 1.59184 2.6527e-13 5.48171e-14
2.7551 1.59184 9.44902e-14 1.89261e-14
2.81633 1.59184 3.32134e-14 6.46391e-15
2.87755 1.59184 1.1413e-14 2.17323e-15
2.93878 1.59184 3.48561e-15 6.86802e-16
3 1.59184 0 0

0 1.65306 0 0
0.0612245 1.65306 -0.00117786 0.00559942
0.122449 1.65306 -0.00103846 0.0102387
0.183673 1.65306 4.84935e-05 0.0136747
0.244898 1.65306 0.00162048 0.0156737
0.306122 1.65306 0.00320921 0.0161864
0.367347 1.65306 0.00444741 0.0154002
0.428571 1.65306 0.00513827 0.0136769
0.489796 1.65306 0.00525887 0.0114412
0.55102 1.65306 0.00491278 0.00907696
0.612245 1.65306 0.00426379 0.00686678
0.673469 1.65306 0.00347819 0.00497529
0.734694 1.65306 0.00268892 0.00346504
0.795918 1.65306 0.0019821 0.00232657
0.857143 1.65306 0.00139972 0.00150967
0.918367 1.65306 0.000950454 0.000948415
0.979592 1.65306 0.000622366 0.000577555
1.04082 1.65306 0.000393854 0.000341176
1.10204 1.65306 0.000241271 0.000195605
1.16327 1.65306 0.000143255 0.000108903
1.22449 1.65306 8.25328e-05 5.8921e-05
1.28571 1.65306 4.6187e-05 3.10067e-05
1.34694 1.65306 2.51332e-05 1.58872e-05
1.40816 1.65306 1.3313e-05 7.93474e-06
1.46939 1.65306 6.8719e-06 3.86736e-06
1.53061 1.65306 3.46025e-06 1.84156e-06
1.59184 1.65306 1.70143e-06 8.57666e-07
1.65306 1.65306 8.17764e-07 3.91074e-07
1.71429 1.65306 3.84549e-07 1.74751e-07
1.77551 1.65306 1.77079e-07 7.65917e-08
1.83673 1.65306 7.99154e-08 3.29528e-08
1.89796 1.65306 3.53732e-08 1.39274e-08
1.95918 1.65306 1.53678e-08 5.78637e-09
2.02041 1.65306 6.55735e-09 2.36465e-09
2.08163 1.65306 2.74979e-09 9.51039e-10
2.14286 1.65306 1.13391e-09 3.7664e-10
2.20408 1.65306 4.60043e-10 1.46948e-10
2.26531 1.65306 1.83734e-10 5.65078e-11
2.32653 1.65306 7.22702e-11 2.14266e-11
2.38776 1.65306 2.80098e-11 8.01444e-12
2.44898 1.65306 1.07012e-11 2.9583e-12
2.5102 1.65306 4.03182e-12 1.078e-12
2.57143 1.65306 1.49863e-12 3.87941e-13
2.63265 1.65306 5.49757e-13 1.37917e-13
2.69388 1.65306 1.99114e-13 4.84513e-14
2.7551 1.65306 7.12097e-14 1.6827e-14
2.81633 1.65306 2.51249e-14 5.77913e-15
2.87755 1.65306 8.66322e-15 1.95321e-15
2.93878 1.65306 2.65195e-15 6.18011e-16
3 1.65306 0 0

0 1.71429 0 0
0.0612245 1.71429 -0.000773472 0.0034103
0.122449 1.71429 -0.00073945 0.00619066
0.183673 1.71429 -0.000140719 0.00822707
0.244898 1.71429 0.000750608 0.00940861
0.306122 1.71429 0.00166783 0.00972028
0.367347 1.71429 0.00240147 0.00927257
0.428571 1.71429 0.00283473 0.00827113
0.489796 1.71429 0.00294657 0.00695813
0.55102 1.71429 0.00278795 0.00555605
0.612245 1.71429 0.00244688 0.00423243
0.673469 1.71429 0.00201638 0.00308856
0.734694 1.71429 0.0015734 0.00216646
0.795918 1.71429 0.00116982 0.00146491
0.857143 1.71429 0.000832706 0.000957087
0.918367 1.71429 0.000569621 0.000605326
0.979592 1.71429 0.000375574 0.000371138
1.04082 1.71429 0.000239241 0.000220815
1.10204 1.71429 0.000147503 0.000127587
1.16327 1.71429 8.81499e-05 7.16432e-05
1.22449 1.71429 5.11256e-05 3.91247e-05
1.28571 1.71429 2.88095e-05 2.07962e-05
1.34694 1.71429 1.57895e-05 1.07687e-05
1.40816 1.71429 8.42533e-06 5.43757e-06
1.46939 1.71429 4.38154e-06 2.67998e-06
1.53061 1.71429 2.22289e-06 1.29055e-06
1.59184 1.71429 1.10123e-06 6.07793e-07
1.65306 1.71429 5.33219e-07 2.80205e-07
1.71429 1.71429 2.52574e-07 1.26566e-07
1.77551 1.71429 1.17135e-07 5.60581e-08
1.83673 1.71429 5.32296e-08 2.43655e-08
1.89796 1.71429 2.37195e-08 1.04001e-08
1.95918 1.71429 1.03718e-08 4.36228e-09
2.02041 1.71429 4.45336e-09 1.79916e-09
2.08163 1.71429 1.87878e-09 7.30059e-10
2.14286 1.71429 7.79241e-10 2.91613e-10
2.20408 1.71429 3.1792e-10 1.14718e-10
2.26531 1.71429 1.27656e-10 4.44674e-11
2.32653 1.71429 5.04724e-11 1.69912e-11
2.38776 1.71429 1.96589e-11 6.40271e-12
2.44898 1.71429 7.54663e-12 2.38031e-12
2.5102 1.71429 2.85638e-12 8.73371e-13
2.57143 1.71429 1.06641e-12 3.16381e-13
2.63265 1.71429 3.92858e-13 1.13206e-13
2.69388 1.71429 1.42866e-13 4.00132e-14
2.7551 1.71429 5.12966e-14 1.39758e-14
2.81633 1.71429 1.81636e-14 4.82934e-15
2.87755 1.71429 6.2894e-15 1.64422e-15
2.93878 1.71429 1.9384e-15 5.22293e-16
3 1.71429 0 0

0 1.77551 0 0
0.0612245 1.77551 -0.000494323 0.00199804
0.122449 1.77551 -0.000500579 0.00360474
0.183673 1.77551 -0.000174857 0.00477073
0.244898 1.77551 0.000323523 0.00544617
0.306122 1.77551 0.000844123 0.00562931
0.367347 1.77551 0.00126942 0.00538304
0.428571 1.77551 0.00153206 0.00482069
0.489796 1.77551 0.00161665 0.00407609
0.55102 1.77551 0.00154796 0.00327388
0.612245 1.77551 0.00137255 0.00250981
0.673469 1.77551 0.00114145 0.00184363
0.734694 1.77551 0.000898143 0.00130188
0.795918 1.77551 0.000672914 0.000886166
0.857143 1.77551 0.000482406 0.000582777
0.918367 1.77551 0.000332173 0.00037098
0.979592 1.77551 0.000220363 0.000228935
1.04082 1.77551 0.000141188 0.000137121
1.10204 1.77551 8.7538e-05 7.97872e-05
1.16327 1.77551 5.26052e-05 4.51399e-05
1.22449 1.77551 3.06818e-05 2.485e-05
1.28571 1.77551 1.73888e-05 1.33221e-05
1.34694 1.77551 9.5865e-06 6.96082e-06
1.40816 1.77551 5.14634e-06 3.54779e-06
1.46939 1.77551 2.69283e-06 1.76542e-06
1.53061 1.77551 1.37468e-06 8.58449e-07
1.59184 1.77551 6.85283e-07 4.08258e-07
1.65306 1.77551 3.33886e-07 1.90054e-07
1.71429 1.77551 1.5913e-07 8.6676e-08
1.77551 1.77551 7.42474e-08 3.87556e-08
1.83673 1.77551 3.39406e-08 1.70021e-08
1.89796 1.77551 1.5212e-08 7.32328e-09
1.95918 1.77551 6.68923e-09 3.09901e-09
2.02041 1.77551 2.88787e-09 1.2892e-09
2.08163 1.77551 1.22478e-09 5.27528e-10
2.14286 1.77551 5.1059e-10 2.12436e-10
2.20408 1.77551 2.09343e-10 8.42343e-11
2.26531 1.77551 8.44594e-11 3.29027e-11
2.32653 1.77551 3.3547e-11 1.26664e-11
2.38776 1.77551 1.31244e-11 4.80767e-12
2.44898 1.77551 5.0597e-12 1.79992e-12
2.5102 1.77551 1.92296e-12 6.64933e-13
2.57143 1.77551 7.20768e-13 2.4247e-13
2.63265 1.77551 2.66541e-13 8.73134e-14
2.69388 1.77551 9.72786e-14 3.10582e-14
2.7551 1.77551 3.50547e-14 1.09135e-14
2.81633 1.77551 1.24585e-14 3.7947e-15
2.87755 1.77551 4.32594e-15 1.30264e-15
2.93878 1.77551 1.33767e-15 4.1396e-16
3 1.77551 0 0

0 1.83673 0 0
0.0612245 1.83673 -0.000309712 0.00109041
0.122449 1.83673 -0.000326296 0.00195273
0.183673 1.83673 -0.000152135 0.00257345
0.244898 1.83673 0.000119928 0.00293323
0.306122 1.83673 0.000406892 0.0030339
0.367347 1.83673 0.000644942 0.00290835
0.428571 1.83673 0.000796988 0.00261466
0.489796 1.83673 0.000853391 0.00222174
0.55102 1.83673 0.000826031 0.00179467
0.612245 1.83673 0.000738963 0.00138437
0.673469 1.83673 0.000619294 0.00102354
0.734694 1.83673 0.00049065 0.000727599
0.795918 1.83673 0.000369913 0.000498593
0.857143 1.83673 0.000266708 0.00033009
0.918367 1.83673 0.000184617 0.000211527
0.979592 1.83673 0.000123073 0.000131406
1.04082 1.83673 7.92149e-05 7.92386e-05
1.10204 1.83673 4.93286e-05 4.64286e-05
1.16327 1.83673 2.977e-05 2.64581e-05
1.22449 1.83673 1.74371e-05 1.46764e-05
1.28571 1.83673 9.92484e-06 7.93076e-06
1.34694 1.83673 5.4956e-06 4.17825e-06
1.40816 1.83673 2.96344e-06 2.14787e-06
1.46939 1.83673 1.55771e-06 1.07822e-06
1.53061 1.83673 7.98891e-07 5.28991e-07
1.59184 1.83673 4.00111e-07 2.53851e-07
1.65306 1.83673 1.95855e-07 1.19246e-07
1.71429 1.83673 9.37788e-08 5.48743e-08
1.77551 1.83673 4.39569e-08 2.47559e-08
1.83673 1.83673 2.01849e-08 1.09565e-08
1.89796 1.83673 9.08683e-09 4.7604e-09
1.95918 1.83673 4.01308e-09 2.03171e-09
2.02041 1.83673 1.73982e-09 8.52287e-10
2.08163 1.83673 7.40892e-10 3.51608e-10
2.14286 1.83673 3.10087e-10 1.42729e-10
2.20408 1.83673 1.27623e-10 5.70375e-11
2.26531 1.83673 5.168e-11 2.24497e-11
2.32653 1.83673 2.06004e-11 8.70678e-12
2.38776 1.83673 8.08714e-12 3.32878e-12
2.44898 1.83673 3.12808e-12 1.25508e-12
2.5102 1.83673 1.19265e-12 4.66851e-13
2.57143 1.83673 4.48407e-13 1.71392e-13
2.63265 1.83673 1.66315e-13 6.21152e-14
2.69388 1.83673 6.08734e-14 2.22397e-14
2.7551 1.83673 2.19974e-14 7.8689e-15
2.81633 1.83673 7.83851e-15 2.75024e-15
2.87755 1.83673 2.72887e-15 9.49459e-16
2.93878 1.83673 8.48462e-16 3.03272e-16
3 1.83673 0 0

0 1.89796 0 0
0.0612245 1.89796 -0.000175889 0.000480231
0.122449 1.89796 -0.000186761 0.000845492
0.183673 1.89796 -0.000102921 0.00110709
0.244898 1.89796 2.73989e-05 0.00125993
0.306122 1.89796 0.000164652 0.00130502
0.367347 1.89796 0.000279272 0.00125534
0.428571 1.89796 0.00035408 0.00113416
0.489796 1.89796 0.000384409 0.000969535
0.55102 1.89796 0.000375464 0.000788488
0.612245 1.89796 0.000338142 0.000612672
0.673469 1.89796 0.000284902 0.000456443
0.734694 1.89796 0.000226735 0.000327004
0.795918 1.89796 0.000171603 0.000225848
0.857143 1.89796 0.000124147 0.0001507
0.918367 1.89796 8.61957e-05 9.73281e-05
0.979592 1.89796 5.76179e-05 6.09352e-05
1.04082 1.89796 3.71775e-05 3.70317e-05
1.10204 1.89796 2.32049e-05 2.18693e-05
1.16327 1.89796 1.40355e-05 1.25625e-05
1.22449 1.89796 8.23897e-06 7.02543e-06
1.28571 1.89796 4.69982e-06 3.82813e-06
1.34694 1.89796 2.60827e-06 2.03405e-06
1.40816 1.89796 1.40973e-06 1.05472e-06
1.46939 1.89796 7.42777e-07 5.34142e-07
1.53061 1.89796 3.81867e-07 2.64394e-07
1.59184 1.89796 1.91723e-07 1.28013e-07
1.65306 1.89796 9.40822e-08 6.06721e-08
1.71429 1.89796 4.51602e-08 2.81689e-08
1.77551 1.89796 2.12203e-08 1.28203e-08
1.83673 1.89796 9.76813e-09 5.72364e-09
1.89796 1.89796 4.40797e-09 2.50821e-09
1.95918 1.89796 1.9513e-09 1.07955e-09
2.02041 1.89796 8.47899e-10 4.56621e-10
2.08163 1.89796 3.61877e-10 1.89909e-10
2.14286 1.89796 1.51784e-10 7.77033e-11
2.20408 1.89796 6.26007e-11 3.12932e-11
2.26531 1.89796 2.54007e-11 1.24103e-11
2.32653 1.89796 1.01448e-11 4.84878e-12
2.38776 1.89796 3.99002e-12 1.86716e-12
2.44898 1.89796 1.54611e-12 7.0894e-13
2.5102 1.89796 5.90508e-13 2.65513e-13
2.57143 1.89796 2.22387e-13 9.81224e-14
2.63265 1.89796 8.26138e-14 3.57936e-14
2.69388 1.89796 3.02879e-14 1.28937e-14
2.7551 1.89796 1.0958e-14 4.59152e-15
2.81633 1.89796 3.90813e-15 1.613e-15
2.87755 1.89796 1.36133e-15 5.59423e-16
2.93878 1.89796 4.22981e-16 1.83044e-16
3 1.89796 0 0

0 1.95918 0 0
0.0612245 1.95918 0 0
0.122449 1.95918 0 0
0.183673 1.95918 0 0
0.244898 1.95918 0 0
0.306122 1.95918 0 0
0.367347 1.95918 0 0
0.428571 1.95918 0 0
0.489796 1.95918 0 0
0.55102 1.95918 0 0
0.612245 1.95918 0 0
0.673469 1.95918 0 0
0.734694 1.95918 0 0
0.795918 1.95918 0 0
0.857143 1.95918 0 0
0.918367 1.95918 0 0
0.979592 1.95918 0 0
1.04082 1.95918 0 0
1.10204 1.95918 0 0
1.16327 1.95918 0 0
1.22449 1.95918 0 0
1.28571 1.95918 0 0
1.34694 1.95918 0 0
1.40816 1.95918 0 0
1.46939 1.95918 0 0
1.53061 1.95918 0 0
1.59184 1.95918 0 0
1.65306 1.95918 0 0
1.71429 1.95918 0 0
1.77551 1.95918 0 0
1.83673 1.95918 0 0
1.89796 1.95918 0 0
1.95918 1.95918 0 0
2.02041 1.95918 0 0
2.08163 1.95918 0 0
2.14286 1.95918 0 0
2.20408 1.95918 0 0
2.26531 1.95918 0 0
2.32653 1.95918 0 0
2.38776 1.95918 0 0
2.44898 1.95918 0 0
2.5102 1.95918 0 0
2.57143 1.95918 0 0
2.63265 1.95918 0 0
2.69388 1.95918 0 0
2.7551 1.95918 0 0
2.81633 1.95918 0 0
2.87755 1.95918 0 0
2.93878 1.95918 0 0
3 1.95918 0 0

0 2.02041 0 0
0.0612245 2.02041 0 0
0.122449 2.02041 0 0
0.183673 2.02041 0 0
0.244898 2.02041 0 0
0.306122 2.02041 0 0
0.367347 2.02041 0 0
0.428571 2.02041 0 0
0.489796 2.02041 0 0
0.55102 2.02041 0 0
0.612245 2.02041 0 0
0.673469 2.02041 0 0
0.734694 2.02041 0 0
0.795918 2.02041 0 0
0.857143 2.02041 0 0
0.918367 2.02041 0 0
0.979592 2.02041 0 0
1.04082 2.02041 0 0
1.10204 2.02041 0 0
1.16327 2.02041 0 0
1.22449 2.02041 0 0
1.28571 2.02041 0 0
1.34694 2.02041 0 0
1.40816 2.02041 0 0
1.46939 2.02041 0 0
1.53061 2.02041 0 0
1.59184 2.02041 0 0
1.65306 2.02041 0 0
1.71429 2.02041 0 0
1.77551 2.02041 0 0
1.83673 2.02041 0 0
1.89796 2.02041 0 0
1.95918 2.02041 0 0
2.02041 2.02041 0 0
2.08163 2.02041 0 0
2.14286 2.02041 0 0
2.20408 2.02041 0 0
2.26531 2.02041 0 0
2.32653 2.02041 0 0
2.38776 2.02041 0 0
2.44898 2.02041 0 0
2.5102 2.02041 0 0
2.57143 2.02041 0 0
2.63265 2.02041 0 0
2.69388 2.02041 0 0
2.7551 2.02041 0 0
2.81633 2.02041 0 0
2.87755 2.02041 0 0
2.93878 2.02041 0 0
3 2.02041 0 0

0 2.08163 0 0
0.0612245 2.08163 0 0
0.122449 2.08163 0 0
0.183673 2.08163 0 0
0.244898 2.08163 0 0
0.306122 2.08163 0 0
0.367347 2.08163 0 0
0.428571 2.08163 0 0
0.489796 2.08163 0 0
0.55102 2.08163 0 0
0.612245 2.08163 0 0
0.673469 2.08163 0 0
0.734694 2.08163 0 0
0.795918 2.08163 0 0
0.857143 2.08163 0 0
0.918367 2.08163 0 0
0.979592 2.08163 0 0
1.04082 2.08163 0 0
1.10204 2.08163 0 0
1.16327 2.08163 0 0
1.22449 2.08163 0 0
1.28571 2.08163 0 0
1.34694 2.08163 0 0
1.40816 2.08163 0 0
1.46939 2.08163 0 0
1.53061 2.08163 0 0
1.59184 2.08163 0 0
1.65306 2.08163 0 0
1.71429 2.08163 0 0
1.77551 2.08163 0 0
1.83673 2.08163 0 0
1.89796 2.08163 0 0
1.95918 2.08163 0 0
2.02041 2.08163 0 0
2.08163 2.08163 0 0
2.14286 2.08163 0 0
2.20408 2.08163 0 0
2.26531 2.08163 0 0
2.32653 2.08163 0 0
2.38776 2.08163 0 0
2.44898 2.08163 0 0
2.5102 2.08163 0 0
2.57143 2.08163 0 0
2.63265 2.08163 0 0
2.69388 2.08163 0 0
2.7551 2.08163 0 0
2.81633 2.08163 0 0
2.87755 2.08163 0 0
2.93878 2.08163 0 0
3 2.08163 0 0

0 2.14286 0 0
0.0612245 2.14286 0 0
0.122449 2.14286 0 0
0.183673 2.14286 0 0
0.244898 2.14286 0 0
0.306122 2.14286 0 0
0.367347 2.14286 0 0
0.428571 2.14286 0 0
0.489796 2.14286 0 0
0.55102 2.14286 0 0
0.612245 2.14286 0 0
0.673469 2.14286 0 0
0.734694 2.14286 0 0
0.795918 2.14286 0 0
0.857143 2.14286 0 0
0.918367 2.14286 0 0
0.979592 2.14286 0 0
1.04082 2.14286 0 0
1.10204 2.14286 0 0
1.16327 2.14286 0 0
1.22449 2.14286 0 0
1.28571 2.14286 0 0
1.34694 2.14286 0 0
1.40816 2.14286 0 0
1.46939 2.14286 0 0
1.53061 2.14286 0 0
1.59184 2.14286 0 0
1.65306 2.14286 0 0
1.71429 2.14286 0 0
1.77551 2.14286 0 0
1.83673 2.14286 0 0
1.89796 2.14286 0 0
1.95918 2.14286 0 0
2.02041 2.14286 0 0
2.08163 2.14286 0 0
2.14286 2.14286 0 0
2.20408 2.14286 0 0
2.26531 2.14286 0 0
2.32653 2.14286 0 0
2.38776 2.14286 0 0
2.44898 2.14286 0 0
2.5102 2.14286 0 0
2.57143 2.14286 0 0
2.63265 2.14286 0 0
2.69388 2.14286 0 0
2.7551 2.14286 0 0
2.81633 2.14286 0 0
2.87755 2.14286 0 0
2.93878 2.14286 0 0
3 2.14286 0 0

0 2.20408 0 0
0.0612245 2.20408 0 0
0.122449 2.20408 0 0
0.183673 2.20408 0 0
0.244898 2.20408 0 0
0.306122 2.20408 0 0
0.367347 2.20408 0 0
0.428571 2.20408 0 0
0.489796 2.20408 0 0
0.55102 2.20408 0 0
0.612245 2.20408 0 0
0.673469 2.20408 0 0
0.734694 2.20408 0 0
0.795918 2.20408 0 0
0.857143 2.20408 0 0
0.918367 2.20408 0 0
0.979592 2.20408 0 0
1.04082 2.20408 0 0
1.10204 2.20408 0 0
1.16327 2.20408 0 0
1.22449 2.20408 0 0
1.28571 2.20408 0 0
1.34694 2.20408 0 0
1.40816 2.20408 0 0
1.46939 2.20408 0 0
1.53061 2.20408 0 0
1.59184 2.20408 0 0
1.65306 2.20408 0 0
1.71429 2.20408 0 0
1.77551 2.20408 0 0
1.83673 2.20408 0 0
1.89796 2.20408 0 0
1.95918 2.20408 0 0
2.02041 2.20408 0 0
2.08163 2.20408 0 0
2.14286 2.20408 0 0
2.20408 2.20408 0 0
2.26531 2.20408 0 0
2.32653 2.20408 0 0
2.38776 2.20408 0 0
2.44898 2.20408 0 0
2.5102 2.20408 0 0
2.57143 2.20408 0 0
2.63265 2.20408 0 0
2.69388 2.20408 0 0
2.7551 2.20408 0 0
2.81633 2.20408 0 0
2.87755 2.20408 0 0
2.93878 2.20408 0 0
3 2.20408 0 0

0 2.26531 0 0
0.0612245 2.26531 0 0
0.122449 2.26531 0 0
0.183673 2.26531 0 0
0.244898 2.26531 0 0
0.306122 2.26531 0 0
0.367347 2.26531 0 0
0.428571 2.26531 0 0
0.489796 2.26531 0 0
0.55102 2.26531 0 0
0.612245 2.26531 0 0
0.673469 2.26531 0 0
0.734694 2.26531 0 0
0.795918 2.26531 0 0
0.857143 2.26531 0 0
0.918367 2.26531 0 0
0.979592 2.26531 0 0
1.04082 2.26531 0 0
1.10204 2.26531 0 0
1.16327 2.26531 0 0
1.22449 2.26531 0 0
1.28571 2.26531 0 0
1.34694 2.26531 0 0
1.40816 2.26531 0 0
1.46939 2.26531 0 0
1.53061 2.26531 0 0
1.59184 2.26531 0 0
1.65306 2.26531 0 0
1.71429 2.26531 0 0
1.77551 2.26531 0 0
1.83673 2.26531 0 0
1.89796 2.26531 0 0
1.95918 2.26531 0 0
2.02041 2.26531 0 0
2.08163 2.26531 0 0
2.14286 2.26531 0 0
2.20408 2.26531 0 0
2.26531 2.26531 0 0
2.32653 2.26531 0 0
2.38776 2.26531 0 0
2.44898 2.26531 0 0
2.5102 2.26531 0 0
2.57143 2.26531 0 0
2.63265 2.26531 0 0
2.69388 2.26531 0 0
2.7551 2.26531 0 0
2.81633 2.26531 0 0
2.87755 2.26531 0 0
2.93878 2.26531 0 0
3 2.26531 0 0

0 2.32653 0 0
0.0612245 2.32653 0 0
0.122449 2.32653 0 0
0.183673 2.32653 0 0
0.244898 2.32653 0 0
0.306122 2.32653 0 0
0.367347 2.32653 0 0
0.428571 2.32653 0 0
0.489796 2.32653 0 0
0.55102 2.32653 0 0
0.612245 2.32653 0 0
0.673469 2.32653 0 0
0.734694 2.32653 0 0
0.795918 2.32653 0 0
0.857143 2.32653 0 0
0.918367 2.32653 0 0
0.979592 2.32653 0 0
1.04082 2.32653 0 0
1.10204 2.32653 0 0
1.16327 2.32653 0 0
1.22449 2.32653 0 0
1.28571 2.32653 0 0
1.34694 2.32653 0 0
1.40816 2.32653 0 0
1.46939 2.32653 0 0
1.53061 2.32653 0 0
1.59184 2.32653 0 0
1.65306 2.32653 0 0
1.71429 2.32653 0 0
1.77551 2.32653 0 0
1.83673 2.32653 0 0
1.89796 2.32653 0 0
1.95918 2.32653 0 0
2.02041 2.32653 0 0
2.08163 2.32653 0 0
2.14286 2.32653 0 0
2.20408 2.32653 0 0
2.26531 2.32653 0 0
2.32653 2.32653 0 0
2.38776 2.32653 0 0
2.44898 2.32653 0 0
2.5102 2.32653 0 0
2.57143 2.32653 0 0
2.63265 2.32653 0 0
2.69388 2.32653 0 0
2.7551 2.32653 0 0
2.81633 2.32653 0 0
2.87755 2.32653 0 0
2.93878 2.32653 0 0
3 2.32653 0 0

0 2.38776 0 0
0.0612245 2.38776 0 0
0.122449 2.38776 0 0
0.183673 2.38776 0 0
0.244898 2.38776 0 0
0.306122 2.38776 0 0
0.367347 2.38776 0 0
0.428571 2.38776 0 0
0.489796 2.38776 0 0
0.55102 2.38776 0 0
0.612245 2.38776 0 0
0.673469 2.38776 0 0
0.734694 2.38776 0 0
0.795918 2.38776 0 0
0.857143 2.38776 0 0
0.918367 2.38776 0 0
0.979592 2.38776 0 0
1.04082 2.38776 0 0
1.10204 2.38776 0 0
1.16327 2.38776 0 0
1.22449 2.38776 0 0
1.28571 2.38776 0 0
1.34694 2.38776 0 0
1.40816 2.38776 0 0
1.46939 2.38776 0 0
1.53061 2.38776 0 0
1.59184 2.38776 0 0
1.65306 2.38776 0 0
1.71429 2.38776 0 0
1.77551 2.38776 0 0
1.83673 2.38776 0 0
1.89796 2.38776 0 0
1.95918 2.38776 0 0
2.02041 2.38776 0 0
2.08163 2.38776 0 0
2.14286 2.38776 0 0
2.20408 2.38776 0 0
2.26531 2.38776 0 0
2.32653 2.38776 0 0
2.38776 2.38776 0 0
2.44898 2.38776 0 0
2.5102 2.38776 0 0
2.57143 2.38776 0 0
2.63265 2.38776 0 0
2.69388 2.38776 0 0
2.7551 2.38776 0 0
2.81633 2.38776 0 0
2.87755 2.38776 0 0
2.93878 2.38776 0 0
3 2.38776 0 0

0 2.44898 0 0
0.0612245 2.44898 0 0
0.122449 2.44898 0 0
0.183673 2.44898 0 0
0.244898 2.44898 0 0
0.306122 2.44898 0 0
0.367347 2.44898 0 0
0.428571 2.44898 0 0
0.489796 2.44898 0 0
0.55102 2.44898 0 0
0.612245 2.44898 0 0
0.673469 2.44898 0 0
0.734694 2.44898 0 0
0.795918 2.44898 0 0
0.857143 2.44898 0 0
0.918367 2.44898 0 0
0.979592 2.44898 0 0
1.04082 2.44898 0 0
1.10204 2.44898 0 0
1.16327 2.44898 0 0
1.22449 2.44898 0 0
1.28571 2.44898 0 0
1.34694 2.44898 0 0
1.40816 2.44898 0 0
1.46939 2.44898 0 0
1.53061 2.44898 0 0
1.59184 2.44898 0 0
1.65306 2.44898 0 0
1.71429 2.44898 0 0
1.77551 2.44898 0 0
1.83673 2.44898 0 0
1.89796 2.44898 0 0
1.95918 2.44898 0 0
2.02041 2.44898 0 0
2.08163 2.44898 0 0
2.14286 2.44898 0 0
2.20408 2.44898 0 0
2.26531 2.44898 0 0
2.32653 2.44898 0 0
2.38776 2.44898 0 0
2.44898 2.44898 0 0
2.5102 2.44898 0 0
2.57143 2.44898 0 0
2.63265 2.44898 0 0
2.69388 2.44898 0 0
2.7551 2.44898 0 0
2.81633 2.44898 0 0
2.87755 2.44898 0 0
2.93878 2.44898 0 0
3 2.44898 0 0

0 2.5102 0 0
0.0612245 2.5102 0 0
0.122449 2.5102 0 0
0.183673 2.5102 0 0
0.244898 2.5102 0 0
0.306122 2.5102 0 0
0.367347 2.5102 0 0
0.428571 2.5102 0 0
0.489796 2.5102 0 0
0.55102 2.5102 0 0
0.612245 2.5102 0 0
0.673469 2.5102 0 0
0.734694 2.5102 0 0
0.795918 2.5102 0 0
0.857143 2.5102 0 0
0.918367 2.5102 0 0
0.979592 2.5102 0 0
1.04082 2.5102 0 0
1.10204 2.5102 0 0
1.16327 2.5102 0 0
1.22449 2.5102 0 0
1.28571 2.5102 0 0
1.34694 2.5102 0 0
1.40816 2.5102 0 0
1.46939 2.5102 0 0
1.53061 2.5102 0 0
1.59184 2.5102 0 0
1.65306 2.5102 0 0
1.71429 2.5102 0 0
1.77551 2.5102 0 0
1.83673 2.5102 0 0
1.89796 2.5102 0 0
1.95918 2.5102 0 0
2.02041 2.5102 0 0
2.08163 2.5102 0 0
2.14286 2.5102 0 0
2.20408 2.5102 0 0
2.26531 2.5102 0 0
2.32653 2.5102 0 0
2.38776 2.5102 0 0
2.44898 2.5102 0 0
2.5102 2.5102 0 0
2.57143 2.5102 0 0
2.63265 2.5102 0 0
2.69388 2.5102 0 0
2.7551 2.5102 0 0
2.81633 2.5102 0 0
2.87755 2.5102 0 0
2.93878 2.5102 0 0
3 2.5102 0 0

0 2.57143 0 0
0.0612245 2.57143 0 0
0.122449 2.57143 0 0
0.183673 2.57143 0 0
0.244898 2.57143 0 0
0.306122 2.57143 0 0
0.367347 2.57143 0 0
0.428571 2.57143 0 0
0.489796 2.57143 0 0
0.55102 2.57143 0 0
0.612245 2.57143 0 0
0.673469 2.57143 0 0
0.734694 2.57143 0 0
0.795918 2.57143 0 0
0.857143 2.57143 0 0
0.918367 2.57143 0 0
0.979592 2.57143 0 0
1.04082 2.57143 0 0
1.10204 2.57143 0 0
1.16327 2.57143 0 0
1.22449 2.57143 0 0
1.28571 2.57143 0 0
1.34694 2.57143 0 0
1.40816 2.57143 0 0
1.46939 2.57143 0 0
1.53061 2.57143 0 0
1.59184 2.57143 0 0
1.65306 2.57143 0 0
1.71429 2.57143 0 0
1.77551 2.57143 0 0
1.83673 2.57143 0 0
1.89796 2.57143 0 0
1.95918 2.57143 0 0
2.02041 2.57143 0 0
2.08163 2.57143 0 0
2.14286 2.57143 0 0
2.20408 2.57143 0 0
2.26531 2.57143 0 0
2.32653 2.57143 0 0
2.38776 2.57143 0 0
2.44898 2.57143 0 0
2.5102 2.57143 0 0
2.57143 2.57143 0 0
2.63265 2.57143 0 0
2.69388 2.57143 0 0
2.7551 2.57143 0 0
2.81633 2.57143 0 0
2.87755 2.57143 0 0
2.93878 2.57143 0 0
3 2.57143 0 0

0 2.63265 0 0
0.0612245 2.63265 0 0
0.122449 2.63265 0 0
0.183673 2.63265 0 0
0.244898 2.63265 0 0
0.306122 2.63265 0 0
0.367347 2.63265 0 0
0.428571 2.63265 0 0
0.489796 2.63265 0 0
0.55102 2.63265 0 0
0.612245 2.63265 0 0
0.673469 2.63265 0 0
0.734694 2.63265 0 0
0.795918 2.63265 0 0
0.857143 2.63265 0 0
0.918367 2.63265 0 0
0.979592 2.63265 0 0
1.04082 2.63265 0 0
1.10204 2.63265 0 0
1.16327 2.63265 0 0
1.22449 2.63265 0 0
1.28571 2.63265 0 0
1.34694 2.63265 0 0
1.40816 2.63265 0 0
1.46939 2.63265 0 0
1.53061 2.63265 0 0
1.59184 2.63265 0 0
1.65306 2.63265 0 0
1.71429 2.63265 0 0
1.77551 2.63265 0 0
1.83673 2.63265 0 0
1.89796 2.63265 0 0
1.95918 2.63265 0 0
2.02041 2.63265 0 0
2.08163 2.63265 0 0
2.14286 2.63265 0 0
2.20408 2.63265 0 0
2.26531 2.63265 0 0
2.32653 2.63265 0 0
2.38776 2.63265 0 0
2.44898 2.63265 0 0
2.5102 2.63265 0 0
2.57143 2.63265 0 0
2.63265 2.63265 0 0
2.69388 2.63265 0 0
2.7551 2.63265 0 0
2.81633 2.63265 0 0
2.87755 2.63265 0 0
2.93878 2.63265 0 0
3 2.63265 0 0

0 2.69388 0 0
0.0612245 2.69388 0 0
0.122449 2.69388 0 0
0.183673 2.69388 0 0
0.244898 2.69388 0 0
0.306122 2.69388 0 0
0.367347 2.69388 0 0
0.428571 2.69388 0 0
0.489796 2.69388 0 0
0.55102 2.69388 0 0
0.612245 2.69388 0 0
0.673469 2.69388 0 0
0.734694 2.69388 0 0
0.795918 2.69388 0 0
0.857143 2.69388 0 0
0.918367 2.69388 0 0
0.979592 2.69388 0 0
1.04082 2.69388 0 0
1.10204 2.69388 0 0
1.16327 2.69388 0 0
1.22449 2.69388 0 0
1.28571 2.69388 0 0
1.34694 2.69388 0 0
1.40816 2.69388 0 0
1.46939 2.69388 0 0
1.53061 2.69388 0 0
1.59184 2.69388 0 0
1.65306 2.69388 0 0
1.71429 2.69388 0 0
1.77551 2.69388 0 0
1.83673 2.69388 0 0
1.89796 2.69388 0 0
1.95918 2.69388 0 0
2.02041 2.69388 0 0
2.08163 2.69388 0 0
2.14286 2.69388 0 0
2.20408 2.69388 0 0
2.26531 2.69388 0 0
2.32653 2.69388 0 0
2.38776 2.69388 0 0
2.44898 2.69388 0 0
2.5102 2.69388 0 0
2.57143 2.69388 0 0
2.63265 2.69388 0 0
2.69388 2.69388 0 0
2.7551 2.69388 0 0
2.81633 2.69388 0 0
2.87755 2.69388 0 0
2.93878 2.69388 0 0
3 2.69388 0 0

0 2.7551 0 0
0.0612245 2.7551 0 0
0.122449 2.7551 0 0
0.183673 2.7551 0 0
0.244898 2.7551 0 0
0.306122 2.7551 0 0
0.367347 2.7551 0 0
0.428571 2.7551 0 0
0.489796 2.7551 0 0
0.55102 2.7551 0 0
0.612245 2.7551 0 0
0.673469 2.7551 0 0
0.734694 2.7551 0 0
0.795918 2.7551 0 0
0.857143 2.7551 0 0
0.918367 2.7551 0 0
0.979592 2.7551 0 0
1.04082 2.7551 0 0
1.10204 2.7551 0 0
1.16327 2.7551 0 0
1.22449 2.7551 0 0
1.28571 2.7551 0 0
1.34694 2.7551 0 0
1.40816 2.7551 0 0
1.46939 2.7551 0 0
1.53061 2.7551 0 0
1.59184 2.7551 0 0
1.65306 2.7551 0 0
1.71429 2.7551 0 0
1.77551 2.7551 0 0
1.83673 2.7551 0 0
1.89796 2.7551 0 0
1.95918 2.7551 0 0
2.02041 2.7551 0 0
2.08163 2.7551 0 0
2.14286 2.7551 0 0
2.20408 2.7551 0 0
2.26531 2.7551 0 0
2.32653 2.7551 0 0
2.38776 2.7551 0 0
2.44898 2.7551 0 0
2.5102 2.7551 0 0
2.57143 2.7551 0 0
2.63265 2.7551 0 0
2.69388 2.7551 0 0
2.7551 2.7551 0 0
2.81633 2.7551 0 0
2.87755 2.7551 0 0
2.93878 2.7551 0 0
3 2.7551 0 0

0 2.81633 0 0
0.0612245 2.81633 0 0
0.122449 2.81633 0 0
0.183673 2.81633 0 0
0.244898 2.81633 0 0
0.306122 2.81633 0 0
0.367347 2.81633 0 0
0.428571 2.81633 0 0
0.489796 2.81633 0 0
0.55102 2.81633 0 0
0.612245 2.81633 0 0
0.673469 2.81633 0 0
0.734694 2.81633 0 0
0.795918 2.81633 0 0
0.857143 2.81633 0 0
0.918367 2.81633 0 0
0.979592 2.81633 0 0
1.04082 2.81633 0 0
1.10204 2.81633 0 0
1.16327 2.81633 0 0
1.22449 2.81633 0 0
1.28571 2.81633 0 0
1.34694 2.81633 0 0
1.40816 2.81633 0 0
1.46939 2.81633 0 0
1.53061 2.81633 0 0
1.59184 2.81633 0 0
1.65306 2.81633 0 0
1.71429 2.81633 0 0
1.77551 2.81633 0 0
1.83673 2.81633 0 0
1.89796 2.81633 0 0
1.95918 2.81633 0 0
2.02041 2.81633 0 0
2.08163 2.81633 0 0
2.14286 2.81633 0 0
2.20408 2.81633 0 0
2.26531 2.81633 0 0
2.32653 2.81633 0 0
2.38776 2.81633 0 0
2.44898 2.81633 0 0
2.5102 2.81633 0 0
2.57143 2.81633 0 0
2.63265 2.81633 0 0
2.69388 2.81633 0 0
2.7551 2.81633 0 0
2.81633 2.81633 0 0
2.87755 2.81633 0 0
2.93878 2.81633 0 0
3 2.81633 0 0

0 2.87755 0 0
0.0612245 2.87755 0 0
0.122449 2.87755 0 0
0.183673 2.87755 0 0
0.244898 2.87755 0 0
0.306122 2.87755 0 0
0.367347 2.87755 0 0
0.428571 2.87755 0 0
0.489796 2.87755 0 0
0.55102 2.87755 0 0
0.612245 2.87755 0 0
0.673469 2.87755 0 0
0.734694 2.87755 0 0
0.795918 2.87755 0 0
0.857143 2.87755 0 0
0.918367 2.87755 0 0
0.979592 2.87755 0 0
1.04082 2.87755 0 0
1.10204 2.87755 0 0
1.16327 2.87755 0 0
1.22449 2.87755 0 0
1.28571 2.87755 0 0
1.34694 2.87755 0 0
1.40816 2.87755 0 0
1.46939 2.87755 0 0
1.53061 2.87755 0 0
1.59184 2.87755 0 0
1.65306 2.87755 0 0
1.71429 2.87755 0 0
1.77551 2.87755 0 0
1.83673 2.87755 0 0
1.89796 2.87755 0 0
1.95918 2.87755 0 0
2.02041 2.87755 0 0
2.08163 2.87755 0 0
2.14286 2.87755 0 0
2.20408 2.87755 0 0
2.26531 2.87755 0 0
2.32653 2.87755 0 0
2.38776 2.87755 0 0
2.44898 2.87755 0 0
2.5102 2.87755 0 0
2.57143 2.87755 0 0
2.63265 2.87755 0 0
2.69388 2.87755 0 0
2.7551 2.87755 0 0
2.81633 2.87755 0 0
2.87755 2.87755 0 0
2.93878 2.87755 0 0
3 2.87755 0 0

0 2.93878 0 0
0.0612245 2.93878 0 0
0.122449 2.93878 0 0
0.183673 2.93878 0 0
0.244898 2.93878 0 0
0.306122 2.93878 0 0
0.367347 2.93878 0 0
0.428571 2.93878 0 0
0.489796 2.93878 0 0
0.55102 2.93878 0 0
0.612245 2.93878 0 0
0.673469 2.93878 0 0
0.734694 2.93878 0 0
0.795918 2.93878 0 0
0.857143 2.93878 0 0
0.918367 2.93878 0 0
0.979592 2.93878 0 0
1.04082 2.93878 0 0
1.10204 2.93878 0 0
1.16327 2.93878 0 0
1.22449 2.93878 0 0
1.28571 2.93878 0 0
1.34694 2.93878 0 0
1.40816 2.93878 0 0
1.46939 2.93878 0 0
1.53061 2.93878 0 0
1.59184 2.93878 0 0
1.65306 2.93878 0 0
1.71429 2.93878 0 0
1.77551 2.93878 0 0
1.83673 2.93878 0 0
1.89796 2.93878 0 0
1.95918 2.93878 0 0
2.02041 2.93878 0 0
2.08163 2.93878 0 0
2.14286 2.93878 0 0
2.20408 2.93878 0 0
2.26531 2.93878 0 0
2.32653 2.93878 0 0
2.38776 2.93878 0 0
2.44898 2.93878 0 0
2.5102 2.93878 0 0
2.57143 2.93878 0 0
2.63265 2.93878 0 0
2.69388 2.93878 0 0
2.7551 2.93878 0 0
2.81633 2.93878 0 0
2.87755 2.93878 0 0
2.93878 2.93878 0 0
3 2.93878 0 0

0 3 0 0
0.0612245 3 0 0
0.122449 3 0 0
0.183673 3 0 0
0.244898 3 0 0
0.306122 3 0 0
0.367347 3 0 0
0.428571 3 0 0
0.489796 3 0 0
0.55102 3 0 0
0.612245 3 0 0
0.673469 3 0 0
0.734694 3 0 0
0.795918 3 0 0
0.857143 3 0 0
0.918367 3 0 0
0.979592 3 0 0
1.04082 3 0 0
1.10204 3 0 0
1.16327 3 0 0
1.22449 3 0 0
1.28571 3 0 0
1.34694 3 0 0
1.40816 3 0 0
1.46939 3 0 0
1.53061 3 0 0
1.59184 3 0 0
1.65306 3 0 0
1.71429 3 0 0
1.77551 3 0 0
1.83673 3 0 0
1.89796 3 0 0
1.95918 3 0 0
2.02041 3 0 0
2.08163 3 0 0
2.14286 3 0 0
2.20408 3 0 0
2.26531 3 0 0
2.32653 3 0 0
2.38776 3 0 0
2.44898 3 0 0
2.5102 3 0 0
2.57143 3 0 0
2.63265 3 0 0
2.69388 3 0 0
2.7551 3 0 0
2.81633 3 0 0
2.87755 3 0 0
2.93878 3 0 0
3 3 0 0

